Time,ZW,ZZ,MaZ,MbZ,MaMb,MaMa,MbMb,RZ,MaR,MbR,RR,MaW,MbW,RW,generation,threshold,rM,releases,total_females
0,250,0,0,0,0,0,0,0,0,0,0,0,0,0,1,0.5,0,10,250
30,250.000322400697,0,0,0,0,0,0,0,0,0,0,0,0,0,2,0.5,0,10,250.000322400697
60,250.000090984018,0,0,0,0,0,0,0,0,0,0,0,0,0,3,0.5,0,10,250.000090984018
90,250.000018876751,0,0,0,0,0,0,0,0,0,0,0,0,0,4,0.5,0,10,250.000018876751
120,227.547734469097,0,0,0,0,0,0,0,0,0,0,25.6645611761443,25.6645611761443,0,5,0.5,0,10,278.8768568213856
150,172.577579743905,0,0,0,0,0,0,0,0,0,0,48.6698574122322,48.6698574122322,0,6,0.5,0,10,269.9172945683694
180,130.919625462246,0,0,0,0,0,0,0,0,0,0,59.8837964396256,59.8837964396256,0,7,0.5,0,10,250.68721834149719
210,99.0755894924188,0,0,0,0,0,0,0,0,0,0,65.3529199449191,65.3529199449191,0,8,0.5,0,10,229.781429382257
240,73.5261228682224,0,0,0,0,0,0,0,0,0,0,67.2730689952903,67.2730689952903,0,9,0.5,0,10,208.07226085880302
270,52.6251091092522,0,0,0,0,0,0,0,0,0,0,66.3171420171062,66.3171420171062,0,10,0.5,0,10,185.25939314346462
300,35.6756370573993,0,0,0,0,0,0,0,0,0,0,62.7931606973645,62.7931606973645,0,11,0.5,0,10,161.26195845212828
330,22.4164093736968,0,0,0,0,0,0,0,0,0,0,57.0047361813702,57.0047361813702,0,12,0.5,0,10,136.4258817364372
360,12.6989030439477,0,0,0,0,0,0,0,0,0,0,49.4741021436701,49.4741021436701,0,13,0.5,0,10,111.6471073312879
390,6.25230393097991,0,0,0,0,0,0,0,0,0,0,41.0808369405897,41.0808369405897,0,14,0.5,0,10,88.4139778121593
420,3.71547947389187,0,0,0,0,0,0,0,0,0,0,20.5796699435169,20.5796699435169,0,15,0.5,0,10,44.87481936092567
450,3.03205407082658,0,0,0,0,0,0,0,0,0,0,17.2680644413789,17.2680644413789,0,16,0.5,0,10,37.56818295358438
480,3.08499911703677,0,0,0,0,0,0,0,0,0,0,16.5230752791466,16.5230752791466,0,17,0.5,0,10,36.13114967532997
510,3.26892961102611,0,0,0,0,0,0,0,0,0,0,16.862817206073,16.862817206073,0,18,0.5,0,10,36.99456402317211
540,3.55915576064474,0,0,0,0,0,0,0,0,0,0,17.5307898347094,17.5307898347094,0,19,0.5,0,10,38.62073543006354
570,3.90394832199984,0,0,0,0,0,0,0,0,0,0,18.3516852421844,18.3516852421844,0,20,0.5,0,10,40.60731880636864
600,4.30597554816897,0,0,0,0,0,0,0,0,0,0,19.2740282067807,19.2740282067807,0,21,0.5,0,10,42.85403196173037
630,4.76691331362029,0,0,0,0,0,0,0,0,0,0,20.2705707018135,20.2705707018135,0,22,0.5,0,10,45.308054717247295
660,5.29616496533102,0,0,0,0,0,0,0,0,0,0,21.3438204137082,21.3438204137082,0,23,0.5,0,10,47.98380579274742
690,5.90555408080004,0,0,0,0,0,0,0,0,0,0,22.4943215926345,22.4943215926345,0,24,0.5,0,10,50.894197266069035
720,6.61036155195428,0,0,0,0,0,0,0,0,0,0,23.7281040278021,23.7281040278021,0,25,0.5,0,10,54.06656960755848
750,7.42962048598614,0,0,0,0,0,0,0,0,0,0,25.0504563299418,25.0504563299418,0,26,0.5,0,10,57.53053314586974
780,8.38707410086823,0,0,0,0,0,0,0,0,0,0,26.4672914064826,26.4672914064826,0,27,0.5,0,10,61.321656913833436
810,9.51248748829014,0,0,0,0,0,0,0,0,0,0,27.9838462681588,27.9838462681588,0,28,0.5,0,10,65.48018002460773
840,10.8433770775924,0,0,0,0,0,0,0,0,0,0,29.6043421229211,29.6043421229211,0,29,0.5,0,10,70.0520613234346
870,12.4273284508549,0,0,0,0,0,0,0,0,0,0,31.3309748382869,31.3309748382869,0,30,0.5,0,10,75.0892781274287
900,14.325047857908,0,0,0,0,0,0,0,0,0,0,33.1626059314592,33.1626059314592,0,31,0.5,0,10,80.6502597208264
930,16.6143852341392,0,0,0,0,0,0,0,0,0,0,35.0927572646425,35.0927572646425,0,32,0.5,0,10,86.79989976342421
960,19.3955771152498,0,0,0,0,0,0,0,0,0,0,37.1066881781763,37.1066881781763,0,33,0.5,0,10,93.6089534716024
990,22.7979557239117,0,0,0,0,0,0,0,0,0,0,39.1771620191284,39.1771620191284,0,34,0.5,0,10,101.1522797621685
1020,26.9882307612198,0,0,0,0,0,0,0,0,0,0,41.2584599859915,41.2584599859915,0,35,0.5,0,10,109.5051507332028
1050,32.1800291252583,0,0,0,0,0,0,0,0,0,0,43.2782041577134,43.2782041577134,0,36,0.5,0,10,118.7364374406851
1080,38.6433465554805,0,0,0,0,0,0,0,0,0,0,45.1268310987296,45.1268310987296,0,37,0.5,0,10,128.8970087529397
1110,46.7103674163136,0,0,0,0,0,0,0,0,0,0,46.6454679445351,46.6454679445351,0,38,0.5,0,10,140.0013033053838
1140,56.7699538730231,0,0,0,0,0,0,0,0,0,0,47.6151632266527,47.6151632266527,0,39,0.5,0,10,152.0002803263285
1170,69.2364521114027,0,0,0,0,0,0,0,0,0,0,47.7547605453797,47.7547605453797,0,40,0.5,0,10,164.7459732021621
1200,84.4708709566826,0,0,0,0,0,0,0,0,0,0,46.7413375661646,46.7413375661646,0,41,0.5,0,10,177.9535460890118
1230,102.631968515518,0,0,0,0,0,0,0,0,0,0,44.2727930425993,44.2727930425993,0,42,0.5,0,10,191.17755460071658
1260,123.460523900635,0,0,0,0,0,0,0,0,0,0,40.1856002080354,40.1856002080354,0,43,0.5,0,10,203.8317243167058
1290,146.073143387204,0,0,0,0,0,0,0,0,0,0,34.6039739948227,34.6039739948227,0,44,0.5,0,10,215.28109137684942
1320,168.937292846035,0,0,0,0,0,0,0,0,0,0,28.0311084315923,28.0311084315923,0,45,0.5,0,10,224.9995097092196
1350,190.191225886509,0,0,0,0,0,0,0,0,0,0,21.2647778540993,21.2647778540993,0,46,0.5,0,10,232.7207815947076
1380,208.240202534488,0,0,0,0,0,0,0,0,0,0,15.1232950986019,15.1232950986019,0,47,0.5,0,10,238.4867927316918
1410,222.269450336882,0,0,0,0,0,0,0,0,0,0,10.1494395530609,10.1494395530609,0,48,0.5,0,10,242.5683294430038
1440,232.343665395483,0,0,0,0,0,0,0,0,0,0,6.4940134884249,6.4940134884249,0,49,0.5,0,10,245.33169237233278
1470,239.11954814235,0,0,0,0,0,0,0,0,0,0,4.00732269602272,4.00732269602272,0,50,0.5,0,10,247.13419353439545
1500,243.452943091582,0,0,0,0,0,0,0,0,0,0,2.41026366894246,2.41026366894246,0,51,0.5,0,10,248.27347042946693
1530,246.124745554904,0,0,0,0,0,0,0,0,0,0,1.42509188312923,1.42509188312923,0,52,0.5,0,10,248.97492932116245
1560,247.731004783935,0,0,0,0,0,0,0,0,0,0,0.833453334498526,0.833453334498526,0,53,0.5,0,10,249.39791145293205
1590,248.680662173967,0,0,0,0,0,0,0,0,0,0,0.484171034695958,0.484171034695958,0,54,0.5,0,10,249.64900424335892
1620,249.236146219506,0,0,0,0,0,0,0,0,0,0,0.280130134302778,0.280130134302778,0,55,0.5,0,10,249.79640648811156
1650,249.558907772993,0,0,0,0,0,0,0,0,0,0,0.161689556610552,0.161689556610552,0,56,0.5,0,10,249.8822868862141
1680,249.745686303415,0,0,0,0,0,0,0,0,0,0,0.093195781720196,0.093195781720196,0,57,0.5,0,10,249.9320778668554
1710,249.853509727921,0,0,0,0,0,0,0,0,0,0,0.0536731750575999,0.0536731750575999,0,58,0.5,0,10,249.9608560780362
1740,249.915664088421,0,0,0,0,0,0,0,0,0,0,0.0308968265784391,0.0308968265784391,0,59,0.5,0,10,249.9774577415779
1770,249.951462301412,0,0,0,0,0,0,0,0,0,0,0.0177808466947924,0.0177808466947924,0,60,0.5,0,10,249.98702399480158
1800,249.972070302402,0,0,0,0,0,0,0,0,0,0,0.0102311149214365,0.0102311149214365,0,61,0.5,0,10,249.99253253224487
1830,249.983930319969,0,0,0,0,0,0,0,0,0,0,0.00588646141637165,0.00588646141637165,0,62,0.5,0,10,249.99570324280174
1860,249.990754686902,0,0,0,0,0,0,0,0,0,0,0.00338659358858648,0.00338659358858648,0,63,0.5,0,10,249.99752787407917
1890,249.994681114112,0,0,0,0,0,0,0,0,0,0,0.00194831367731702,0.00194831367731702,0,64,0.5,0,10,249.99857774146665
1920,249.996940074311,0,0,0,0,0,0,0,0,0,0,0.0011208492523188,0.0011208492523188,0,65,0.5,0,10,249.99918177281563
1950,249.998239662288,0,0,0,0,0,0,0,0,0,0,6.4480921518339e-4,6.4480921518339e-4,0,66,0.5,0,10,249.99952928071838
1980,249.998987306146,0,0,0,0,0,0,0,0,0,0,3.709477931745e-4,3.709477931745e-4,0,67,0.5,0,10,249.99972920173235
0,250,0,0,0,0,0,0,0,0,0,0,0,0,0,1,0.5,0,11,250
30,250.000322400697,0,0,0,0,0,0,0,0,0,0,0,0,0,2,0.5,0,11,250.000322400697
60,250.000090984018,0,0,0,0,0,0,0,0,0,0,0,0,0,3,0.5,0,11,250.000090984018
90,250.000018876751,0,0,0,0,0,0,0,0,0,0,0,0,0,4,0.5,0,11,250.000018876751
120,227.547734469097,0,0,0,0,0,0,0,0,0,0,25.6645611761443,25.6645611761443,0,5,0.5,0,11,278.8768568213856
150,172.577579743905,0,0,0,0,0,0,0,0,0,0,48.6698574122322,48.6698574122322,0,6,0.5,0,11,269.9172945683694
180,130.919625462246,0,0,0,0,0,0,0,0,0,0,59.8837964396256,59.8837964396256,0,7,0.5,0,11,250.68721834149719
210,99.0755894924188,0,0,0,0,0,0,0,0,0,0,65.3529199449191,65.3529199449191,0,8,0.5,0,11,229.781429382257
240,73.5261228682224,0,0,0,0,0,0,0,0,0,0,67.2730689952903,67.2730689952903,0,9,0.5,0,11,208.07226085880302
270,52.6251091092522,0,0,0,0,0,0,0,0,0,0,66.3171420171062,66.3171420171062,0,10,0.5,0,11,185.25939314346462
300,35.6756370573993,0,0,0,0,0,0,0,0,0,0,62.7931606973645,62.7931606973645,0,11,0.5,0,11,161.26195845212828
330,22.4164093736968,0,0,0,0,0,0,0,0,0,0,57.0047361813702,57.0047361813702,0,12,0.5,0,11,136.4258817364372
360,12.6989030439477,0,0,0,0,0,0,0,0,0,0,49.4741021436701,49.4741021436701,0,13,0.5,0,11,111.6471073312879
390,6.25230393097991,0,0,0,0,0,0,0,0,0,0,41.0808369405897,41.0808369405897,0,14,0.5,0,11,88.4139778121593
420,2.54559900779497,0,0,0,0,0,0,0,0,0,0,33.040887864803,33.040887864803,0,15,0.5,0,11,68.62737473740097
450,1.21768528054542,0,0,0,0,0,0,0,0,0,0,11.7445269535941,11.7445269535941,0,16,0.5,0,11,24.70673918773362
480,0.825186143342401,0,0,0,0,0,0,0,0,0,0,8.86916289889016,8.86916289889016,0,17,0.5,0,11,18.56351194112272
510,0.760943763262553,0,0,0,0,0,0,0,0,0,0,7.64293858849908,7.64293858849908,0,18,0.5,0,11,16.046820940260712
540,0.750573155023267,0,0,0,0,0,0,0,0,0,0,7.47723930548381,7.47723930548381,0,19,0.5,0,11,15.705051765990886
570,0.777722429711599,0,0,0,0,0,0,0,0,0,0,7.52611582920317,7.52611582920317,0,20,0.5,0,11,15.829954088117939
600,0.817076608498819,0,0,0,0,0,0,0,0,0,0,7.72549292700657,7.72549292700657,0,21,0.5,0,11,16.26806246251196
630,0.866242573435355,0,0,0,0,0,0,0,0,0,0,7.98195638525066,7.98195638525066,0,22,0.5,0,11,16.830155343936674
660,0.921569730299701,0,0,0,0,0,0,0,0,0,0,8.27482296678269,8.27482296678269,0,23,0.5,0,11,17.47121566386508
690,0.982772582974028,0,0,0,0,0,0,0,0,0,0,8.59218105942805,8.59218105942805,0,24,0.5,0,11,18.16713470183013
720,1.04966900382186,0,0,0,0,0,0,0,0,0,0,8.92957184011011,8.92957184011011,0,25,0.5,0,11,18.908812684042083
750,1.1226569054075,0,0,0,0,0,0,0,0,0,0,9.28623549445329,9.28623549445329,0,26,0.5,0,11,19.69512789431408
780,1.20227523517126,0,0,0,0,0,0,0,0,0,0,9.66223658239635,9.66223658239635,0,27,0.5,0,11,20.52674839996396
810,1.28923189095042,0,0,0,0,0,0,0,0,0,0,10.058614661879,10.058614661879,0,28,0.5,0,11,21.40646121470842
840,1.38435951312319,0,0,0,0,0,0,0,0,0,0,10.4766016805781,10.4766016805781,0,29,0.5,0,11,22.33756287427939
870,1.48862502179321,0,0,0,0,0,0,0,0,0,0,10.9177286827726,10.9177286827726,0,30,0.5,0,11,23.32408238733841
900,1.60314326400748,0,0,0,0,0,0,0,0,0,0,11.3836792996093,11.3836792996093,0,31,0.5,0,11,24.37050186322608
930,1.72919925753654,0,0,0,0,0,0,0,0,0,0,11.8763237002128,11.8763237002128,0,32,0.5,0,11,25.48184665796214
960,1.86827760628047,0,0,0,0,0,0,0,0,0,0,12.3977071293871,12.3977071293871,0,33,0.5,0,11,26.66369186505467
990,2.02209845154895,0,0,0,0,0,0,0,0,0,0,12.950070170988,12.950070170988,0,34,0.5,0,11,27.92223879352495
1020,2.19266188421677,0,0,0,0,0,0,0,0,0,0,13.5358634981339,13.5358634981339,0,35,0.5,0,11,29.264388880484567
1050,2.38230214806616,0,0,0,0,0,0,0,0,0,0,14.1577685847381,14.1577685847381,0,36,0.5,0,11,30.69783931754236
1080,2.59375427133372,0,0,0,0,0,0,0,0,0,0,14.8187188229114,14.8187188229114,0,37,0.5,0,11,32.23119191715652
1110,2.83023618273419,0,0,0,0,0,0,0,0,0,0,15.5219221995045,15.5219221995045,0,38,0.5,0,11,33.87408058174319
1140,3.09555046204574,0,0,0,0,0,0,0,0,0,0,16.2708842512063,16.2708842512063,0,39,0.5,0,11,35.637318964458345
1170,3.39421104675503,0,0,0,0,0,0,0,0,0,0,17.0694304912073,17.0694304912073,0,40,0.5,0,11,37.53307202916963
1200,3.731601877073,0,0,0,0,0,0,0,0,0,0,17.9217266952145,17.9217266952145,0,41,0.5,0,11,39.575055267501995
1230,4.11417663124759,0,0,0,0,0,0,0,0,0,0,18.8322946899053,18.8322946899053,0,42,0.5,0,11,41.77876601105819
1260,4.54971163038448,0,0,0,0,0,0,0,0,0,0,19.8060200332663,19.8060200332663,0,43,0.5,0,11,44.16175169691708
1290,5.04762792742565,0,0,0,0,0,0,0,0,0,0,20.8481461684214,20.8481461684214,0,44,0.5,0,11,46.74392026426845
1320,5.61940391548652,0,0,0,0,0,0,0,0,0,0,21.9642469595296,21.9642469595296,0,45,0.5,0,11,49.54789783454572
1350,6.27910699520399,0,0,0,0,0,0,0,0,0,0,23.1601655867278,23.1601655867278,0,46,0.5,0,11,52.59943816865959
1380,7.04408260201302,0,0,0,0,0,0,0,0,0,0,24.4419019927014,24.4419019927014,0,47,0.5,0,11,55.92788658741582
1410,7.9358520907445,0,0,0,0,0,0,0,0,0,0,25.8154225701722,25.8154225701722,0,48,0.5,0,11,59.566697231088895
1440,8.98128870627642,0,0,0,0,0,0,0,0,0,0,27.2863533050601,27.2863533050601,0,49,0.5,0,11,63.55399531639662
1470,10.2141643965572,0,0,0,0,0,0,0,0,0,0,28.8594993663569,28.8594993663569,0,50,0.5,0,11,67.933163129271
1500,11.6771907229109,0,0,0,0,0,0,0,0,0,0,30.5381077202123,30.5381077202123,0,51,0.5,0,11,72.7534061633355
1530,13.4247149849149,0,0,0,0,0,0,0,0,0,0,32.3227515920513,32.3227515920513,0,52,0.5,0,11,78.0702181690175
1560,15.5262758225759,0,0,0,0,0,0,0,0,0,0,34.20966293524,34.20966293524,0,53,0.5,0,11,83.94560169305589
1590,18.0712626069877,0,0,0,0,0,0,0,0,0,0,36.1882687159767,36.1882687159767,0,54,0.5,0,11,90.4478000389411
1620,21.1749369762308,0,0,0,0,0,0,0,0,0,0,38.2376003419425,38.2376003419425,0,55,0.5,0,11,97.6501376601158
1650,24.9860086112364,0,0,0,0,0,0,0,0,0,0,40.3211575880518,40.3211575880518,0,56,0.5,0,11,105.62832378734
1680,29.6956924688726,0,0,0,0,0,0,0,0,0,0,42.379766485735,42.379766485735,0,57,0.5,0,11,114.45522544034259
1710,35.54747168075,0,0,0,0,0,0,0,0,0,0,44.3220962858381,44.3220962858381,0,58,0.5,0,11,124.1916642524262
1740,42.8452063681131,0,0,0,0,0,0,0,0,0,0,46.0130629939388,46.0130629939388,0,59,0.5,0,11,134.87133235599072
1770,51.9540607043708,0,0,0,0,0,0,0,0,0,0,47.2618646045529,47.2618646045529,0,60,0.5,0,11,146.47778991347658
1800,63.2831965383304,0,0,0,0,0,0,0,0,0,0,47.8146669815966,47.8146669815966,0,61,0.5,0,11,158.9125305015236
1830,77.2315413675925,0,0,0,0,0,0,0,0,0,0,47.3626612553122,47.3626612553122,0,62,0.5,0,11,171.9568638782169
1860,94.0725776899267,0,0,0,0,0,0,0,0,0,0,45.5831234448845,45.5831234448845,0,63,0.5,0,11,185.2388245796957
1890,113.764918548119,0,0,0,0,0,0,0,0,0,0,42.2321007152099,42.2321007152099,0,64,0.5,0,11,198.2291199785388
1920,135.725808372358,0,0,0,0,0,0,0,0,0,0,37.2862423439069,37.2862423439069,0,65,0.5,0,11,210.29829306017177
1950,158.699064578827,0,0,0,0,0,0,0,0,0,0,31.0752552183114,31.0752552183114,0,66,0.5,0,11,220.8495750154498
1980,180.908608110158,0,0,0,0,0,0,0,0,0,0,24.2884018892711,24.2884018892711,0,67,0.5,0,11,229.4854118887002
0,250,0,0,0,0,0,0,0,0,0,0,0,0,0,1,0.5,0,12,250
30,250.000322400697,0,0,0,0,0,0,0,0,0,0,0,0,0,2,0.5,0,12,250.000322400697
60,250.000090984018,0,0,0,0,0,0,0,0,0,0,0,0,0,3,0.5,0,12,250.000090984018
90,250.000018876751,0,0,0,0,0,0,0,0,0,0,0,0,0,4,0.5,0,12,250.000018876751
120,227.547734469097,0,0,0,0,0,0,0,0,0,0,25.6645611761443,25.6645611761443,0,5,0.5,0,12,278.8768568213856
150,172.577579743905,0,0,0,0,0,0,0,0,0,0,48.6698574122322,48.6698574122322,0,6,0.5,0,12,269.9172945683694
180,130.919625462246,0,0,0,0,0,0,0,0,0,0,59.8837964396256,59.8837964396256,0,7,0.5,0,12,250.68721834149719
210,99.0755894924188,0,0,0,0,0,0,0,0,0,0,65.3529199449191,65.3529199449191,0,8,0.5,0,12,229.781429382257
240,73.5261228682224,0,0,0,0,0,0,0,0,0,0,67.2730689952903,67.2730689952903,0,9,0.5,0,12,208.07226085880302
270,52.6251091092522,0,0,0,0,0,0,0,0,0,0,66.3171420171062,66.3171420171062,0,10,0.5,0,12,185.25939314346462
300,35.6756370573993,0,0,0,0,0,0,0,0,0,0,62.7931606973645,62.7931606973645,0,11,0.5,0,12,161.26195845212828
330,22.4164093736968,0,0,0,0,0,0,0,0,0,0,57.0047361813702,57.0047361813702,0,12,0.5,0,12,136.4258817364372
360,12.6989030439477,0,0,0,0,0,0,0,0,0,0,49.4741021436701,49.4741021436701,0,13,0.5,0,12,111.6471073312879
390,6.25230393097991,0,0,0,0,0,0,0,0,0,0,41.0808369405897,41.0808369405897,0,14,0.5,0,12,88.4139778121593
420,2.54559900779497,0,0,0,0,0,0,0,0,0,0,33.040887864803,33.040887864803,0,15,0.5,0,12,68.62737473740097
450,0.801910630116643,0,0,0,0,0,0,0,0,0,0,26.621976082326,26.621976082326,0,16,0.5,0,12,54.045862794768645
480,0.275764723148747,0,0,0,0,0,0,0,0,0,0,5.41179684727204,5.41179684727204,0,17,0.5,0,12,11.099358417692827
510,0.135802006614932,0,0,0,0,0,0,0,0,0,0,3.26760212313636,3.26760212313636,0,18,0.5,0,12,6.6710062528876515
540,0.0985458363727291,0,0,0,0,0,0,0,0,0,0,2.18684244851809,2.18684244851809,0,19,0.5,0,12,4.472230733408909
570,0.0814503695595798,0,0,0,0,0,0,0,0,0,0,1.83427380120077,1.83427380120077,0,20,0.5,0,12,3.7499979719611196
600,0.0739653075715197,0,0,0,0,0,0,0,0,0,0,1.63253967303382,1.63253967303382,0,21,0.5,0,12,3.3390446536391596
630,0.0704149519117544,0,0,0,0,0,0,0,0,0,0,1.54286814956319,1.54286814956319,0,22,0.5,0,12,3.156151251038134
660,0.0693555514351742,0,0,0,0,0,0,0,0,0,0,1.50080687597619,1.50080687597619,0,23,0.5,0,12,3.070969303387554
690,0.0697318556631804,0,0,0,0,0,0,0,0,0,0,1.49283950994585,1.49283950994585,0,24,0.5,0,12,3.0554108755548803
720,0.0711291165937467,0,0,0,0,0,0,0,0,0,0,1.50517625589709,1.50517625589709,0,25,0.5,0,12,3.0814816283879267
750,0.0732390666551556,0,0,0,0,0,0,0,0,0,0,1.53211899183231,1.53211899183231,0,26,0.5,0,12,3.1374770503197755
780,0.0758970779189287,0,0,0,0,0,0,0,0,0,0,1.5692055775615,1.5692055775615,0,27,0.5,0,12,3.2143082330419284
810,0.0789855963352785,0,0,0,0,0,0,0,0,0,0,1.61383780598762,1.61383780598762,0,28,0.5,0,12,3.3066612083105182
840,0.0824316412692547,0,0,0,0,0,0,0,0,0,0,1.66416226682255,1.66416226682255,0,29,0.5,0,12,3.4107561749143547
870,0.0861856133356938,0,0,0,0,0,0,0,0,0,0,1.71895546651502,1.71895546651502,0,30,0.5,0,12,3.5240965463657337
900,0.0902164701660194,0,0,0,0,0,0,0,0,0,0,1.77737601366083,1.77737601366083,0,31,0.5,0,12,3.6449684974876795
930,0.0945054894406673,0,0,0,0,0,0,0,0,0,0,1.83886188087748,1.83886188087748,0,32,0.5,0,12,3.7722292511956272
960,0.0990432560482019,0,0,0,0,0,0,0,0,0,0,1.90304514606256,1.90304514606256,0,33,0.5,0,12,3.9051335481733216
990,0.103827132606454,0,0,0,0,0,0,0,0,0,0,1.96969615505024,1.96969615505024,0,34,0.5,0,12,4.043219442706934
1020,0.108859615920934,0,0,0,0,0,0,0,0,0,0,2.03868389794037,2.03868389794037,0,35,0.5,0,12,4.186227411801673
1050,0.114147120942961,0,0,0,0,0,0,0,0,0,0,2.10994735093962,2.10994735093962,0,36,0.5,0,12,4.3340418228222015
1080,0.119699136751684,0,0,0,0,0,0,0,0,0,0,2.1834754691988,2.1834754691988,0,37,0.5,0,12,4.486650075149284
1110,0.125527640047584,0,0,0,0,0,0,0,0,0,0,2.25929285801906,2.25929285801906,0,38,0.5,0,12,4.644113356085704
1140,0.131646704148811,0,0,0,0,0,0,0,0,0,0,2.33744989231002,2.33744989231002,0,39,0.5,0,12,4.806546488768851
1170,0.138072253744712,0,0,0,0,0,0,0,0,0,0,2.4180158881683,2.4180158881683,0,40,0.5,0,12,4.974104030081311
1200,0.144821928042872,0,0,0,0,0,0,0,0,0,0,2.50107453736679,2.50107453736679,0,41,0.5,0,12,5.146971002776453
1230,0.151915025474612,0,0,0,0,0,0,0,0,0,0,2.58672091529576,2.58672091529576,0,42,0.5,0,12,5.325356856066133
1260,0.159372509775139,0,0,0,0,0,0,0,0,0,0,2.67505960834764,2.67505960834764,0,43,0.5,0,12,5.509491726470419
1290,0.167217063386335,0,0,0,0,0,0,0,0,0,0,2.76620361529308,2.76620361529308,0,44,0.5,0,12,5.699624293972495
1320,0.175473178323247,0,0,0,0,0,0,0,0,0,0,2.86027378649473,2.86027378649473,0,45,0.5,0,12,5.896020751312707
1350,0.184167278106568,0,0,0,0,0,0,0,0,0,0,2.95739863388262,2.95739863388262,0,46,0.5,0,12,6.098964545871809
1380,0.193327866869286,0,0,0,0,0,0,0,0,0,0,3.05771439894848,3.05771439894848,0,47,0.5,0,12,6.308756664766245
1410,0.202985703694267,0,0,0,0,0,0,0,0,0,0,3.16136530310462,3.16136530310462,0,48,0.5,0,12,6.525716309903507
1440,0.213174001701835,0,0,0,0,0,0,0,0,0,0,3.26850393136033,3.26850393136033,0,49,0.5,0,12,6.750181864422495
1470,0.223928652551421,0,0,0,0,0,0,0,0,0,0,3.37929171848302,3.37929171848302,0,50,0.5,0,12,6.982512089517461
1500,0.235288477939015,0,0,0,0,0,0,0,0,0,0,3.49389951934523,3.49389951934523,0,51,0.5,0,12,7.223087516629475
1530,0.24729551045167,0,0,0,0,0,0,0,0,0,0,3.61250825365403,3.61250825365403,0,52,0.5,0,12,7.472312017759729
1560,0.259995306844462,0,0,0,0,0,0,0,0,0,0,3.73530962103076,3.73530962103076,0,53,0.5,0,12,7.730614548905982
1590,0.273437297486436,0,0,0,0,0,0,0,0,0,0,3.86250688635996,3.86250688635996,0,54,0.5,0,12,7.998451070206356
1620,0.287675176421244,0,0,0,0,0,0,0,0,0,0,3.9943157380973,3.9943157380973,0,55,0.5,0,12,8.276306652615844
1650,0.302767337240304,0,0,0,0,0,0,0,0,0,0,4.13096522425735,4.13096522425735,0,56,0.5,0,12,8.564697785755005
1680,0.318777360802422,0,0,0,0,0,0,0,0,0,0,4.27269877239236,4.27269877239236,0,57,0.5,0,12,8.864174905587141
1710,0.335774561783631,0,0,0,0,0,0,0,0,0,0,4.41977530122379,4.41977530122379,0,58,0.5,0,12,9.175325164231213
1740,0.353834602134913,0,0,0,0,0,0,0,0,0,0,4.5724704328365,4.5724704328365,0,59,0.5,0,12,9.498775467807913
1770,0.373040180796743,0,0,0,0,0,0,0,0,0,0,4.7310778155818,4.7310778155818,0,60,0.5,0,12,9.835195811960343
1800,0.39348181050545,0,0,0,0,0,0,0,0,0,0,4.89591056912607,4.89591056912607,0,61,0.5,0,12,10.18530294875759
1830,0.415258694271241,0,0,0,0,0,0,0,0,0,0,5.06730286447227,5.06730286447227,0,62,0.5,0,12,10.549864423215782
1860,0.438479716163437,0,0,0,0,0,0,0,0,0,0,5.24561165331079,5.24561165331079,0,63,0.5,0,12,10.929703022785016
1890,0.463264563467854,0,0,0,0,0,0,0,0,0,0,5.43121856275531,5.43121856275531,0,64,0.5,0,12,11.325701688978475
1920,0.489745000160352,0,0,0,0,0,0,0,0,0,0,5.62453197341696,5.62453197341696,0,65,0.5,0,12,11.738808946994272
1950,0.518066315062068,0,0,0,0,0,0,0,0,0,0,5.82598930089735,5.82598930089735,0,66,0.5,0,12,12.170044916856767
1980,0.548388972119295,0,0,0,0,0,0,0,0,0,0,6.03605950316574,6.03605950316574,0,67,0.5,0,12,12.620507978450775
0,250,0,0,0,0,0,0,0,0,0,0,0,0,0,1,0.5,0,13,250
30,250.000322400697,0,0,0,0,0,0,0,0,0,0,0,0,0,2,0.5,0,13,250.000322400697
60,250.000090984018,0,0,0,0,0,0,0,0,0,0,0,0,0,3,0.5,0,13,250.000090984018
90,250.000018876751,0,0,0,0,0,0,0,0,0,0,0,0,0,4,0.5,0,13,250.000018876751
120,227.547734469097,0,0,0,0,0,0,0,0,0,0,25.6645611761443,25.6645611761443,0,5,0.5,0,13,278.8768568213856
150,172.577579743905,0,0,0,0,0,0,0,0,0,0,48.6698574122322,48.6698574122322,0,6,0.5,0,13,269.9172945683694
180,130.919625462246,0,0,0,0,0,0,0,0,0,0,59.8837964396256,59.8837964396256,0,7,0.5,0,13,250.68721834149719
210,99.0755894924188,0,0,0,0,0,0,0,0,0,0,65.3529199449191,65.3529199449191,0,8,0.5,0,13,229.781429382257
240,73.5261228682224,0,0,0,0,0,0,0,0,0,0,67.2730689952903,67.2730689952903,0,9,0.5,0,13,208.07226085880302
270,52.6251091092522,0,0,0,0,0,0,0,0,0,0,66.3171420171062,66.3171420171062,0,10,0.5,0,13,185.25939314346462
300,35.6756370573993,0,0,0,0,0,0,0,0,0,0,62.7931606973645,62.7931606973645,0,11,0.5,0,13,161.26195845212828
330,22.4164093736968,0,0,0,0,0,0,0,0,0,0,57.0047361813702,57.0047361813702,0,12,0.5,0,13,136.4258817364372
360,12.6989030439477,0,0,0,0,0,0,0,0,0,0,49.4741021436701,49.4741021436701,0,13,0.5,0,13,111.6471073312879
390,6.25230393097991,0,0,0,0,0,0,0,0,0,0,41.0808369405897,41.0808369405897,0,14,0.5,0,13,88.4139778121593
420,2.54559900779497,0,0,0,0,0,0,0,0,0,0,33.040887864803,33.040887864803,0,15,0.5,0,13,68.62737473740097
450,0.801910630116643,0,0,0,0,0,0,0,0,0,0,26.621976082326,26.621976082326,0,16,0.5,0,13,54.045862794768645
480,0.180755951330591,0,0,0,0,0,0,0,0,0,0,22.6030549023949,22.6030549023949,0,17,0.5,0,13,45.386865756120386
510,0.0401291676919299,0,0,0,0,0,0,0,0,0,0,2.29484145630823,2.29484145630823,0,18,0.5,0,13,4.62981208030839
540,0.0119970327210005,0,0,0,0,0,0,0,0,0,0,0.753106250422595,0.753106250422595,0,19,0.5,0,13,1.5182095335661905
570,0.00446803854865244,0,0,0,0,0,0,0,0,0,0,0.292380232478685,0.292380232478685,0,20,0.5,0,13,0.5892285035060224
600,0.001996591245475,0,0,0,0,0,0,0,0,0,0,0.126166567621266,0.126166567621266,0,21,0.5,0,13,0.254329726488007
630,9.2179725876889e-4,0,0,0,0,0,0,0,0,0,0,0.0588288112295548,0.0588288112295548,0,22,0.5,0,13,0.11857941971787848
660,4.4097422431118e-4,0,0,0,0,0,0,0,0,0,0,0.0279259234576362,0.0279259234576362,0,23,0.5,0,13,0.05629282113958358
690,2.1360523259819e-4,0,0,0,0,0,0,0,0,0,0,0.013500207709699,0.013500207709699,0,24,0.5,0,13,0.027214020651996188
720,1.0444854042066e-4,0,0,0,0,0,0,0,0,0,0,0.00657742382318996,0.00657742382318996,0,25,0.5,0,13,0.01325929618680058
750,5.13814698650269e-5,0,0,0,0,0,0,0,0,0,0,0.00322504124106072,0.00322504124106072,0,26,0.5,0,13,0.006501463951986467
780,2.53964529307405e-5,0,0,0,0,0,0,0,0,0,0,0.00158873116777423,0.00158873116777423,0,27,0.5,0,13,0.0032028587884792006
810,1.26048610900586e-5,0,0,0,0,0,0,0,0,0,0,7.858728595346e-4,7.858728595346e-4,0,28,0.5,0,13,0.0015843505801592587
840,6.27999700983149e-6,0,0,0,0,0,0,0,0,0,0,3.902201275414e-4,3.902201275414e-4,0,29,0.5,0,13,7.867202520926315e-4
870,3.14038370201632e-6,0,0,0,0,0,0,0,0,0,0,1.9447311883025e-4,1.9447311883025e-4,0,30,0.5,0,13,3.9208662136251633e-4
900,1.57608665527856e-6,0,0,0,0,0,0,0,0,0,0,9.72698760390412e-5,9.72698760390412e-5,0,31,0.5,0,13,1.9611583873336096e-4
930,7.93859905892596e-7,0,0,0,0,0,0,0,0,0,0,4.88266131824328e-5,4.88266131824328e-5,0,32,0.5,0,13,9.844708627075818e-5
960,4.01304160483309e-7,0,0,0,0,0,0,0,0,0,0,2.45976975105881e-5,2.45976975105881e-5,0,33,0.5,0,13,4.9596699181659514e-5
990,2.03598045100217e-7,0,0,0,0,0,0,0,0,0,0,1.24364326470661e-5,1.24364326470661e-5,0,34,0.5,0,13,2.5076463339232414e-5
1020,1.03669223393214e-7,0,0,0,0,0,0,0,0,0,0,6.31054469424027e-6,6.31054469424027e-6,0,35,0.5,0,13,1.2724758611873754e-5
1050,5.29797182203857e-8,0,0,0,0,0,0,0,0,0,0,3.21376947400674e-6,3.21376947400674e-6,0,36,0.5,0,13,6.4805186662338656e-6
1080,2.71744546438643e-8,0,0,0,0,0,0,0,0,0,0,1.6426582760859e-6,1.6426582760859e-6,0,37,0.5,0,13,3.312491006815664e-6
1110,1.39898026805148e-8,0,0,0,0,0,0,0,0,0,0,8.4269898089804e-7,8.4269898089804e-7,0,38,0.5,0,13,1.6993877644765948e-6
1140,7.228867592995361e-9,0,0,0,0,0,0,0,0,0,0,4.33909101904256e-7,4.33909101904256e-7,0,39,0.5,0,13,8.750470714015074e-7
1170,3.74925856929794e-9,0,0,0,0,0,0,0,0,0,0,2.24251085333298e-7,2.24251085333298e-7,0,40,0.5,0,13,4.5225142923589395e-7
1200,1.9518461464987e-9,0,0,0,0,0,0,0,0,0,0,1.16329112028047e-7,1.16329112028047e-7,0,41,0.5,0,13,2.346100702025927e-7
1230,1.0199515872011101e-9,0,0,0,0,0,0,0,0,0,0,6.0571593456187e-8,6.0571593456187e-8,0,42,0.5,0,13,1.2216313849957511e-7
1260,5.35002897419919e-10,0,0,0,0,0,0,0,0,0,0,3.16581156010824e-8,3.16581156010824e-8,0,43,0.5,0,13,6.385123409958472e-8
1290,2.81698288308748e-10,0,0,0,0,0,0,0,0,0,0,1.66090745484293e-8,1.66090745484293e-8,0,44,0.5,0,13,3.3499847385167345e-8
1320,1.48892480470991e-10,0,0,0,0,0,0,0,0,0,0,8.746998285023331e-9,8.746998285023331e-9,0,45,0.5,0,13,1.7642889050517653e-8
1350,7.9000688483487e-11,0,0,0,0,0,0,0,0,0,0,4.62418167282214e-9,4.62418167282214e-9,0,46,0.5,0,13,9.327364034127768e-9
1380,4.2079221756235394e-11,0,0,0,0,0,0,0,0,0,0,2.45404242890237e-9,2.45404242890237e-9,0,47,0.5,0,13,4.950164079560976e-9
1410,2.2500516082163e-11,0,0,0,0,0,0,0,0,0,0,1.3074038448016602e-9,1.3074038448016602e-9,0,48,0.5,0,13,2.6373082056854834e-9
1440,1.2078543047988099e-11,0,0,0,0,0,0,0,0,0,0,6.99241550778788e-10,6.99241550778788e-10,0,49,0.5,0,13,1.410561644605564e-9
1470,6.50943567108612e-12,0,0,0,0,0,0,0,0,0,0,3.75442844783552e-10,3.75442844783552e-10,0,50,0.5,0,13,7.573951252381902e-10
1500,3.52199194808706e-12,0,0,0,0,0,0,0,0,0,0,2.02380664742486e-10,2.02380664742486e-10,0,51,0.5,0,13,4.0828332143305904e-10
1530,1.91319491094319e-12,0,0,0,0,0,0,0,0,0,0,1.09524763381571e-10,1.09524763381571e-10,0,52,0.5,0,13,2.209627216740852e-10
1560,1.04343551731398e-12,0,0,0,0,0,0,0,0,0,0,5.950909957913e-11,5.950909957913e-11,0,53,0.5,0,13,1.2006163467557396e-10
1590,5.71369890495229e-13,0,0,0,0,0,0,0,0,0,0,3.2463243482814494e-11,3.2463243482814494e-11,0,54,0.5,0,13,6.549785685612421e-11
1620,3.14140777934983e-13,0,0,0,0,0,0,0,0,0,0,1.77806541034725e-11,1.77806541034725e-11,0,55,0.5,0,13,3.5875448984879985e-11
1650,1.73418928515107e-13,0,0,0,0,0,0,0,0,0,0,9.77824171711107e-12,9.77824171711107e-12,0,56,0.5,0,13,1.9729902362737246e-11
1680,9.61266906105789e-14,0,0,0,0,0,0,0,0,0,0,5.39934439353433e-12,5.39934439353433e-12,0,57,0.5,0,13,1.0894815477679239e-11
1710,5.35028580171744e-14,0,0,0,0,0,0,0,0,0,0,2.99363349742369e-12,2.99363349742369e-12,0,58,0.5,0,13,6.040769852864554e-12
1740,2.99023804515524e-14,0,0,0,0,0,0,0,0,0,0,1.6666476114468498e-12,1.6666476114468498e-12,0,59,0.5,0,13,3.363197603345252e-12
1770,1.67818845441713e-14,0,0,0,0,0,0,0,0,0,0,9.31722986684416e-13,9.31722986684416e-13,0,60,0.5,0,13,1.880227857913003e-12
1800,9.457849091051682e-15,0,0,0,0,0,0,0,0,0,0,5.23043884281991e-13,5.23043884281991e-13,0,61,0.5,0,13,1.0555456176550338e-12
1830,5.352680519585341e-15,0,0,0,0,0,0,0,0,0,0,2.94854842884802e-13,2.94854842884802e-13,0,62,0.5,0,13,5.950623662891894e-13
1860,3.0422035671581603e-15,0,0,0,0,0,0,0,0,0,0,1.6691979926678998e-13,1.6691979926678998e-13,0,63,0.5,0,13,3.368818021007381e-13
1890,1.7364170806201702e-15,0,0,0,0,0,0,0,0,0,0,9.4895940696014e-14,9.4895940696014e-14,0,64,0.5,0,13,1.9152829847264818e-13
1920,9.95358642702784e-16,0,0,0,0,0,0,0,0,0,0,5.41799327036182e-14,5.41799327036182e-14,0,65,0.5,0,13,1.0935522404993919e-13
1950,5.73028136242998e-16,0,0,0,0,0,0,0,0,0,0,3.10664261081681e-14,3.10664261081681e-14,0,66,0.5,0,13,6.27058803525792e-14
1980,3.31325053310461e-16,0,0,0,0,0,0,0,0,0,0,1.7890283060626e-14,1.7890283060626e-14,0,67,0.5,0,13,3.611189117456246e-14
0,250,0,0,0,0,0,0,0,0,0,0,0,0,0,1,0.5,0,14,250
30,250.000322400697,0,0,0,0,0,0,0,0,0,0,0,0,0,2,0.5,0,14,250.000322400697
60,250.000090984018,0,0,0,0,0,0,0,0,0,0,0,0,0,3,0.5,0,14,250.000090984018
90,250.000018876751,0,0,0,0,0,0,0,0,0,0,0,0,0,4,0.5,0,14,250.000018876751
120,227.547734469097,0,0,0,0,0,0,0,0,0,0,25.6645611761443,25.6645611761443,0,5,0.5,0,14,278.8768568213856
150,172.577579743905,0,0,0,0,0,0,0,0,0,0,48.6698574122322,48.6698574122322,0,6,0.5,0,14,269.9172945683694
180,130.919625462246,0,0,0,0,0,0,0,0,0,0,59.8837964396256,59.8837964396256,0,7,0.5,0,14,250.68721834149719
210,99.0755894924188,0,0,0,0,0,0,0,0,0,0,65.3529199449191,65.3529199449191,0,8,0.5,0,14,229.781429382257
240,73.5261228682224,0,0,0,0,0,0,0,0,0,0,67.2730689952903,67.2730689952903,0,9,0.5,0,14,208.07226085880302
270,52.6251091092522,0,0,0,0,0,0,0,0,0,0,66.3171420171062,66.3171420171062,0,10,0.5,0,14,185.25939314346462
300,35.6756370573993,0,0,0,0,0,0,0,0,0,0,62.7931606973645,62.7931606973645,0,11,0.5,0,14,161.26195845212828
330,22.4164093736968,0,0,0,0,0,0,0,0,0,0,57.0047361813702,57.0047361813702,0,12,0.5,0,14,136.4258817364372
360,12.6989030439477,0,0,0,0,0,0,0,0,0,0,49.4741021436701,49.4741021436701,0,13,0.5,0,14,111.6471073312879
390,6.25230393097991,0,0,0,0,0,0,0,0,0,0,41.0808369405897,41.0808369405897,0,14,0.5,0,14,88.4139778121593
420,2.54559900779497,0,0,0,0,0,0,0,0,0,0,33.040887864803,33.040887864803,0,15,0.5,0,14,68.62737473740097
450,0.801910630116643,0,0,0,0,0,0,0,0,0,0,26.621976082326,26.621976082326,0,16,0.5,0,14,54.045862794768645
480,0.180755951330591,0,0,0,0,0,0,0,0,0,0,22.6030549023949,22.6030549023949,0,17,0.5,0,14,45.386865756120386
510,0.0277399221870659,0,0,0,0,0,0,0,0,0,0,20.798235760923,20.798235760923,0,18,0.5,0,14,41.624211444033065
540,0.00403862746421837,0,0,0,0,0,0,0,0,0,0,1.37638352963306,1.37638352963306,0,19,0.5,0,14,2.7568056867303383
570,7.6419989552601e-4,0,0,0,0,0,0,0,0,0,0,0.151534007583652,0.151534007583652,0,20,0.5,0,14,0.30383221506283
600,1.1556745729477e-4,0,0,0,0,0,0,0,0,0,0,0.0257220016687039,0.0257220016687039,0,21,0.5,0,14,0.05155957079470257
630,1.74488069541946e-5,0,0,0,0,0,0,0,0,0,0,0.00417752871528723,0.00417752871528723,0,22,0.5,0,14,0.008372506237528655
660,2.75390593057878e-6,0,0,0,0,0,0,0,0,0,0,6.536414813278e-4,6.536414813278e-4,0,23,0.5,0,14,0.0013100368685861788
690,4.3789929389496e-7,0,0,0,0,0,0,0,0,0,0,1.0293873974325e-4,1.0293873974325e-4,0,24,0.5,0,14,2.0631537878039495e-4
720,6.94102945052927e-8,0,0,0,0,0,0,0,0,0,0,1.63063526905571e-5,1.63063526905571e-5,0,25,0.5,0,14,3.26821156756195e-5
750,1.09942184968732e-8,0,0,0,0,0,0,0,0,0,0,2.5840266672958e-6,2.5840266672958e-6,0,26,0.5,0,14,5.179047553088473e-6
780,1.74252827976331e-9,0,0,0,0,0,0,0,0,0,0,4.09388595871975e-7,4.09388595871975e-7,0,27,0.5,0,14,8.205197200237134e-7
810,2.76322190858927e-10,0,0,0,0,0,0,0,0,0,0,6.48782602050431e-8,6.48782602050431e-8,0,28,0.5,0,14,1.3003284260094512e-7
840,4.38329530202001e-11,0,0,0,0,0,0,0,0,0,0,1.02858896074099e-8,1.02858896074099e-8,0,29,0.5,0,14,2.061561216784e-8
870,6.955564989452429e-12,0,0,0,0,0,0,0,0,0,0,1.6313425110529501e-9,1.6313425110529501e-9,0,30,0.5,0,14,3.2696405870953526e-9
900,1.10412577177718e-12,0,0,0,0,0,0,0,0,0,0,2.58821901210741e-10,2.58821901210741e-10,0,31,0.5,0,14,5.187479281932592e-10
930,1.75331701269291e-13,0,0,0,0,0,0,0,0,0,0,4.10781358150598e-11,4.10781358150598e-11,0,32,0.5,0,14,8.233160333138889e-11
960,2.78520761808268e-14,0,0,0,0,0,0,0,0,0,0,6.52191982519266e-12,6.52191982519266e-12,0,33,0.5,0,14,1.3071691726566147e-11
990,4.42598446106256e-15,0,0,0,0,0,0,0,0,0,0,1.03584642340639e-12,1.03584642340639e-12,0,34,0.5,0,14,2.0761188312738426e-12
1020,7.03586657128043e-16,0,0,0,0,0,0,0,0,0,0,1.64577522840021e-13,1.64577522840021e-13,0,35,0.5,0,14,3.2985863233717e-13
1050,1.11887326621331e-16,0,0,0,0,0,0,0,0,0,0,2.6157790505654e-14,2.6157790505654e-14,0,36,0.5,0,14,5.242746833792933e-14
1080,1.7799178287481802e-17,0,0,0,0,0,0,0,0,0,0,4.15898308202456e-15,4.15898308202456e-15,0,37,0.5,0,14,8.335765342336602e-15
1110,2.8325326458560797e-18,0,0,0,0,0,0,0,0,0,0,6.61498673088222e-16,6.61498673088222e-16,0,38,0.5,0,14,1.3258298788223e-15
1140,4.50926723400345e-19,0,0,0,0,0,0,0,0,0,0,1.05251111657927e-16,1.05251111657927e-16,0,39,0.5,0,14,2.1095315003925434e-16
1170,7.181137923604269e-20,0,0,0,0,0,0,0,0,0,0,1.6752532164687802e-17,1.6752532164687802e-17,0,40,0.5,0,14,3.357687570861165e-17
1200,1.1440288376960099e-20,0,0,0,0,0,0,0,0,0,0,2.6674141401626e-18,2.6674141401626e-18,0,41,0.5,0,14,5.34626856870216e-18
1230,1.82321233705174e-21,0,0,0,0,0,0,0,0,0,0,4.2487073951673896e-19,4.2487073951673896e-19,0,42,0.5,0,14,8.515646913705296e-19
1260,2.90666024516661e-22,0,0,0,0,0,0,0,0,0,0,6.76986091969028e-20,6.76986091969028e-20,0,43,0.5,0,14,1.3568788441832224e-19
1290,4.6356239452545896e-23,0,0,0,0,0,0,0,0,0,0,1.0790942708529999e-20,1.0790942708529999e-20,0,44,0.5,0,14,2.1628241656512543e-20
1320,7.39569849376527e-24,0,0,0,0,0,0,0,0,0,0,1.72066335330019e-21,1.72066335330019e-21,0,45,0.5,0,14,3.448722405094145e-21
1350,1.18034084981817e-24,0,0,0,0,0,0,0,0,0,0,2.74466585949517e-22,2.74466585949517e-22,0,46,0.5,0,14,5.501135127488521e-22
1380,1.88448673425056e-25,0,0,0,0,0,0,0,0,0,0,4.3796586856358894e-23,4.3796586856358894e-23,0,47,0.5,0,14,8.778162238614284e-23
1410,3.0097907676654396e-26,0,0,0,0,0,0,0,0,0,0,6.99114701662254e-24,6.99114701662254e-24,0,48,0.5,0,14,1.4012391940921735e-23
1440,4.80880612883753e-27,0,0,0,0,0,0,0,0,0,0,1.1163854121799401e-24,1.1163854121799401e-24,0,49,0.5,0,14,2.2375796304887177e-24
1470,7.68592497375348e-28,0,0,0,0,0,0,0,0,0,0,1.7833541134182899e-25,1.7833541134182899e-25,0,50,0.5,0,14,3.5743941518103333e-25
1500,1.22889022792717e-28,0,0,0,0,0,0,0,0,0,0,2.84982969565242e-26,2.84982969565242e-26,0,51,0.5,0,14,5.711948293584112e-26
1530,1.9655689673139e-29,0,0,0,0,0,0,0,0,0,0,4.55573317834255e-27,4.55573317834255e-27,0,52,0.5,0,14,9.131122046358239e-27
1560,3.1450090371678897e-30,0,0,0,0,0,0,0,0,0,0,7.285441483725069e-28,7.285441483725069e-28,0,53,0.5,0,14,1.4602333057821817e-27
1590,5.0340102151524495e-31,0,0,0,0,0,0,0,0,0,0,1.1654988745417398e-28,1.1654988745417398e-28,0,54,0.5,0,14,2.3360317592986324e-28
1620,8.0605567594241805e-32,0,0,0,0,0,0,0,0,0,0,1.8652042733466e-29,1.8652042733466e-29,0,55,0.5,0,14,3.738469103452624e-29
1650,1.29114468339882e-32,0,0,0,0,0,0,0,0,0,0,2.9860678633637198e-30,2.9860678633637198e-30,0,56,0.5,0,14,5.9850471735614275e-30
1680,2.0689208429291e-33,0,0,0,0,0,0,0,0,0,0,4.7822452387096095e-31,4.7822452387096095e-31,0,57,0.5,0,14,9.58517968584851e-31
1710,3.3164396704552698e-34,0,0,0,0,0,0,0,0,0,0,7.66166363200929e-32,7.66166363200929e-32,0,58,0.5,0,14,1.5356491660723133e-31
1740,5.318139946457779e-35,0,0,0,0,0,0,0,0,0,0,1.22792985192206e-32,1.22792985192206e-32,0,59,0.5,0,14,2.4611778437905776e-32
1770,8.531139157850399e-36,0,0,0,0,0,0,0,0,0,0,1.96871768470173e-33,1.96871768470173e-33,0,60,0.5,0,14,3.94596650856131e-33
1800,1.36903347115933e-36,0,0,0,0,0,0,0,0,0,0,3.15756941812223e-34,3.15756941812223e-34,0,61,0.5,0,14,6.328829170956053e-34
1830,2.19776399038898e-37,0,0,0,0,0,0,0,0,0,0,5.066197573846519e-35,5.066197573846519e-35,0,62,0.5,0,14,1.0154372787596928e-34
1860,3.52945914600108e-38,0,0,0,0,0,0,0,0,0,0,8.13151112101083e-36,8.13151112101083e-36,0,63,0.5,0,14,1.629831683348167e-35
1890,5.6701631602099996e-39,0,0,0,0,0,0,0,0,0,0,1.3056311169402299e-36,1.3056311169402299e-36,0,64,0.5,0,14,2.6169323970406696e-36
1920,9.112623264682109e-40,0,0,0,0,0,0,0,0,0,0,2.09715239058854e-37,2.09715239058854e-37,0,65,0.5,0,14,4.203417404441762e-37
1950,1.46504819564752e-40,0,0,0,0,0,0,0,0,0,0,3.36976741251116e-38,3.36976741251116e-38,0,66,0.5,0,14,6.754185306978796e-38
1980,2.35624918178101e-41,0,0,0,0,0,0,0,0,0,0,5.41664624884226e-39,5.41664624884226e-39,0,67,0.5,0,14,1.0856854989502329e-38
0,250,0,0,0,0,0,0,0,0,0,0,0,0,0,1,0.5,0,15,250
30,250.000322400697,0,0,0,0,0,0,0,0,0,0,0,0,0,2,0.5,0,15,250.000322400697
60,250.000090984018,0,0,0,0,0,0,0,0,0,0,0,0,0,3,0.5,0,15,250.000090984018
90,250.000018876751,0,0,0,0,0,0,0,0,0,0,0,0,0,4,0.5,0,15,250.000018876751
120,227.547734469097,0,0,0,0,0,0,0,0,0,0,25.6645611761443,25.6645611761443,0,5,0.5,0,15,278.8768568213856
150,172.577579743905,0,0,0,0,0,0,0,0,0,0,48.6698574122322,48.6698574122322,0,6,0.5,0,15,269.9172945683694
180,130.919625462246,0,0,0,0,0,0,0,0,0,0,59.8837964396256,59.8837964396256,0,7,0.5,0,15,250.68721834149719
210,99.0755894924188,0,0,0,0,0,0,0,0,0,0,65.3529199449191,65.3529199449191,0,8,0.5,0,15,229.781429382257
240,73.5261228682224,0,0,0,0,0,0,0,0,0,0,67.2730689952903,67.2730689952903,0,9,0.5,0,15,208.07226085880302
270,52.6251091092522,0,0,0,0,0,0,0,0,0,0,66.3171420171062,66.3171420171062,0,10,0.5,0,15,185.25939314346462
300,35.6756370573993,0,0,0,0,0,0,0,0,0,0,62.7931606973645,62.7931606973645,0,11,0.5,0,15,161.26195845212828
330,22.4164093736968,0,0,0,0,0,0,0,0,0,0,57.0047361813702,57.0047361813702,0,12,0.5,0,15,136.4258817364372
360,12.6989030439477,0,0,0,0,0,0,0,0,0,0,49.4741021436701,49.4741021436701,0,13,0.5,0,15,111.6471073312879
390,6.25230393097991,0,0,0,0,0,0,0,0,0,0,41.0808369405897,41.0808369405897,0,14,0.5,0,15,88.4139778121593
420,2.54559900779497,0,0,0,0,0,0,0,0,0,0,33.040887864803,33.040887864803,0,15,0.5,0,15,68.62737473740097
450,0.801910630116643,0,0,0,0,0,0,0,0,0,0,26.621976082326,26.621976082326,0,16,0.5,0,15,54.045862794768645
480,0.180755951330591,0,0,0,0,0,0,0,0,0,0,22.6030549023949,22.6030549023949,0,17,0.5,0,15,45.386865756120386
510,0.0277399221870659,0,0,0,0,0,0,0,0,0,0,20.798235760923,20.798235760923,0,18,0.5,0,15,41.624211444033065
540,0.00304759775584732,0,0,0,0,0,0,0,0,0,0,20.2642076326665,20.2642076326665,0,19,0.5,0,15,40.53146286308885
570,3.3388651376545e-4,0,0,0,0,0,0,0,0,0,0,1.2125862740213,1.2125862740213,0,20,0.5,0,15,2.4255064345563655
600,4.93236689266259e-5,0,0,0,0,0,0,0,0,0,0,0.0773955724230966,0.0773955724230966,0,21,0.5,0,15,0.15484046851511982
630,5.46319618648197e-6,0,0,0,0,0,0,0,0,0,0,0.00565118443688107,0.00565118443688107,0,22,0.5,0,15,0.011307832069948622
660,5.00231244902852e-7,0,0,0,0,0,0,0,0,0,0,4.5556330301248e-4,4.5556330301248e-4,0,23,0.5,0,15,9.116268372698628e-4
690,4.23808401148108e-8,0,0,0,0,0,0,0,0,0,0,3.80653558004493e-5,3.80653558004493e-5,0,24,0.5,0,15,7.617309244101341e-5
720,3.4792420557285904e-9,0,0,0,0,0,0,0,0,0,0,3.19342031103826e-6,3.19342031103826e-6,0,25,0.5,0,15,6.390319864132249e-6
750,2.82336308384807e-10,0,0,0,0,0,0,0,0,0,0,2.66204231044078e-7,2.66204231044078e-7,0,26,0.5,0,15,5.326907983965408e-7
780,2.2848195638363198e-11,0,0,0,0,0,0,0,0,0,0,2.20198010966355e-8,2.20198010966355e-8,0,27,0.5,0,15,4.4062450388909367e-8
810,1.85053719640527e-12,0,0,0,0,0,0,0,0,0,0,1.8101990407276202e-9,1.8101990407276202e-9,0,28,0.5,0,15,3.6222486186516456e-9
840,1.50164168075119e-13,0,0,0,0,0,0,0,0,0,0,1.4819729121469401e-10,1.4819729121469401e-10,0,29,0.5,0,15,2.965447465974631e-10
870,1.2207742016306e-14,0,0,0,0,0,0,0,0,0,0,1.2103060506742199e-11,1.2103060506742199e-11,0,30,0.5,0,15,2.4218328755500704e-11
900,9.93837366190124e-16,0,0,0,0,0,0,0,0,0,0,9.8720423974784e-13,9.8720423974784e-13,0,31,0.5,0,15,1.97540231686187e-12
930,8.09839498953987e-17,0,0,0,0,0,0,0,0,0,0,8.04808844682131e-14,8.04808844682131e-14,0,32,0.5,0,15,1.610427528863216e-13
960,6.60266612278671e-18,0,0,0,0,0,0,0,0,0,0,6.560311292549291e-15,6.560311292549291e-15,0,33,0.5,0,15,1.3127225251221369e-14
990,5.38470679467514e-19,0,0,0,0,0,0,0,0,0,0,5.3478752736275e-16,5.3478752736275e-16,0,34,0.5,0,15,1.0701135254049676e-15
1020,4.3919552706266995e-20,0,0,0,0,0,0,0,0,0,0,4.36003020022824e-17,4.36003020022824e-17,0,35,0.5,0,15,8.724452355727108e-17
1050,3.5823668583099804e-21,0,0,0,0,0,0,0,0,0,0,3.55508019250032e-18,3.55508019250032e-18,0,36,0.5,0,15,7.113742751858949e-18
1080,2.9220127510882596e-22,0,0,0,0,0,0,0,0,0,0,2.89901980845095e-19,2.89901980845095e-19,0,37,0.5,0,15,5.800961629652988e-19
1110,2.3833567115921797e-23,0,0,0,0,0,0,0,0,0,0,2.36419495733025e-20,2.36419495733025e-20,0,38,0.5,0,15,4.730773271372092e-20
1140,1.94397797986297e-24,0,0,0,0,0,0,0,0,0,0,1.92812854558903e-21,1.92812854558903e-21,0,39,0.5,0,15,3.8582010691579226e-21
1170,1.5855920464248098e-25,0,0,0,0,0,0,0,0,0,0,1.5725423708000499e-22,1.5725423708000499e-22,0,40,0.5,0,15,3.1466703336465247e-22
1200,1.29327865800343e-26,0,0,0,0,0,0,0,0,0,0,1.28256109570527e-23,1.28256109570527e-23,0,41,0.5,0,15,2.5664154700685433e-23
1230,1.0548616844239e-27,0,0,0,0,0,0,0,0,0,0,1.04606988140517e-24,1.04606988140517e-24,0,42,0.5,0,15,2.093194624494764e-24
1260,8.60405606242221e-29,0,0,0,0,0,0,0,0,0,0,8.53196618296438e-26,8.53196618296438e-26,0,43,0.5,0,15,1.7072536421991181e-25
1290,7.018046007859709e-30,0,0,0,0,0,0,0,0,0,0,6.95893759975734e-27,6.95893759975734e-27,0,44,0.5,0,15,1.392489324552254e-26
1320,5.724465989016589e-31,0,0,0,0,0,0,0,0,0,0,5.675996483931219e-28,5.675996483931219e-28,0,45,0.5,0,15,1.1357717433851456e-27
1350,4.66938602131845e-32,0,0,0,0,0,0,0,0,0,0,4.62963520569237e-29,4.62963520569237e-29,0,46,0.5,0,15,9.263939797406058e-29
1380,3.8088221170276e-33,0,0,0,0,0,0,0,0,0,0,3.77621799311471e-30,3.77621799311471e-30,0,47,0.5,0,15,7.556244808346448e-30
1410,3.1069031501915997e-34,0,0,0,0,0,0,0,0,0,0,3.0801587908110996e-31,3.0801587908110996e-31,0,48,0.5,0,15,6.16342448477239e-31
1440,2.5343747012534297e-35,0,0,0,0,0,0,0,0,0,0,2.5124360421497e-32,2.5124360421497e-32,0,49,0.5,0,15,5.027406459000653e-32
1470,2.06737844138657e-36,0,0,0,0,0,0,0,0,0,0,2.04938165944359e-33,2.04938165944359e-33,0,50,0.5,0,15,4.100830697328566e-33
1500,1.68645656898569e-37,0,0,0,0,0,0,0,0,0,0,1.67169341692441e-34,1.67169341692441e-34,0,51,0.5,0,15,3.3450732904178056e-34
1530,1.3757399173566e-38,0,0,0,0,0,0,0,0,0,0,1.36362951688923e-35,1.36362951688923e-35,0,52,0.5,0,15,2.7286347736958164e-35
1560,1.12228588822036e-39,0,0,0,0,0,0,0,0,0,0,1.11235173241599e-36,1.11235173241599e-36,0,53,0.5,0,15,2.2258257507202003e-36
1590,9.15538569853316e-41,0,0,0,0,0,0,0,0,0,0,9.07389731904723e-38,9.07389731904723e-38,0,54,0.5,0,15,1.8156950023792994e-37
1620,7.46888486220652e-42,0,0,0,0,0,0,0,0,0,0,7.40204238142297e-39,7.40204238142297e-39,0,55,0.5,0,15,1.4811553647708146e-38
1650,6.093135837562678e-43,0,0,0,0,0,0,0,0,0,0,6.0383079091806004e-40,6.0383079091806004e-40,0,56,0.5,0,15,1.2082708954198764e-39
1680,4.970864587159459e-44,0,0,0,0,0,0,0,0,0,0,4.92589241670113e-41,4.92589241670113e-41,0,57,0.5,0,15,9.856755697989418e-41
1710,4.0553559805064396e-45,0,0,0,0,0,0,0,0,0,0,4.0184685057997594e-42,4.0184685057997594e-42,0,58,0.5,0,15,8.040992367580025e-42
1740,3.3085066504585103e-46,0,0,0,0,0,0,0,0,0,0,3.2782509402155593e-43,3.2782509402155593e-43,0,59,0.5,0,15,6.559810387081577e-43
1770,2.69923701844212e-47,0,0,0,0,0,0,0,0,0,0,2.6744211564555696e-44,2.6744211564555696e-44,0,60,0.5,0,15,5.351541549929581e-44
1800,2.2021962158703698e-48,0,0,0,0,0,0,0,0,0,0,2.1818424321916897e-45,2.1818424321916897e-45,0,61,0.5,0,15,4.3658870605992497e-45
1830,1.79670586247513e-49,0,0,0,0,0,0,0,0,0,0,1.7800120749824603e-46,1.7800120749824603e-46,0,62,0.5,0,15,3.561820855827396e-46
1860,1.46589863596846e-50,0,0,0,0,0,0,0,0,0,0,1.45220689468003e-47,1.45220689468003e-47,0,63,0.5,0,15,2.9058796879960283e-47
1890,1.19601569938827e-51,0,0,0,0,0,0,0,0,0,0,1.18478629571939e-48,1.18478629571939e-48,0,64,0.5,0,15,2.370768607138168e-48
1920,9.75833683125025e-53,0,0,0,0,0,0,0,0,0,0,9.66623907887851e-50,9.66623907887851e-50,0,65,0.5,0,15,1.934223649458827e-49
1950,7.96197325339781e-54,0,0,0,0,0,0,0,0,0,0,7.88644041318743e-51,7.88644041318743e-51,0,66,0.5,0,15,1.5780842799628256e-50
1980,6.4963828330861995e-55,0,0,0,0,0,0,0,0,0,0,6.434436277608181e-52,6.434436277608181e-52,0,67,0.5,0,15,1.2875368938049448e-51
0,250,0,0,0,0,0,0,0,0,0,0,0,0,0,1,0.5,0,16,250
30,250.000322400697,0,0,0,0,0,0,0,0,0,0,0,0,0,2,0.5,0,16,250.000322400697
60,250.000090984018,0,0,0,0,0,0,0,0,0,0,0,0,0,3,0.5,0,16,250.000090984018
90,250.000018876751,0,0,0,0,0,0,0,0,0,0,0,0,0,4,0.5,0,16,250.000018876751
120,227.547734469097,0,0,0,0,0,0,0,0,0,0,25.6645611761443,25.6645611761443,0,5,0.5,0,16,278.8768568213856
150,172.577579743905,0,0,0,0,0,0,0,0,0,0,48.6698574122322,48.6698574122322,0,6,0.5,0,16,269.9172945683694
180,130.919625462246,0,0,0,0,0,0,0,0,0,0,59.8837964396256,59.8837964396256,0,7,0.5,0,16,250.68721834149719
210,99.0755894924188,0,0,0,0,0,0,0,0,0,0,65.3529199449191,65.3529199449191,0,8,0.5,0,16,229.781429382257
240,73.5261228682224,0,0,0,0,0,0,0,0,0,0,67.2730689952903,67.2730689952903,0,9,0.5,0,16,208.07226085880302
270,52.6251091092522,0,0,0,0,0,0,0,0,0,0,66.3171420171062,66.3171420171062,0,10,0.5,0,16,185.25939314346462
300,35.6756370573993,0,0,0,0,0,0,0,0,0,0,62.7931606973645,62.7931606973645,0,11,0.5,0,16,161.26195845212828
330,22.4164093736968,0,0,0,0,0,0,0,0,0,0,57.0047361813702,57.0047361813702,0,12,0.5,0,16,136.4258817364372
360,12.6989030439477,0,0,0,0,0,0,0,0,0,0,49.4741021436701,49.4741021436701,0,13,0.5,0,16,111.6471073312879
390,6.25230393097991,0,0,0,0,0,0,0,0,0,0,41.0808369405897,41.0808369405897,0,14,0.5,0,16,88.4139778121593
420,2.54559900779497,0,0,0,0,0,0,0,0,0,0,33.040887864803,33.040887864803,0,15,0.5,0,16,68.62737473740097
450,0.801910630116643,0,0,0,0,0,0,0,0,0,0,26.621976082326,26.621976082326,0,16,0.5,0,16,54.045862794768645
480,0.180755951330591,0,0,0,0,0,0,0,0,0,0,22.6030549023949,22.6030549023949,0,17,0.5,0,16,45.386865756120386
510,0.0277399221870659,0,0,0,0,0,0,0,0,0,0,20.798235760923,20.798235760923,0,18,0.5,0,16,41.624211444033065
540,0.00304759775584732,0,0,0,0,0,0,0,0,0,0,20.2642076326665,20.2642076326665,0,19,0.5,0,16,40.53146286308885
570,2.711495043465e-4,0,0,0,0,0,0,0,0,0,0,20.1611727569534,20.1611727569534,0,20,0.5,0,16,40.32261666341115
600,2.52270886712912e-5,0,0,0,0,0,0,0,0,0,0,1.19196945960783,1.19196945960783,0,21,0.5,0,16,2.3839641463043315
630,3.22481231382601e-6,0,0,0,0,0,0,0,0,0,0,0.0708186645330708,0.0708186645330708,0,22,0.5,0,16,0.14164055387845542
660,3.31427010190555e-7,0,0,0,0,0,0,0,0,0,0,0.00425252945202762,0.00425252945202762,0,23,0.5,0,16,0.00850539033106543
690,2.8259399174211e-8,0,0,0,0,0,0,0,0,0,0,2.5849317922194e-4,2.5849317922194e-4,0,24,0.5,0,16,5.170146178430543e-4
720,2.19112672480458e-9,0,0,0,0,0,0,0,0,0,0,1.58928264672884e-5,1.58928264672884e-5,0,25,0.5,0,16,3.1787844061301605e-5
750,1.60916660387464e-10,0,0,0,0,0,0,0,0,0,0,9.87168201030832e-7,9.87168201030832e-7,0,26,0.5,0,16,1.9744973187220517e-6
780,1.1415956287698098e-11,0,0,0,0,0,0,0,0,0,0,6.18657924258206e-8,6.18657924258206e-8,0,27,0.5,0,16,1.2374300080792888e-7
810,7.90927887572569e-13,0,0,0,0,0,0,0,0,0,0,3.90656017236135e-9,3.90656017236135e-9,0,28,0.5,0,16,7.813911272610273e-9
840,5.3872736952410705e-14,0,0,0,0,0,0,0,0,0,0,2.48231228632397e-10,2.48231228632397e-10,0,29,0.5,0,16,4.965163300017464e-10
870,3.62331156601472e-15,0,0,0,0,0,0,0,0,0,0,1.5853052120835897e-11,1.5853052120835897e-11,0,30,0.5,0,16,3.170972755323781e-11
900,2.41354850344269e-16,0,0,0,0,0,0,0,0,0,0,1.0164789455241299e-12,1.0164789455241299e-12,0,31,0.5,0,16,2.033199245898604e-12
930,1.59573260458211e-17,0,0,0,0,0,0,0,0,0,0,6.53749581164933e-14,6.53749581164933e-14,0,32,0.5,0,16,1.3076587355903244e-13
960,1.04885168702935e-18,0,0,0,0,0,0,0,0,0,0,4.21419416864851e-15,4.21419416864851e-15,0,33,0.5,0,16,8.42943718898405e-15
990,6.86192935170345e-20,0,0,0,0,0,0,0,0,0,0,2.72101098680816e-16,2.72101098680816e-16,0,34,0.5,0,16,5.44270816655149e-16
1020,4.47265600063292e-21,0,0,0,0,0,0,0,0,0,0,1.75887506190149e-17,1.75887506190149e-17,0,35,0.5,0,16,3.5181973894030435e-17
1050,2.90665369818699e-22,0,0,0,0,0,0,0,0,0,0,1.1377622672375699e-18,1.1377622672375699e-18,0,36,0.5,0,16,2.2758151998449583e-18
1080,1.8844537268893298e-23,0,0,0,0,0,0,0,0,0,0,7.362786036861179e-20,7.362786036861179e-20,0,37,0.5,0,16,1.4727456527449249e-19
1110,1.21940413470012e-24,0,0,0,0,0,0,0,0,0,0,4.76542752395532e-21,4.76542752395532e-21,0,38,0.5,0,16,9.53207445204534e-21
1140,7.87854998075796e-26,0,0,0,0,0,0,0,0,0,0,3.0842681671789197e-22,3.0842681671789197e-22,0,39,0.5,0,16,6.169324189355915e-22
1170,5.08413199994357e-27,0,0,0,0,0,0,0,0,0,0,1.99588688332925e-23,1.99588688332925e-23,0,40,0.5,0,16,3.9922821798584943e-23
1200,3.2777047260259497e-28,0,0,0,0,0,0,0,0,0,0,1.29125859313316e-24,1.29125859313316e-24,0,41,0.5,0,16,2.5828449567389226e-24
1230,2.11152282665597e-29,0,0,0,0,0,0,0,0,0,0,8.35136342123722e-26,8.35136342123722e-26,0,42,0.5,0,16,1.6704838365301095e-25
1260,1.3594670194206398e-30,0,0,0,0,0,0,0,0,0,0,5.39948236201909e-27,5.39948236201909e-27,0,43,0.5,0,16,1.0800324191057602e-26
1290,8.74880962802874e-32,0,0,0,0,0,0,0,0,0,0,3.48970835752105e-28,3.48970835752105e-28,0,44,0.5,0,16,6.980291596004903e-28
1320,5.6284122645288197e-33,0,0,0,0,0,0,0,0,0,0,2.25458221139463e-29,2.25458221139463e-29,0,45,0.5,0,16,4.509727264015713e-29
1350,3.62009049055374e-34,0,0,0,0,0,0,0,0,0,0,1.4560794163510198e-30,1.4560794163510198e-30,0,46,0.5,0,16,2.912520841751095e-30
1380,2.32799345591754e-35,0,0,0,0,0,0,0,0,0,0,9.40050962720801e-32,9.40050962720801e-32,0,47,0.5,0,16,1.8803347247871938e-31
1410,1.49692022685754e-36,0,0,0,0,0,0,0,0,0,0,6.06698068624662e-33,6.06698068624662e-33,0,48,0.5,0,16,1.2135458292720097e-32
1440,9.62477406775242e-38,0,0,0,0,0,0,0,0,0,0,3.91433232092053e-34,3.91433232092053e-34,0,49,0.5,0,16,7.829627119247834e-34
1470,6.18832876836459e-39,0,0,0,0,0,0,0,0,0,0,2.52473908599316e-35,2.52473908599316e-35,0,50,0.5,0,16,5.050097004863157e-35
1500,3.9788671584361696e-40,0,0,0,0,0,0,0,0,0,0,1.62801844439636e-36,1.62801844439636e-36,0,51,0.5,0,16,3.2564347755085634e-36
1530,2.55833827565816e-41,0,0,0,0,0,0,0,0,0,0,1.04953397570992e-37,1.04953397570992e-37,0,52,0.5,0,16,2.099323785247406e-37
1560,1.64503716963591e-42,0,0,0,0,0,0,0,0,0,0,6.7645393385611e-39,6.7645393385611e-39,0,53,0.5,0,16,1.3530723714291836e-38
1590,1.0578337107442697e-43,0,0,0,0,0,0,0,0,0,0,4.35907471019469e-40,4.35907471019469e-40,0,54,0.5,0,16,8.719207254100123e-40
1620,6.80277514494802e-45,0,0,0,0,0,0,0,0,0,0,2.80849779796602e-41,2.80849779796602e-41,0,55,0.5,0,16,5.617675873446535e-41
1650,4.3750561591705705e-46,0,0,0,0,0,0,0,0,0,0,1.8091988620386398e-42,1.8091988620386398e-42,0,56,0.5,0,16,3.618835229693197e-42
1680,2.81391318721782e-47,0,0,0,0,0,0,0,0,0,0,1.1653036175563e-43,1.1653036175563e-43,0,57,0.5,0,16,2.3308886264313215e-43
1710,1.8099527923009898e-48,0,0,0,0,0,0,0,0,0,0,7.504813964346049e-45,7.504813964346049e-45,0,58,0.5,0,16,1.50114378814844e-44
1740,1.16426709924324e-49,0,0,0,0,0,0,0,0,0,0,4.8327645504053506e-46,4.8327645504053506e-46,0,59,0.5,0,16,9.666693367909944e-46
1770,7.48972222522406e-51,0,0,0,0,0,0,0,0,0,0,3.11180511532061e-47,3.11180511532061e-47,0,60,0.5,0,16,6.224359202863742e-47
1800,4.8184246323326806e-52,0,0,0,0,0,0,0,0,0,0,2.0035295218415598e-48,2.0035295218415598e-48,0,61,0.5,0,16,4.007540886146353e-48
1830,3.1000525309848004e-53,0,0,0,0,0,0,0,0,0,0,1.2898840324874399e-49,1.2898840324874399e-49,0,62,0.5,0,16,2.580078070227978e-49
1860,1.9946003054847e-54,0,0,0,0,0,0,0,0,0,0,8.30388941177114e-51,8.30388941177114e-51,0,63,0.5,0,16,1.6609773423847767e-50
1890,1.2834049663433098e-55,0,0,0,0,0,0,0,0,0,0,5.3455488434667e-52,5.3455488434667e-52,0,64,0.5,0,16,1.0692381091899743e-51
1920,8.258301015682669e-57,0,0,0,0,0,0,0,0,0,0,3.4410129700732703e-53,3.4410129700732703e-53,0,65,0.5,0,16,6.882851770248109e-53
1950,5.3141651475349105e-58,0,0,0,0,0,0,0,0,0,0,2.2149633664090497e-54,2.2149633664090497e-54,0,66,0.5,0,16,4.430458149332853e-54
1980,3.41975487783761e-59,0,0,0,0,0,0,0,0,0,0,1.4257244170268698e-55,1.4257244170268698e-55,0,67,0.5,0,16,2.8517908095415232e-55
0,250,0,0,0,0,0,0,0,0,0,0,0,0,0,1,0.5,0,6,250
30,250.000322400697,0,0,0,0,0,0,0,0,0,0,0,0,0,2,0.5,0,6,250.000322400697
60,250.000090984018,0,0,0,0,0,0,0,0,0,0,0,0,0,3,0.5,0,6,250.000090984018
90,250.000018876751,0,0,0,0,0,0,0,0,0,0,0,0,0,4,0.5,0,6,250.000018876751
120,227.547734469097,0,0,0,0,0,0,0,0,0,0,25.6645611761443,25.6645611761443,0,5,0.5,0,6,278.8768568213856
150,172.577579743905,0,0,0,0,0,0,0,0,0,0,48.6698574122322,48.6698574122322,0,6,0.5,0,6,269.9172945683694
180,130.919625462246,0,0,0,0,0,0,0,0,0,0,59.8837964396256,59.8837964396256,0,7,0.5,0,6,250.68721834149719
210,99.0755894924188,0,0,0,0,0,0,0,0,0,0,65.3529199449191,65.3529199449191,0,8,0.5,0,6,229.781429382257
240,73.5261228682224,0,0,0,0,0,0,0,0,0,0,67.2730689952903,67.2730689952903,0,9,0.5,0,6,208.07226085880302
270,52.6251091092522,0,0,0,0,0,0,0,0,0,0,66.3171420171062,66.3171420171062,0,10,0.5,0,6,185.25939314346462
300,44.1541449255801,0,0,0,0,0,0,0,0,0,0,51.1353759728037,51.1353759728037,0,11,0.5,0,6,146.4248968711875
330,48.1753365089854,0,0,0,0,0,0,0,0,0,0,48.1216080821484,48.1216080821484,0,12,0.5,0,6,144.4185526732822
360,57.1933013765691,0,0,0,0,0,0,0,0,0,0,47.9867083052688,47.9867083052688,0,13,0.5,0,6,153.1667179871067
390,69.3168158270503,0,0,0,0,0,0,0,0,0,0,47.8439257485079,47.8439257485079,0,14,0.5,0,6,165.0046673240661
420,84.4484072098582,0,0,0,0,0,0,0,0,0,0,46.7678667420717,46.7678667420717,0,15,0.5,0,6,177.9841406940016
450,102.570944750686,0,0,0,0,0,0,0,0,0,0,44.2892521828478,44.2892521828478,0,16,0.5,0,6,191.1494491163816
480,123.383176913662,0,0,0,0,0,0,0,0,0,0,40.2043871728694,40.2043871728694,0,17,0.5,0,6,203.7919512594008
510,145.989512247544,0,0,0,0,0,0,0,0,0,0,34.6268345519131,34.6268345519131,0,18,0.5,0,6,215.2431813513702
540,168.85551761171,0,0,0,0,0,0,0,0,0,0,28.0561116149246,28.0561116149246,0,19,0.5,0,6,224.96774084155922
570,190.118466414873,0,0,0,0,0,0,0,0,0,0,21.2888809240617,21.2888809240617,0,20,0.5,0,6,232.6962282629964
600,208.181202833659,0,0,0,0,0,0,0,0,0,0,15.143880044537,15.143880044537,0,21,0.5,0,6,238.468962922733
630,222.225534848281,0,0,0,0,0,0,0,0,0,0,10.1652390015755,10.1652390015755,0,22,0.5,0,6,242.556012851432
660,232.3132777474,0,0,0,0,0,0,0,0,0,0,6.5051233560269,6.5051233560269,0,23,0.5,0,6,245.3235244594538
690,239.099700403074,0,0,0,0,0,0,0,0,0,0,4.01462938061591,4.01462938061591,0,24,0.5,0,6,247.12895916430583
720,243.44052280919001,0,0,0,0,0,0,0,0,0,0,2.41484415910682,2.41484415910682,0,25,0.5,0,6,248.27021112740366
750,246.117203594705,0,0,0,0,0,0,0,0,0,0,1.42787157133908,1.42787157133908,0,26,0.5,0,6,248.97294673738315
780,247.726516757283,0,0,0,0,0,0,0,0,0,0,0.83510512242467,0.83510512242467,0,27,0.5,0,6,249.39672700213234
810,248.678026218569,0,0,0,0,0,0,0,0,0,0,0.485139805167538,0.485139805167538,0,28,0.5,0,6,249.64830582890406
840,249.23461074314,0,0,0,0,0,0,0,0,0,0,0.280693815125094,0.280693815125094,0,29,0.5,0,6,249.79599837339018
870,249.558017854544,0,0,0,0,0,0,0,0,0,0,0.162015985991426,0.162015985991426,0,30,0.5,0,6,249.88204982652687
900,249.745172104705,0,0,0,0,0,0,0,0,0,0,0.0933842927532693,0.0933842927532693,0,31,0.5,0,6,249.93194069021155
930,249.853213161298,0,0,0,0,0,0,0,0,0,0,0.0537818626732761,0.0537818626732761,0,32,0.5,0,6,249.96077688664454
960,249.915493225302,0,0,0,0,0,0,0,0,0,0,0.030959432451092,0.030959432451092,0,33,0.5,0,6,249.97741209020418
990,249.951363922453,0,0,0,0,0,0,0,0,0,0,0.0178168891312483,0.0178168891312483,0,34,0.5,0,6,249.9869977007155
1020,249.972013678768,0,0,0,0,0,0,0,0,0,0,0.010251858186378,0.010251858186378,0,35,0.5,0,6,249.99251739514077
1050,249.983897736194,0,0,0,0,0,0,0,0,0,0,0.00589839749507055,0.00589839749507055,0,36,0.5,0,6,249.99569453118414
1080,249.99073593903,0,0,0,0,0,0,0,0,0,0,0.0033934611267691,0.0033934611267691,0,37,0.5,0,6,249.99752286128353
1110,249.994670327828,0,0,0,0,0,0,0,0,0,0,0.00195226474532007,0.00195226474532007,0,38,0.5,0,6,249.99857485731866
1140,249.996933868849,0,0,0,0,0,0,0,0,0,0,0.0011231223231653,0.0011231223231653,0,39,0.5,0,6,249.99918011349533
1170,249.998236092305,0,0,0,0,0,0,0,0,0,0,6.4611689925828e-4,6.4611689925828e-4,0,40,0.5,0,6,249.99952832610353
1200,249.998985252373,0,0,0,0,0,0,0,0,0,0,3.7170008743321e-4,3.7170008743321e-4,0,41,0.5,0,6,249.99972865254784
1230,249.999416234342,0,0,0,0,0,0,0,0,0,0,2.1383205062488e-4,2.1383205062488e-4,0,42,0.5,0,6,249.99984389844323
1260,249.999664171099,0,0,0,0,0,0,0,0,0,0,1.2301331390552e-4,1.2301331390552e-4,0,43,0.5,0,6,249.99991019772682
1290,249.999806804489,0,0,0,0,0,0,0,0,0,0,7.07670291497329e-5,7.07670291497329e-5,0,44,0.5,0,6,249.99994833854728
1320,249.999888858648,0,0,0,0,0,0,0,0,0,0,4.07107907756243e-5,4.07107907756243e-5,0,45,0.5,0,6,249.99997028022955
1350,249.999936062723,0,0,0,0,0,0,0,0,0,0,2.34200574708876e-5,2.34200574708876e-5,0,46,0.5,0,6,249.99998290283796
1380,249.999963218242,0,0,0,0,0,0,0,0,0,0,1.34730612706998e-5,1.34730612706998e-5,0,47,0.5,0,6,249.99999016436453
1410,249.999978840239,0,0,0,0,0,0,0,0,0,0,7.75076485751826e-6,7.75076485751826e-6,0,48,0.5,0,6,249.9999943417687
1440,249.999987827241,0,0,0,0,0,0,0,0,0,0,4.45884944465442e-6,4.45884944465442e-6,0,49,0.5,0,6,249.9999967449399
1470,249.999992997272,0,0,0,0,0,0,0,0,0,0,2.56508073109261e-6,2.56508073109261e-6,0,50,0.5,0,6,249.99999812743346
1500,249.99999597148,0,0,0,0,0,0,0,0,0,0,1.47563605581436e-6,1.47563605581436e-6,0,51,0.5,0,6,249.9999989227521
1530,249.999997682479,0,0,0,0,0,0,0,0,0,0,8.48901835505273e-7,8.48901835505273e-7,0,52,0.5,0,6,249.99999938028267
1560,249.99999866678,0,0,0,0,0,0,0,0,0,0,4.88355050747395e-7,4.88355050747395e-7,0,53,0.5,0,6,249.9999996434901
1590,249.999999233028,0,0,0,0,0,0,0,0,0,0,2.80940203669148e-7,2.80940203669148e-7,0,54,0.5,0,6,249.9999997949084
1620,249.999999558777,0,0,0,0,0,0,0,0,0,0,1.61618883066844e-7,1.61618883066844e-7,0,55,0.5,0,6,249.99999988201478
1650,249.999999746174,0,0,0,0,0,0,0,0,0,0,9.29758823598449e-8,9.29758823598449e-8,0,56,0.5,0,6,249.99999993212577
1680,249.99999985398,0,0,0,0,0,0,0,0,0,0,5.3487033999107e-8,5.3487033999107e-8,0,57,0.5,0,6,249.99999996095406
1710,249.999999915997,0,0,0,0,0,0,0,0,0,0,3.07699451950121e-8,3.07699451950121e-8,0,58,0.5,0,6,249.99999997753687
1740,249.999999951675,0,0,0,0,0,0,0,0,0,0,1.77012905045845e-8,1.77012905045845e-8,0,59,0.5,0,6,249.9999999870776
1770,249.9999999722,0,0,0,0,0,0,0,0,0,0,1.01831733366072e-8,1.01831733366072e-8,0,60,0.5,0,6,249.99999999256633
1800,249.999999984007,0,0,0,0,0,0,0,0,0,0,5.85816153727358e-9,5.85816153727358e-9,0,61,0.5,0,6,249.9999999957233
1830,249.999999990799,0,0,0,0,0,0,0,0,0,0,3.3700748735806305e-9,3.3700748735806305e-9,0,62,0.5,0,6,249.99999999753916
1860,249.999999994708,0,0,0,0,0,0,0,0,0,0,1.93873190094503e-9,1.93873190094503e-9,0,63,0.5,0,6,249.99999999858545
1890,249.999999996955,0,0,0,0,0,0,0,0,0,0,1.1153109425382101e-9,1.1153109425382101e-9,0,64,0.5,0,6,249.99999999918563
1920,249.999999998248,0,0,0,0,0,0,0,0,0,0,6.416144996257061e-10,6.416144996257061e-10,0,65,0.5,0,6,249.99999999953124
1950,249.999999998992,0,0,0,0,0,0,0,0,0,0,3.69107080748924e-10,3.69107080748924e-10,0,66,0.5,0,6,249.99999999973022
1980,249.999999999421,0,0,0,0,0,0,0,0,0,0,2.12339398716871e-10,2.12339398716871e-10,0,67,0.5,0,6,249.99999999984567
0,250,0,0,0,0,0,0,0,0,0,0,0,0,0,1,0.5,0,7,250
30,250.000322400697,0,0,0,0,0,0,0,0,0,0,0,0,0,2,0.5,0,7,250.000322400697
60,250.000090984018,0,0,0,0,0,0,0,0,0,0,0,0,0,3,0.5,0,7,250.000090984018
90,250.000018876751,0,0,0,0,0,0,0,0,0,0,0,0,0,4,0.5,0,7,250.000018876751
120,227.547734469097,0,0,0,0,0,0,0,0,0,0,25.6645611761443,25.6645611761443,0,5,0.5,0,7,278.8768568213856
150,172.577579743905,0,0,0,0,0,0,0,0,0,0,48.6698574122322,48.6698574122322,0,6,0.5,0,7,269.9172945683694
180,130.919625462246,0,0,0,0,0,0,0,0,0,0,59.8837964396256,59.8837964396256,0,7,0.5,0,7,250.68721834149719
210,99.0755894924188,0,0,0,0,0,0,0,0,0,0,65.3529199449191,65.3529199449191,0,8,0.5,0,7,229.781429382257
240,73.5261228682224,0,0,0,0,0,0,0,0,0,0,67.2730689952903,67.2730689952903,0,9,0.5,0,7,208.07226085880302
270,52.6251091092522,0,0,0,0,0,0,0,0,0,0,66.3171420171062,66.3171420171062,0,10,0.5,0,7,185.25939314346462
300,35.6756370573993,0,0,0,0,0,0,0,0,0,0,62.7931606973645,62.7931606973645,0,11,0.5,0,7,161.26195845212828
330,28.6432805895906,0,0,0,0,0,0,0,0,0,0,46.446415106841,46.446415106841,0,12,0.5,0,7,121.5361108032726
360,30.1098861980585,0,0,0,0,0,0,0,0,0,0,43.7481927989328,43.7481927989328,0,13,0.5,0,7,117.6062717959241
390,35.0321588822577,0,0,0,0,0,0,0,0,0,0,44.5214478128933,44.5214478128933,0,14,0.5,0,7,124.0750545080443
420,41.8471488893171,0,0,0,0,0,0,0,0,0,0,45.9117538921233,45.9117538921233,0,15,0.5,0,7,133.6706566735637
450,50.6109589519319,0,0,0,0,0,0,0,0,0,0,47.1553304149736,47.1553304149736,0,16,0.5,0,7,144.9216197818791
480,61.5866922595778,0,0,0,0,0,0,0,0,0,0,47.7976828888377,47.7976828888377,0,17,0.5,0,7,157.1820580372532
510,75.1472825951179,0,0,0,0,0,0,0,0,0,0,47.4983802662384,47.4983802662384,0,18,0.5,0,7,170.1440431275947
540,91.5812879502264,0,0,0,0,0,0,0,0,0,0,45.9177143687359,45.9177143687359,0,19,0.5,0,7,183.4167166876982
570,110.900913860007,0,0,0,0,0,0,0,0,0,0,42.7906223640173,42.7906223640173,0,20,0.5,0,7,196.4821585880416
600,132.608825686382,0,0,0,0,0,0,0,0,0,0,38.0534361338917,38.0534361338917,0,21,0.5,0,7,208.71569795416542
630,155.540322000425,0,0,0,0,0,0,0,0,0,0,31.9825554282957,31.9825554282957,0,22,0.5,0,7,219.5054328570164
660,177.967741303459,0,0,0,0,0,0,0,0,0,0,25.2249148287718,25.2249148287718,0,23,0.5,0,7,228.4175709610026
690,198.061572484485,0,0,0,0,0,0,0,0,0,0,18.6265113856868,18.6265113856868,0,24,0.5,0,7,235.3145952558586
720,214.504661226059,0,0,0,0,0,0,0,0,0,0,12.921362700348901,12.921362700348901,0,25,0.5,0,7,240.34738662675682
750,226.858417196076,0,0,0,0,0,0,0,0,0,0,8.49169423522707,8.49169423522707,0,26,0.5,0,7,243.84180566653015
780,235.478553508086,0,0,0,0,0,0,0,0,0,0,5.34569746846686,5.34569746846686,0,27,0.5,0,7,246.16994844501974
810,241.147412344012,0,0,0,0,0,0,0,0,0,0,3.26032386167905,3.26032386167905,0,28,0.5,0,7,247.6680600673701
840,244.713229316528,0,0,0,0,0,0,0,0,0,0,1.94548737957805,1.94548737957805,0,29,0.5,0,7,248.6042040756841
870,246.886454492808,0,0,0,0,0,0,0,0,0,0,1.14442646808486,1.14442646808486,0,30,0.5,0,7,249.17530742897773
900,248.182892435415,0,0,0,0,0,0,0,0,0,0,0.667188495065074,0.667188495065074,0,31,0.5,0,7,249.51726942554515
930,248.945554965298,0,0,0,0,0,0,0,0,0,0,0.386841626446963,0.386841626446963,0,32,0.5,0,7,249.71923821819192
960,249.390264457303,0,0,0,0,0,0,0,0,0,0,0.223562998358149,0.223562998358149,0,33,0.5,0,7,249.8373904540193
990,249.648165347786,0,0,0,0,0,0,0,0,0,0,0.128953227559913,0.128953227559913,0,34,0.5,0,7,249.90607180290584
1020,249.797237297715,0,0,0,0,0,0,0,0,0,0,0.07429812074267,0.07429812074267,0,35,0.5,0,7,249.94583353920032
1050,249.883234379271,0,0,0,0,0,0,0,0,0,0,0.0427800376980952,0.0427800376980952,0,36,0.5,0,7,249.96879445466718
1080,249.932786992756,0,0,0,0,0,0,0,0,0,0,0.024623020278156,0.024623020278156,0,37,0.5,0,7,249.98203303331232
1110,249.961320401326,0,0,0,0,0,0,0,0,0,0,0.014169265799339,0.014169265799339,0,38,0.5,0,7,249.98965893292467
1140,249.977744005522,0,0,0,0,0,0,0,0,0,0,0.00815265621238633,0.00815265621238633,0,39,0.5,0,7,249.99404931794678
1170,249.987195126738,0,0,0,0,0,0,0,0,0,0,0.00469050579233374,0.00469050579233374,0,40,0.5,0,7,249.99657613832267
1200,249.992633141278,0,0,0,0,0,0,0,0,0,0,0.0026984989037947,0.0026984989037947,0,41,0.5,0,7,249.99803013908559
1230,249.995761841822,0,0,0,0,0,0,0,0,0,0,0.00155243873247982,0.00155243873247982,0,42,0.5,0,7,249.99886671928695
1260,249.997561824672,0,0,0,0,0,0,0,0,0,0,8.9310133896596e-4,8.9310133896596e-4,0,43,0.5,0,7,249.99934802734992
1290,249.998597352173,0,0,0,0,0,0,0,0,0,0,5.1378756202999e-4,5.1378756202999e-4,0,44,0.5,0,7,249.99962492729705
1320,249.99919308086,0,0,0,0,0,0,0,0,0,0,2.9557279754677e-4,2.9557279754677e-4,0,45,0.5,0,7,249.9997842264551
1350,249.999535794751,0,0,0,0,0,0,0,0,0,0,1.7003730156243e-4,1.7003730156243e-4,0,46,0.5,0,7,249.99987586935413
1380,249.999732952017,0,0,0,0,0,0,0,0,0,0,9.78190170020583e-5,9.78190170020583e-5,0,47,0.5,0,7,249.999928590051
1410,249.999846372801,0,0,0,0,0,0,0,0,0,0,5.62732514205596e-5,5.62732514205596e-5,0,48,0.5,0,7,249.99995891930382
1440,249.999911621492,0,0,0,0,0,0,0,0,0,0,3.23728181782527e-5,3.23728181782527e-5,0,49,0.5,0,7,249.99997636712837
1470,249.999949157714,0,0,0,0,0,0,0,0,0,0,1.86233962094374e-5,1.86233962094374e-5,0,50,0.5,0,7,249.99998640450644
1500,249.999970751514,0,0,0,0,0,0,0,0,0,0,1.07136433851218e-5,1.07136433851218e-5,0,51,0.5,0,7,249.9999921788008
1530,249.99998317397,0,0,0,0,0,0,0,0,0,0,6.16333038469516e-6,6.16333038469516e-6,0,52,0.5,0,7,249.99999550063077
1560,249.999990320344,0,0,0,0,0,0,0,0,0,0,3.54563223712674e-6,3.54563223712674e-6,0,53,0.5,0,7,249.9999974116085
1590,249.999994431501,0,0,0,0,0,0,0,0,0,0,2.03972637886486e-6,2.03972637886486e-6,0,54,0.5,0,7,249.99999851095376
1620,249.999996796562,0,0,0,0,0,0,0,0,0,0,1.17341093137933e-6,1.17341093137933e-6,0,55,0.5,0,7,249.99999914338386
1650,249.999998157131,0,0,0,0,0,0,0,0,0,0,6.75038188396104e-7,6.75038188396104e-7,0,56,0.5,0,7,249.99999950720738
1680,249.999998939837,0,0,0,0,0,0,0,0,0,0,3.88335016225779e-7,3.88335016225779e-7,0,57,0.5,0,7,249.99999971650703
1710,249.999999390111,0,0,0,0,0,0,0,0,0,0,2.23400819245834e-7,2.23400819245834e-7,0,58,0.5,0,7,249.99999983691262
1740,249.999999649144,0,0,0,0,0,0,0,0,0,0,1.28517707278379e-7,1.28517707278379e-7,0,59,0.5,0,7,249.99999990617943
1770,249.99999979816,0,0,0,0,0,0,0,0,0,0,7.39334847611739e-8,7.39334847611739e-8,0,60,0.5,0,7,249.99999994602695
1800,249.999999883886,0,0,0,0,0,0,0,0,0,0,4.25323504528582e-8,4.25323504528582e-8,0,61,0.5,0,7,249.9999999689507
1830,249.999999933203,0,0,0,0,0,0,0,0,0,0,2.44679503503571e-8,2.44679503503571e-8,0,62,0.5,0,7,249.9999999821389
1860,249.999999961573,0,0,0,0,0,0,0,0,0,0,1.40758878322923e-8,1.40758878322923e-8,0,63,0.5,0,7,249.99999998972478
1890,249.999999977894,0,0,0,0,0,0,0,0,0,0,8.0975568204778008e-09,8.0975568204778008e-09,0,64,0.5,0,7,249.9999999940891
1920,249.999999987283,0,0,0,0,0,0,0,0,0,0,4.6583510210808e-9,4.6583510210808e-9,0,65,0.5,0,7,249.99999999659968
1950,249.999999992684,0,0,0,0,0,0,0,0,0,0,2.6798495788056e-9,2.6798495788056e-9,0,66,0.5,0,7,249.9999999980437
1980,249.999999995792,0,0,0,0,0,0,0,0,0,0,1.5416600707750802e-9,1.5416600707750802e-9,0,67,0.5,0,7,249.99999999887532
0,250,0,0,0,0,0,0,0,0,0,0,0,0,0,1,0.5,0,8,250
30,250.000322400697,0,0,0,0,0,0,0,0,0,0,0,0,0,2,0.5,0,8,250.000322400697
60,250.000090984018,0,0,0,0,0,0,0,0,0,0,0,0,0,3,0.5,0,8,250.000090984018
90,250.000018876751,0,0,0,0,0,0,0,0,0,0,0,0,0,4,0.5,0,8,250.000018876751
120,227.547734469097,0,0,0,0,0,0,0,0,0,0,25.6645611761443,25.6645611761443,0,5,0.5,0,8,278.8768568213856
150,172.577579743905,0,0,0,0,0,0,0,0,0,0,48.6698574122322,48.6698574122322,0,6,0.5,0,8,269.9172945683694
180,130.919625462246,0,0,0,0,0,0,0,0,0,0,59.8837964396256,59.8837964396256,0,7,0.5,0,8,250.68721834149719
210,99.0755894924188,0,0,0,0,0,0,0,0,0,0,65.3529199449191,65.3529199449191,0,8,0.5,0,8,229.781429382257
240,73.5261228682224,0,0,0,0,0,0,0,0,0,0,67.2730689952903,67.2730689952903,0,9,0.5,0,8,208.07226085880302
270,52.6251091092522,0,0,0,0,0,0,0,0,0,0,66.3171420171062,66.3171420171062,0,10,0.5,0,8,185.25939314346462
300,35.6756370573993,0,0,0,0,0,0,0,0,0,0,62.7931606973645,62.7931606973645,0,11,0.5,0,8,161.26195845212828
330,22.4164093736968,0,0,0,0,0,0,0,0,0,0,57.0047361813702,57.0047361813702,0,12,0.5,0,8,136.4258817364372
360,16.8658051214473,0,0,0,0,0,0,0,0,0,0,39.2785588159869,39.2785588159869,0,13,0.5,0,8,95.42292275342109
390,16.7679698258277,0,0,0,0,0,0,0,0,0,0,36.3810510542282,36.3810510542282,0,14,0.5,0,8,89.53007193428411
420,18.8908300790944,0,0,0,0,0,0,0,0,0,0,37.1025404760272,37.1025404760272,0,15,0.5,0,8,93.0959110311488
450,21.9136978866249,0,0,0,0,0,0,0,0,0,0,38.7646502959579,38.7646502959579,0,16,0.5,0,8,99.4429984785407
480,25.8253298467593,0,0,0,0,0,0,0,0,0,0,40.756832587728,40.756832587728,0,17,0.5,0,8,107.3389950222153
510,30.711429741049,0,0,0,0,0,0,0,0,0,0,42.7680398175784,42.7680398175784,0,18,0.5,0,8,116.2475093762058
540,36.8053470615855,0,0,0,0,0,0,0,0,0,0,44.6684094167778,44.6684094167778,0,19,0.5,0,8,126.14216589514109
570,44.4133237731827,0,0,0,0,0,0,0,0,0,0,46.2898837947887,46.2898837947887,0,20,0.5,0,8,136.99309136276008
600,53.9083661390941,0,0,0,0,0,0,0,0,0,0,47.4283215093878,47.4283215093878,0,21,0.5,0,8,148.7650091578697
630,65.7025981938409,0,0,0,0,0,0,0,0,0,0,47.8163265341563,47.8163265341563,0,22,0.5,0,8,161.33525126215352
660,80.1820562471765,0,0,0,0,0,0,0,0,0,0,47.1378463502736,47.1378463502736,0,23,0.5,0,8,174.4577489477237
690,97.5773708441767,0,0,0,0,0,0,0,0,0,0,45.0760417265473,45.0760417265473,0,24,0.5,0,8,187.7294542972713
720,117.761938612109,0,0,0,0,0,0,0,0,0,0,41.4167444062808,41.4167444062808,0,25,0.5,0,8,200.59542742467062
750,140.030006962766,0,0,0,0,0,0,0,0,0,0,36.1950760466964,36.1950760466964,0,26,0.5,0,8,212.4201590561588
780,163.004288067402,0,0,0,0,0,0,0,0,0,0,29.8139215679771,29.8139215679771,0,27,0.5,0,8,222.6321312033562
810,184.858488362107,0,0,0,0,0,0,0,0,0,0,23.0140437782407,23.0140437782407,0,28,0.5,0,8,230.88657591858842
840,203.866742247639,0,0,0,0,0,0,0,0,0,0,16.6404052332188,16.6404052332188,0,29,0.5,0,8,237.1475527140766
870,218.97981587887,0,0,0,0,0,0,0,0,0,0,11.3291767470778,11.3291767470778,0,30,0.5,0,8,241.6381693730256
900,230.047357201785,0,0,0,0,0,0,0,0,0,0,7.33225880358824,7.33225880358824,0,31,0.5,0,8,244.71187480896148
930,237.609529991891,0,0,0,0,0,0,0,0,0,0,4.56290041729743,4.56290041729743,0,32,0.5,0,8,246.73533082648586
960,242.503356570815,0,0,0,0,0,0,0,0,0,0,2.76044137258065,2.76044137258065,0,33,0.5,0,8,248.02423931597627
990,245.546174050254,0,0,0,0,0,0,0,0,0,0,1.63836380200003,1.63836380200003,0,34,0.5,0,8,248.82290165425405
1020,247.385940625971,0,0,0,0,0,0,0,0,0,0,0.960477021666591,0.960477021666591,0,35,0.5,0,8,249.30689466930417
1050,248.477705477722,0,0,0,0,0,0,0,0,0,0,0.55877509698023,0.55877509698023,0,36,0.5,0,8,249.59525567168245
1080,249.117816268651,0,0,0,0,0,0,0,0,0,0,0.323575378639844,0.323575378639844,0,37,0.5,0,8,249.7649670259307
1110,249.49028993927,0,0,0,0,0,0,0,0,0,0,0.186861429100192,0.186861429100192,0,38,0.5,0,8,249.8640127974704
1140,249.706025748547,0,0,0,0,0,0,0,0,0,0,0.107736645478694,0.107736645478694,0,39,0.5,0,8,249.9214990395044
1170,249.830630909349,0,0,0,0,0,0,0,0,0,0,0.062058258562099,0.062058258562099,0,40,0.5,0,8,249.9547474264732
1200,249.902481257342,0,0,0,0,0,0,0,0,0,0,0.0357272497006299,0.0357272497006299,0,41,0.5,0,8,249.97393575674326
1230,249.943871437711,0,0,0,0,0,0,0,0,0,0,0.0205618975795476,0.0205618975795476,0,42,0.5,0,8,249.98499523287012
1260,249.967701088334,0,0,0,0,0,0,0,0,0,0,0.0118317271949152,0.0118317271949152,0,43,0.5,0,8,249.99136454272383
1290,249.981416022705,0,0,0,0,0,0,0,0,0,0,0.00680750228380845,0.00680750228380845,0,44,0.5,0,8,249.9950310272726
1320,249.989308006002,0,0,0,0,0,0,0,0,0,0,0.00391652910816518,0.00391652910816518,0,45,0.5,0,8,249.99714106421834
1350,249.993848783524,0,0,0,0,0,0,0,0,0,0,0.00225320086035149,0.00225320086035149,0,46,0.5,0,8,249.9983551852447
1380,249.996461223836,0,0,0,0,0,0,0,0,0,0,0.00129625313320716,0.00129625313320716,0,47,0.5,0,8,249.99905373010242
1410,249.99796418042,0,0,0,0,0,0,0,0,0,0,7.4571822865132e-4,7.4571822865132e-4,0,48,0.5,0,8,249.99945561687733
1440,249.998828824199,0,0,0,0,0,0,0,0,0,0,4.289995530581e-4,4.289995530581e-4,0,49,0.5,0,8,249.9996868233051
1470,249.999326243541,0,0,0,0,0,0,0,0,0,0,2.4679552176662e-4,2.4679552176662e-4,0,50,0.5,0,8,249.9998198345845
1500,249.999612400981,0,0,0,0,0,0,0,0,0,0,1.4197659738541e-4,1.4197659738541e-4,0,51,0.5,0,8,249.99989635417577
1530,249.999777022135,0,0,0,0,0,0,0,0,0,0,8.1676234593972e-5,8.1676234593972e-5,0,52,0.5,0,8,249.9999403746042
1560,249.999871725461,0,0,0,0,0,0,0,0,0,0,4.69866344784539e-5,4.69866344784539e-5,0,53,0.5,0,8,249.99996569872994
1590,249.999926206356,0,0,0,0,0,0,0,0,0,0,2.70304197361485e-5,2.70304197361485e-5,0,54,0.5,0,8,249.99998026719547
1620,249.999957548081,0,0,0,0,0,0,0,0,0,0,1.55500266153379e-5,1.55500266153379e-5,0,55,0.5,0,8,249.99998864813423
1650,249.999975578314,0,0,0,0,0,0,0,0,0,0,8.9455989545584e-6,8.9455989545584e-6,0,56,0.5,0,8,249.9999934695119
1680,249.999985950726,0,0,0,0,0,0,0,0,0,0,5.14621204925402e-6,5.14621204925402e-6,0,57,0.5,0,8,249.9999962431501
1710,249.999991917753,0,0,0,0,0,0,0,0,0,0,2.96050576231393e-6,2.96050576231393e-6,0,58,0.5,0,8,249.99999783876453
1740,249.999995350456,0,0,0,0,0,0,0,0,0,0,1.70311562284383e-6,1.70311562284383e-6,0,59,0.5,0,8,249.99999875668726
1770,249.999997325217,0,0,0,0,0,0,0,0,0,0,9.7976596366499e-7,9.7976596366499e-7,0,60,0.5,0,8,249.99999928474892
1800,249.999998461255,0,0,0,0,0,0,0,0,0,0,5.63638382723437e-7,5.63638382723437e-7,0,61,0.5,0,8,249.99999958853175
1830,249.999999114793,0,0,0,0,0,0,0,0,0,0,3.24249092823595e-7,3.24249092823595e-7,0,62,0.5,0,8,249.99999976329119
1860,249.999999490759,0,0,0,0,0,0,0,0,0,0,1.86533559669692e-7,1.86533559669692e-7,0,63,0.5,0,8,249.9999998638261
1890,249.999999707045,0,0,0,0,0,0,0,0,0,0,1.07308762293623e-7,1.07308762293623e-7,0,64,0.5,0,8,249.99999992166252
1920,249.99999983147,0,0,0,0,0,0,0,0,0,0,6.17324328901878e-8,6.17324328901878e-8,0,65,0.5,0,8,249.99999995493488
1950,249.999999903047,0,0,0,0,0,0,0,0,0,0,3.55133465991945e-8,3.55133465991945e-8,0,66,0.5,0,8,249.99999997407372
1980,249.999999944226,0,0,0,0,0,0,0,0,0,0,2.0430067749354e-8,2.0430067749354e-8,0,67,0.5,0,8,249.99999998508613
0,250,0,0,0,0,0,0,0,0,0,0,0,0,0,1,0.5,0,9,250
30,250.000322400697,0,0,0,0,0,0,0,0,0,0,0,0,0,2,0.5,0,9,250.000322400697
60,250.000090984018,0,0,0,0,0,0,0,0,0,0,0,0,0,3,0.5,0,9,250.000090984018
90,250.000018876751,0,0,0,0,0,0,0,0,0,0,0,0,0,4,0.5,0,9,250.000018876751
120,227.547734469097,0,0,0,0,0,0,0,0,0,0,25.6645611761443,25.6645611761443,0,5,0.5,0,9,278.8768568213856
150,172.577579743905,0,0,0,0,0,0,0,0,0,0,48.6698574122322,48.6698574122322,0,6,0.5,0,9,269.9172945683694
180,130.919625462246,0,0,0,0,0,0,0,0,0,0,59.8837964396256,59.8837964396256,0,7,0.5,0,9,250.68721834149719
210,99.0755894924188,0,0,0,0,0,0,0,0,0,0,65.3529199449191,65.3529199449191,0,8,0.5,0,9,229.781429382257
240,73.5261228682224,0,0,0,0,0,0,0,0,0,0,67.2730689952903,67.2730689952903,0,9,0.5,0,9,208.07226085880302
270,52.6251091092522,0,0,0,0,0,0,0,0,0,0,66.3171420171062,66.3171420171062,0,10,0.5,0,9,185.25939314346462
300,35.6756370573993,0,0,0,0,0,0,0,0,0,0,62.7931606973645,62.7931606973645,0,11,0.5,0,9,161.26195845212828
330,22.4164093736968,0,0,0,0,0,0,0,0,0,0,57.0047361813702,57.0047361813702,0,12,0.5,0,9,136.4258817364372
360,12.6989030439477,0,0,0,0,0,0,0,0,0,0,49.4741021436701,49.4741021436701,0,13,0.5,0,9,111.6471073312879
390,8.69092586592538,0,0,0,0,0,0,0,0,0,0,30.2806893179089,30.2806893179089,0,14,0.5,0,9,69.25230450174318
420,7.97614551687384,0,0,0,0,0,0,0,0,0,0,27.0359118284619,27.0359118284619,0,15,0.5,0,9,62.04796917379764
450,8.60505884226763,0,0,0,0,0,0,0,0,0,0,27.0872825825521,27.0872825825521,0,16,0.5,0,9,62.77962400737183
480,9.58651767858266,0,0,0,0,0,0,0,0,0,0,28.176552726142,28.176552726142,0,17,0.5,0,9,65.93962313086666
510,10.883956467157,0,0,0,0,0,0,0,0,0,0,29.6857504597718,29.6857504597718,0,18,0.5,0,9,70.2554573867006
540,12.4565101355263,0,0,0,0,0,0,0,0,0,0,31.3688154419153,31.3688154419153,0,19,0.5,0,9,75.19414101935689
570,14.3546846301236,0,0,0,0,0,0,0,0,0,0,33.1930795075796,33.1930795075796,0,20,0.5,0,9,80.7408436452828
600,16.6483300967979,0,0,0,0,0,0,0,0,0,0,35.1199614699219,35.1199614699219,0,21,0.5,0,9,86.88825303664169
630,19.4363393512588,0,0,0,0,0,0,0,0,0,0,37.1342301897759,37.1342301897759,0,22,0.5,0,9,93.70479973081059
660,22.8478069838646,0,0,0,0,0,0,0,0,0,0,39.2047807420456,39.2047807420456,0,23,0.5,0,9,101.2573684679558
690,27.0497492240259,0,0,0,0,0,0,0,0,0,0,41.2857649443404,41.2857649443404,0,24,0.5,0,9,109.6212791127067
720,32.2564325053216,0,0,0,0,0,0,0,0,0,0,43.3040243502191,43.3040243502191,0,25,0.5,0,9,118.8644812057598
750,38.7386179000577,0,0,0,0,0,0,0,0,0,0,45.1494482981361,45.1494482981361,0,26,0.5,0,9,129.0375144963299
780,46.8293086188707,0,0,0,0,0,0,0,0,0,0,46.662401578532,46.662401578532,0,27,0.5,0,9,140.1541117759347
810,56.9179808690812,0,0,0,0,0,0,0,0,0,0,47.623095849746,47.623095849746,0,28,0.5,0,9,152.1641725685732
840,69.418922707001,0,0,0,0,0,0,0,0,0,0,47.7496179163516,47.7496179163516,0,29,0.5,0,9,164.91815853970422
870,84.6916133081014,0,0,0,0,0,0,0,0,0,0,46.7187976836759,46.7187976836759,0,30,0.5,0,9,178.12920867545319
900,102.890803263633,0,0,0,0,0,0,0,0,0,0,44.2294764207051,44.2294764207051,0,31,0.5,0,9,191.34975610504318
930,123.750198156599,0,0,0,0,0,0,0,0,0,0,40.1209539692983,40.1209539692983,0,32,0.5,0,9,203.9921060951956
960,146.377366315039,0,0,0,0,0,0,0,0,0,0,34.522122986,34.522122986,0,33,0.5,0,9,215.421612287039
990,169.232508974474,0,0,0,0,0,0,0,0,0,0,27.9410991873668,27.9410991873668,0,34,0.5,0,9,225.1147073492076
1020,190.453222649378,0,0,0,0,0,0,0,0,0,0,21.1780149075834,21.1780149075834,0,35,0.5,0,9,232.8092524645448
1050,208.452389386114,0,0,0,0,0,0,0,0,0,0,15.0492555277992,15.0492555277992,0,36,0.5,0,9,238.5509004417124
1080,222.427260371919,0,0,0,0,0,0,0,0,0,0,10.0926574518727,10.0926574518727,0,37,0.5,0,9,242.6125752756644
1110,232.452798559614,0,0,0,0,0,0,0,0,0,0,6.45411112573311,6.45411112573311,0,38,0.5,0,9,245.3610208110802
1140,239.190797724327,0,0,0,0,0,0,0,0,0,0,3.98109244449977,3.98109244449977,0,39,0.5,0,9,247.15298261332654
1170,243.497515836257,0,0,0,0,0,0,0,0,0,0,2.39382564286326,2.39382564286326,0,40,0.5,0,9,248.28516712198353
1200,246.151805780244,0,0,0,0,0,0,0,0,0,0,1.41511859191739,1.41511859191739,0,41,0.5,0,9,248.98204296407877
1230,247.747105422187,0,0,0,0,0,0,0,0,0,0,0.827527679528975,0.827527679528975,0,42,0.5,0,9,249.40216078124493
1260,248.690117747849,0,0,0,0,0,0,0,0,0,0,0.48069594562514,0.48069594562514,0,43,0.5,0,9,249.6515096390993
1290,249.24165390995,0,0,0,0,0,0,0,0,0,0,0.278108250942244,0.278108250942244,0,44,0.5,0,9,249.79787041183448
1320,249.562099769081,0,0,0,0,0,0,0,0,0,0,0.160518712801306,0.160518712801306,0,45,0.5,0,9,249.8831371946836
1350,249.747530616293,0,0,0,0,0,0,0,0,0,0,0.0925196382963705,0.0925196382963705,0,46,0.5,0,9,249.93256989288574
1380,249.854573432049,0,0,0,0,0,0,0,0,0,0,0.053283342898979,0.053283342898979,0,47,0.5,0,9,249.96114011784695
1410,249.916276923957,0,0,0,0,0,0,0,0,0,0,0.0306722781097293,0.0306722781097293,0,48,0.5,0,9,249.97762148017648
1440,249.951815156278,0,0,0,0,0,0,0,0,0,0,0.0176515737391812,0.0176515737391812,0,49,0.5,0,9,249.98711830375638
1470,249.972273393375,0,0,0,0,0,0,0,0,0,0,0.0101567154596333,0.0101567154596333,0,50,0.5,0,9,249.99258682429425
1500,249.98404718746,0,0,0,0,0,0,0,0,0,0,0.0058436505655195,0.0058436505655195,0,51,0.5,0,9,249.99573448859104
1530,249.990821929415,0,0,0,0,0,0,0,0,0,0,0.00336196196811441,0.00336196196811441,0,52,0.5,0,9,249.99754585335123
1560,249.994719800987,0,0,0,0,0,0,0,0,0,0,0.00193414248987457,0.00193414248987457,0,53,0.5,0,9,249.99858808596676
1590,249.996962331266,0,0,0,0,0,0,0,0,0,0,0.00111269649310796,0.00111269649310796,0,54,0.5,0,9,249.9991877242522
1620,249.998252466643,0,0,0,0,0,0,0,0,0,0,6.4011898211238e-4,6.4011898211238e-4,0,55,0.5,0,9,249.99953270460725
1650,249.998994672351,0,0,0,0,0,0,0,0,0,0,3.6824956106634e-4,3.6824956106634e-4,0,56,0.5,0,9,249.99973117147312
1680,249.99942165351,0,0,0,0,0,0,0,0,0,0,2.118470191341e-4,2.118470191341e-4,0,57,0.5,0,9,249.99984534754827
1710,249.999667288649,0,0,0,0,0,0,0,0,0,0,1.2187136198611e-4,1.2187136198611e-4,0,58,0.5,0,9,249.99991103137296
1740,249.999808597954,0,0,0,0,0,0,0,0,0,0,7.01100867423896e-5,7.01100867423896e-5,0,59,0.5,0,9,249.99994881812748
1770,249.999889890393,0,0,0,0,0,0,0,0,0,0,4.03328652409979e-5,4.03328652409979e-5,0,60,0.5,0,9,249.9999705561235
1800,249.999936656265,0,0,0,0,0,0,0,0,0,0,2.32026447937547e-5,2.32026447937547e-5,0,61,0.5,0,9,249.9999830615546
1830,249.999963559694,0,0,0,0,0,0,0,0,0,0,1.33479883439299e-5,1.33479883439299e-5,0,62,0.5,0,9,249.9999902556707
1860,249.999979036668,0,0,0,0,0,0,0,0,0,0,7.67881305824018e-6,7.67881305824018e-6,0,63,0.5,0,9,249.99999439429413
1890,249.999987940243,0,0,0,0,0,0,0,0,0,0,4.41745710781827e-6,4.41745710781827e-6,0,64,0.5,0,9,249.9999967751572
1920,249.99999306228,0,0,0,0,0,0,0,0,0,0,2.54126860364553e-6,2.54126860364553e-6,0,65,0.5,0,9,249.9999981448172
1950,249.99999600887801,0,0,0,0,0,0,0,0,0,0,1.46193744802056e-6,1.46193744802056e-6,0,66,0.5,0,9,249.9999989327529
1980,249.999997703993,0,0,0,0,0,0,0,0,0,0,8.41021319535534e-7,8.41021319535534e-7,0,67,0.5,0,9,249.99999938603563
0,250,0,0,0,0,0,0,0,0,0,0,0,0,0,1,0.5,1e-4,10,250
30,250.000322400697,0,0,0,0,0,0,0,0,0,0,0,0,0,2,0.5,1e-4,10,250.000322400697
60,250.000090984018,0,0,0,0,0,0,0,0,0,0,0,0,0,3,0.5,1e-4,10,250.000090984018
90,250.000018876751,0,0,0,0,0,0,0,0,0,0,0,0,0,4,0.5,1e-4,10,250.000018876751
120,227.543177946952,0,0,0,0,0,0,0,0,0,0,25.6636425821328,25.6636425821328,0.00527828740252547,5,0.5,1e-4,10,278.8757413986201
150,172.568421089969,0,0,0,0,0,0,0,0,0,0,48.6654819960326,48.6647237495878,0.0184229141433845,6,0.5,1e-4,10,269.91704974973277
180,130.904740170989,0,0,0,0,0,0,0,0,0,0,59.875579302289196,59.8737614549287,0.0402512907274401,7,0.5,1e-4,10,250.69433221893433
210,99.0547615113676,0,0,0,0,0,0,0,0,0,0,65.3406784210874,65.3378660599582,0.0761056750900983,8,0.5,1e-4,10,229.8094116675033
240,73.5015386184848,0,0,0,0,0,0,0,0,0,0,67.2584502173385,67.2548501476372,0.135521974714888,9,0.5,1e-4,10,208.15036095817538
270,52.6047110141179,0,0,0,0,0,0,0,0,0,0,66.3087870344164,66.3046743902224,0.237625737606454,10,0.5,1e-4,10,185.45579817636315
300,35.6796613798734,0,0,0,0,0,0,0,0,0,0,62.8233927617129,62.8190971958806,0.420675251130834,11,0.5,1e-4,10,161.74282658859775
330,22.4879356666727,0,0,0,0,0,0,0,0,0,0,57.1792929202322,57.1751725398158,0.763142289965622,12,0.5,1e-4,10,137.60554341668632
360,12.9166748928498,0,0,0,0,0,0,0,0,0,0,50.1102418984251,50.1066174029554,1.42754489924164,13,0.5,1e-4,10,114.56107909347195
390,6.73104471939932,0,0,0,0,0,0,0,0,0,0,43.042943424214,43.0399705096128,2.74283967047195,14,0.5,1e-4,10,95.55679832369808
420,4.89732824418952,0,0,0,0,0,0,0,0,0,0,27.8166218730192,27.8126577541841,4.60967143995074,15,0.5,1e-4,10,65.13627931134356
450,5.41919744658801,0,0,0,0,0,0,0,0,0,0,30.472148102602,30.4668145811994,16.2634475502991,16,0.5,1e-4,10,82.62160768068851
480,7.42602913288724,0,0,0,0,0,0,0,0,0,0,40.1048334725911,40.0977312362184,39.0770853492363,17,0.5,1e-4,10,126.70567919093304
510,8.45779915346057,0,0,0,0,0,0,0,0,0,0,44.2079839914764,44.2005081121797,73.1345797832149,18,0.5,1e-4,10,170.00087104033156
540,8.45523640636663,0,0,0,0,0,0,0,0,0,0,43.1152215994513,43.1084577069032,106.08856830282,19,0.5,1e-4,10,200.76748401554113
570,7.91609584738282,0,0,0,0,0,0,0,0,0,0,39.5531147078852,39.5474330535462,132.471496652116,20,0.5,1e-4,10,219.4881402609302
600,7.17999955250246,0,0,0,0,0,0,0,0,0,0,35.2982494092628,35.2936064895939,152.509383964988,21,0.5,1e-4,10,230.28123941634715
630,6.46213240651143,0,0,0,0,0,0,0,0,0,0,31.3466314077011,31.3428341190965,167.471985994786,22,0.5,1e-4,10,236.62358392809503
660,5.81931393556446,0,0,0,0,0,0,0,0,0,0,27.9124236642666,27.90928549066,178.855064265257,23,0.5,1e-4,10,240.49608735574807
690,5.26447818406882,0,0,0,0,0,0,0,0,0,0,25.0082681704766,25.0056388551327,187.695502713844,24,0.5,1e-4,10,242.9738879235221
720,4.79027583523019,0,0,0,0,0,0,0,0,0,0,22.5644272457991,22.5621936553175,194.713924534313,25,0.5,1e-4,10,244.6308212706598
750,4.38508538301937,0,0,0,0,0,0,0,0,0,0,20.5020224565192,20.5001005401855,200.395832927246,26,0.5,1e-4,10,245.78304130697006
780,4.03733654599168,0,0,0,0,0,0,0,0,0,0,18.7501741580433,18.7485012600562,205.075615630721,27,0.5,1e-4,10,246.61162759481218
810,3.73702089235811,0,0,0,0,0,0,0,0,0,0,17.2505550366227,17.2490839306005,208.988111466297,28,0.5,1e-4,10,247.2247713258783
840,3.4758830475684,0,0,0,0,0,0,0,0,0,0,15.95654325088,15.9552378538942,212.302052978555,29,0.5,1e-4,10,247.6897171308976
870,3.2472422712142,0,0,0,0,0,0,0,0,0,0,14.8312356018303,14.8300679532456,215.141231175295,30,0.5,1e-4,10,248.04977700158508
900,3.04572090095678,0,0,0,0,0,0,0,0,0,0,13.8454227891488,13.8443709232892,217.598227138785,31,0.5,1e-4,10,248.33374175217978
930,2.86698581332694,0,0,0,0,0,0,0,0,0,0,12.9758834757019,12.9749299120947,219.743489662697,32,0.5,1e-4,10,248.56128886382052
960,2.7075306629237,0,0,0,0,0,0,0,0,0,0,12.2040351182298,12.2031657778384,221.63146957744,33,0.5,1e-4,10,248.7462011364319
990,2.56450150070607,0,0,0,0,0,0,0,0,0,0,11.5148951074127,11.5140985246032,223.304849575282,34,0.5,1e-4,10,248.89834470800398
1020,2.43556006617233,0,0,0,0,0,0,0,0,0,0,10.8962883785478,10.8955551205208,224.797516601297,35,0.5,1e-4,10,249.02492016653792
1050,2.31877748580794,0,0,0,0,0,0,0,0,0,0,10.3382438202899,10.3375660538205,226.136687276962,36,0.5,1e-4,10,249.13127463688033
1080,2.21255172615491,0,0,0,0,0,0,0,0,0,0,9.83253311783876,9.83190428193841,227.34445219794,37,0.5,1e-4,10,249.22144132387209
1110,2.1155433438522,0,0,0,0,0,0,0,0,0,0,9.37231655172252,9.37173110742274,228.438914598429,38,0.5,1e-4,10,249.29850560142646
1140,2.02662525807011,0,0,0,0,0,0,0,0,0,0,8.95186917474514,8.95132241172128,229.435041348248,39,0.5,1e-4,10,249.36485819278454
1170,1.9448432689459,0,0,0,0,0,0,0,0,0,0,8.56636762526671,8.5658555108436,230.34530692523,40,0.5,1e-4,10,249.4223733302862
1200,1.8693848341442,0,0,0,0,0,0,0,0,0,0,8.21172293591539,8.21124199602503,231.18018636102,41,0.5,1e-4,10,249.4725361271046
1230,1.79955421973191,0,0,0,0,0,0,0,0,0,0,7.88444845595931,7.8839956804399,231.948536615483,42,0.5,1e-4,10,249.5165349716141
1260,1.73475259763192,0,0,0,0,0,0,0,0,0,0,7.58155476415534,7.58112753077724,232.657894558238,43,0.5,1e-4,10,249.5553294508025
1290,1.67446200418523,0,0,0,0,0,0,0,0,0,0,7.30046547409007,7.30006148712288,233.314711937647,44,0.5,1e-4,10,249.58970090304518
1320,1.61823233089347,0,0,0,0,0,0,0,0,0,0,7.03894932545146,7.0385665656206,233.924542251933,45,0.5,1e-4,10,249.6202904738985
1350,1.56567071101961,0,0,0,0,0,0,0,0,0,0,6.79506505818177,6.7947017416199,234.492190557961,46,0.5,1e-4,10,249.6476280687823
1380,1.51643281081898,0,0,0,0,0,0,0,0,0,0,6.56711638757671,6.56677093193316,235.021834467365,47,0.5,1e-4,10,249.67215459769386
1410,1.47021564396205,0,0,0,0,0,0,0,0,0,0,6.35361501315085,6.3532860094393,235.517122556944,48,0.5,1e-4,10,249.6942392234962
1440,1.42675161120938,0,0,0,0,0,0,0,0,0,0,6.15325005731342,6.1529362463911,235.981254936121,49,0.5,1e-4,10,249.71419285103488
1470,1.38580353124867,0,0,0,0,0,0,0,0,0,0,5.96486268121996,5.96456293402951,236.417049614824,50,0.5,1e-4,10,249.73227876132214
1500,1.34716047770489,0,0,0,0,0,0,0,0,0,0,5.7874248933531,5.78713819423963,236.826997492989,51,0.5,1e-4,10,249.7487210582866
1530,1.31063427530715,0,0,0,0,0,0,0,0,0,0,5.62002177242518,5.61974720498175,237.213308172948,52,0.5,1e-4,10,249.76371142566208
1560,1.27605653773094,0,0,0,0,0,0,0,0,0,0,5.46183648548468,5.4615732204875,237.577948324474,53,0.5,1e-4,10,249.7774145681771
1590,1.2432761527339,0,0,0,0,0,0,0,0,0,0,5.31213760600561,5.3118848910859,237.922673971003,54,0.5,1e-4,10,249.78997262082842
1620,1.21215713836979,0,0,0,0,0,0,0,0,0,0,5.17026833368243,5.17002548444818,238.249057786692,55,0.5,1e-4,10,249.8015087431924
1650,1.18257680842825,0,0,0,0,0,0,0,0,0,0,5.03563729393862,5.03540368631297,238.55851227721,56,0.5,1e-4,10,249.81213006588985
1680,1.15442419666295,0,0,0,0,0,0,0,0,0,0,4.907710655522,4.90748571910658,238.852309547557,57,0.5,1e-4,10,249.82193011884854
1710,1.12759869848919,0,0,0,0,0,0,0,0,0,0,4.78600535257961,4.78578856488554,239.131598226656,58,0.5,1e-4,10,249.83099084261033
1740,1.10200889615035,0,0,0,0,0,0,0,0,0,0,4.67008323600328,4.6698741174192,239.39741801271,59,0.5,1e-4,10,249.83938426228283
1770,1.07757153925572,0,0,0,0,0,0,0,0,0,0,4.55954600969155,4.55934411908048,239.650712219057,60,0.5,1e-4,10,249.84717388708475
1800,1.05421065737391,0,0,0,0,0,0,0,0,0,0,4.4540308322865,4.45383576312101,239.892338632769,61,0.5,1e-4,10,249.85441588555042
1830,1.03185678525737,0,0,0,0,0,0,0,0,0,0,4.35320648515141,4.35301786211118,240.123078943932,62,0.5,1e-4,10,249.86116007645197
1860,1.01044628445364,0,0,0,0,0,0,0,0,0,0,4.25677002381765,4.25658749978588,240.343646959572,63,0.5,1e-4,10,249.86745076762918
1890,0.989920747668271,0,0,0,0,0,0,0,0,0,0,4.16444384359929,4.16426709700376,240.554695780499,64,0.5,1e-4,10,249.87332746877033
1920,0.970226474393901,0,0,0,0,0,0,0,0,0,0,4.07597310113931,4.07580183359266,240.756824090135,65,0.5,1e-4,10,249.87882549926087
1950,0.951314008097783,0,0,0,0,0,0,0,0,0,0,3.99112344277839,3.99095737697863,240.950581680491,66,0.5,1e-4,10,249.88397650834582
1980,0.933137726735479,0,0,0,0,0,0,0,0,0,0,3.90967899819359,3.90951787605173,241.13647432075,67,0.5,1e-4,10,249.8888089217308
0,250,0,0,0,0,0,0,0,0,0,0,0,0,0,1,0.5,1e-4,11,250
30,250.000322400697,0,0,0,0,0,0,0,0,0,0,0,0,0,2,0.5,1e-4,11,250.000322400697
60,250.000090984018,0,0,0,0,0,0,0,0,0,0,0,0,0,3,0.5,1e-4,11,250.000090984018
90,250.000018876751,0,0,0,0,0,0,0,0,0,0,0,0,0,4,0.5,1e-4,11,250.000018876751
120,227.543177946952,0,0,0,0,0,0,0,0,0,0,25.6636425821328,25.6636425821328,0.00527828740252547,5,0.5,1e-4,11,278.8757413986201
150,172.568421089969,0,0,0,0,0,0,0,0,0,0,48.6654819960326,48.6647237495878,0.0184229141433845,6,0.5,1e-4,11,269.91704974973277
180,130.904740170989,0,0,0,0,0,0,0,0,0,0,59.875579302289196,59.8737614549287,0.0402512907274401,7,0.5,1e-4,11,250.69433221893433
210,99.0547615113676,0,0,0,0,0,0,0,0,0,0,65.3406784210874,65.3378660599582,0.0761056750900983,8,0.5,1e-4,11,229.8094116675033
240,73.5015386184848,0,0,0,0,0,0,0,0,0,0,67.2584502173385,67.2548501476372,0.135521974714888,9,0.5,1e-4,11,208.15036095817538
270,52.6047110141179,0,0,0,0,0,0,0,0,0,0,66.3087870344164,66.3046743902224,0.237625737606454,10,0.5,1e-4,11,185.45579817636315
300,35.6796613798734,0,0,0,0,0,0,0,0,0,0,62.8233927617129,62.8190971958806,0.420675251130834,11,0.5,1e-4,11,161.74282658859775
330,22.4879356666727,0,0,0,0,0,0,0,0,0,0,57.1792929202322,57.1751725398158,0.763142289965622,12,0.5,1e-4,11,137.60554341668632
360,12.9166748928498,0,0,0,0,0,0,0,0,0,0,50.1102418984251,50.1066174029554,1.42754489924164,13,0.5,1e-4,11,114.56107909347195
390,6.73104471939932,0,0,0,0,0,0,0,0,0,0,43.042943424214,43.0399705096128,2.74283967047195,14,0.5,1e-4,11,95.55679832369808
420,3.37705330496737,0,0,0,0,0,0,0,0,0,0,38.3049544981209,38.3024428556481,5.32504248183666,15,0.5,1e-4,11,85.30949314057304
450,2.84246554947807,0,0,0,0,0,0,0,0,0,0,28.7987091632329,28.7943734595337,8.62012488821357,16,0.5,1e-4,11,69.05567306045823
480,3.28428618350111,0,0,0,0,0,0,0,0,0,0,33.2733919966669,33.267457309558,29.7689119833956,17,0.5,1e-4,11,99.5940474731216
510,4.30662613049864,0,0,0,0,0,0,0,0,0,0,42.7765553294176,42.7690026129654,60.4674043780923,18,0.5,1e-4,11,150.31958845097392
540,4.51563056267942,0,0,0,0,0,0,0,0,0,0,44.1296392180528,44.1223358551035,96.3322489263846,19,0.5,1e-4,11,189.09985456222032
570,4.26958694877975,0,0,0,0,0,0,0,0,0,0,41.2560593739397,41.2497973994193,126.177422402783,20,0.5,1e-4,11,212.95286612492174
600,3.88918567773738,0,0,0,0,0,0,0,0,0,0,37.229625036408,37.2244666876041,148.33497576194,21,0.5,1e-4,11,226.67825316368948
630,3.48400301119693,0,0,0,0,0,0,0,0,0,0,33.1013540289037,33.0971466312188,164.827299823505,22,0.5,1e-4,11,234.50980349482444
660,3.12040230332392,0,0,0,0,0,0,0,0,0,0,29.461994888726,29.4585334637867,177.143757617463,23,0.5,1e-4,11,239.18468827329963
690,2.80614706211375,0,0,0,0,0,0,0,0,0,0,26.3545662506872,26.3516813137572,186.599525542721,24,0.5,1e-4,11,242.11192016927916
720,2.53906401282269,0,0,0,0,0,0,0,0,0,0,23.7368395344214,23.7344010215204,194.025791136024,25,0.5,1e-4,11,244.0360957047885
750,2.31225538126868,0,0,0,0,0,0,0,0,0,0,21.5292768567178,21.5271881578886,199.986857212904,26,0.5,1e-4,11,245.35557760877907
780,2.11884978831716,0,0,0,0,0,0,0,0,0,0,19.6575470925913,19.6557364024098,204.861641986631,27,0.5,1e-4,11,246.29377526994926
810,1.95284314540843,0,0,0,0,0,0,0,0,0,0,18.0587132563327,18.0571267180835,208.912924961859,28,0.5,1e-4,11,246.98160808168365
840,1.80931193073143,0,0,0,0,0,0,0,0,0,0,16.682099352441,16.6806960320372,212.327063849646,29,0.5,1e-4,11,247.49917116485565
870,1.6842978702144,0,0,0,0,0,0,0,0,0,0,15.4874755823182,15.4862239231609,215.23937415066,30,0.5,1e-4,11,247.8973715263535
900,1.57463863412922,0,0,0,0,0,0,0,0,0,0,14.4430029218835,14.4418782536209,217.750152407979,31,0.5,1e-4,11,248.2096722176126
930,1.47780471582727,0,0,0,0,0,0,0,0,0,0,13.5234024754861,13.5223852535771,219.935134594185,32,0.5,1e-4,11,248.45872703907548
960,1.39176344101594,0,0,0,0,0,0,0,0,0,0,12.7084840952079,12.7075586433096,221.85246765496,33,0.5,1e-4,11,248.66027383449344
990,1.31487103876752,0,0,0,0,0,0,0,0,0,0,11.9820044345081,11.9811580345942,223.547464616945,34,0.5,1e-4,11,248.82549812481483
1020,1.24578883214133,0,0,0,0,0,0,0,0,0,0,11.3307936601633,11.3300158854435,225.055914119224,35,0.5,1e-4,11,248.96251249697215
1050,1.18341864648702,0,0,0,0,0,0,0,0,0,0,10.7440900105719,10.7433722299777,226.406427213819,36,0.5,1e-4,11,249.07730810085562
1080,1.12685306618418,0,0,0,0,0,0,0,0,0,0,10.2130318581047,10.2123668635488,227.622129950218,37,0.5,1e-4,11,249.1743817380557
1110,1.07533701259955,0,0,0,0,0,0,0,0,0,0,9.73026819631802,9.72964991893598,228.721903192445,38,0.5,1e-4,11,249.25715832029857
1140,1.02823791892697,0,0,0,0,0,0,0,0,0,0,9.28965809977789,9.28908139146276,229.721303764102,39,0.5,1e-4,11,249.32828117426962
1170,0.985022438225799,0,0,0,0,0,0,0,0,0,0,8.88603722528832,8.88549768871105,230.633257805055,40,0.5,1e-4,11,249.38981515728017
1200,0.945238133827851,0,0,0,0,0,0,0,0,0,0,8.51503508298168,8.51452893802314,231.468588965815,41,0.5,1e-4,11,249.44339112064768
1230,0.908498988650542,0,0,0,0,0,0,0,0,0,0,8.172930991815,8.17245496963665,232.236425260865,42,0.5,1e-4,11,249.49031021096718
1260,0.874473858961056,0,0,0,0,0,0,0,0,0,0,7.85653970971487,7.85609096802057,232.944515682579,43,0.5,1e-4,11,249.5316202192755
1290,0.842877212790617,0,0,0,0,0,0,0,0,0,0,7.56311998627074,7.56269604097095,233.599478942625,44,0.5,1e-4,11,249.56817218265732
1320,0.813461652621461,0,0,0,0,0,0,0,0,0,0,7.29030094690025,7.28989961658552,234.207000624572,45,0.5,1e-4,11,249.60066284067923
1350,0.786011840678351,0,0,0,0,0,0,0,0,0,0,7.03602244465718,7.03564180515901,234.771990738766,46,0.5,1e-4,11,249.62966682926054
1380,0.760339533916643,0,0,0,0,0,0,0,0,0,0,6.798486427479,6.79812477443735,235.298710604289,47,0.5,1e-4,11,249.65566134012198
1410,0.7362795025044,0,0,0,0,0,0,0,0,0,0,6.57611704992858,6.57577286776205,235.790875767116,48,0.5,1e-4,11,249.67904518731103
1440,0.713686156009841,0,0,0,0,0,0,0,0,0,0,6.36752777082898,6.36719970686066,236.251740045425,49,0.5,1e-4,11,249.7001536791245
1470,0.692430739832739,0,0,0,0,0,0,0,0,0,0,6.17149406601,6.17118090877252,236.684164599101,50,0.5,1e-4,11,249.71927031371627
1500,0.672398993733187,0,0,0,0,0,0,0,0,0,0,5.98693068086148,5.98663134181093,237.090675031351,51,0.5,1e-4,11,249.7366360477566
1530,0.653489186869058,0,0,0,0,0,0,0,0,0,0,5.81287257396146,5.81258607198813,237.473508862135,52,0.5,1e-4,11,249.75245669495365
1560,0.635610461215908,0,0,0,0,0,0,0,0,0,0,5.6484588778849,5.64818432613165,237.834655206791,53,0.5,1e-4,11,249.76690887202346
1590,0.618681428840968,0,0,0,0,0,0,0,0,0,0,5.49291933904605,5.49265593364081,238.175888106442,54,0.5,1e-4,11,249.7801448079698
1620,0.602628979152232,0,0,0,0,0,0,0,0,0,0,5.34556280445654,5.34530981484034,238.498794659091,55,0.5,1e-4,11,249.79229625754013
1650,0.587387260630764,0,0,0,0,0,0,0,0,0,0,5.20576740657765,5.20552416716915,238.80479886961,56,0.5,1e-4,11,249.80347770398757
1680,0.572896808195325,0,0,0,0,0,0,0,0,0,0,5.07297216324959,5.07273806623415,239.095181956718,57,0.5,1e-4,11,249.81378899439707
1710,0.559103792634697,0,0,0,0,0,0,0,0,0,0,4.9466697619478,4.9464442510168,239.371099713684,58,0.5,1e-4,11,249.8233175192833
1740,0.545959372772161,0,0,0,0,0,0,0,0,0,0,4.82640033934609,4.82618290424265,239.633597407691,59,0.5,1e-4,11,249.8321400240519
1770,0.533419134426528,0,0,0,0,0,0,0,0,0,0,4.71174610065246,4.71153627240392,239.883622614016,60,0.5,1e-4,11,249.8403241214989
1800,0.521442602980391,0,0,0,0,0,0,0,0,0,0,4.60232665018123,4.60212399691906,240.122036310194,61,0.5,1e-4,11,249.84792956027468
1830,0.509992818594632,0,0,0,0,0,0,0,0,0,0,4.49779492649655,4.49759904978018,240.34962249827,62,0.5,1e-4,11,249.85500929314136
1860,0.499035964924295,0,0,0,0,0,0,0,0,0,0,4.39783365325657,4.39764418483125,240.56709657725,63,0.5,1e-4,11,249.8616103802621
1890,0.488541043677229,0,0,0,0,0,0,0,0,0,0,4.30215223143023,4.30196883035967,240.775112650441,64,0.5,1e-4,11,249.86777475590813
1920,0.47847958857835,0,0,0,0,0,0,0,0,0,0,4.21048401049057,4.21030636061464,240.974269921936,65,0.5,1e-4,11,249.87353988161956
1950,0.468825413309981,0,0,0,0,0,0,0,0,0,0,4.12258388601989,4.12241169369451,241.165118311583,66,0.5,1e-4,11,249.87893930460737
1980,0.459554388833234,0,0,0,0,0,0,0,0,0,0,4.03822617929175,4.0380591713751,241.34816339721,67,0.5,1e-4,11,249.88400313671008
0,250,0,0,0,0,0,0,0,0,0,0,0,0,0,1,0.5,1e-4,12,250
30,250.000322400697,0,0,0,0,0,0,0,0,0,0,0,0,0,2,0.5,1e-4,12,250.000322400697
60,250.000090984018,0,0,0,0,0,0,0,0,0,0,0,0,0,3,0.5,1e-4,12,250.000090984018
90,250.000018876751,0,0,0,0,0,0,0,0,0,0,0,0,0,4,0.5,1e-4,12,250.000018876751
120,227.543177946952,0,0,0,0,0,0,0,0,0,0,25.6636425821328,25.6636425821328,0.00527828740252547,5,0.5,1e-4,12,278.8757413986201
150,172.568421089969,0,0,0,0,0,0,0,0,0,0,48.6654819960326,48.6647237495878,0.0184229141433845,6,0.5,1e-4,12,269.91704974973277
180,130.904740170989,0,0,0,0,0,0,0,0,0,0,59.875579302289196,59.8737614549287,0.0402512907274401,7,0.5,1e-4,12,250.69433221893433
210,99.0547615113676,0,0,0,0,0,0,0,0,0,0,65.3406784210874,65.3378660599582,0.0761056750900983,8,0.5,1e-4,12,229.8094116675033
240,73.5015386184848,0,0,0,0,0,0,0,0,0,0,67.2584502173385,67.2548501476372,0.135521974714888,9,0.5,1e-4,12,208.15036095817538
270,52.6047110141179,0,0,0,0,0,0,0,0,0,0,66.3087870344164,66.3046743902224,0.237625737606454,10,0.5,1e-4,12,185.45579817636315
300,35.6796613798734,0,0,0,0,0,0,0,0,0,0,62.8233927617129,62.8190971958806,0.420675251130834,11,0.5,1e-4,12,161.74282658859775
330,22.4879356666727,0,0,0,0,0,0,0,0,0,0,57.1792929202322,57.1751725398158,0.763142289965622,12,0.5,1e-4,12,137.60554341668632
360,12.9166748928498,0,0,0,0,0,0,0,0,0,0,50.1102418984251,50.1066174029554,1.42754489924164,13,0.5,1e-4,12,114.56107909347195
390,6.73104471939932,0,0,0,0,0,0,0,0,0,0,43.042943424214,43.0399705096128,2.74283967047195,14,0.5,1e-4,12,95.55679832369808
420,3.37705330496737,0,0,0,0,0,0,0,0,0,0,38.3049544981209,38.3024428556481,5.32504248183666,15,0.5,1e-4,12,85.30949314057304
450,1.90129714349973,0,0,0,0,0,0,0,0,0,0,38.3110616878861,38.3084139557749,10.1883795947677,16,0.5,1e-4,12,88.70915238192843
480,1.83856234843895,0,0,0,0,0,0,0,0,0,0,34.7571585941577,34.751791419737,16.1785357820786,17,0.5,1e-4,12,87.52604814441226
510,1.99992525806317,0,0,0,0,0,0,0,0,0,0,37.6341768943461,37.6275269776627,46.8965241884872,18,0.5,1e-4,12,124.15815331855916
540,2.3790434031074,0,0,0,0,0,0,0,0,0,0,44.4246893697231,44.4170626242623,80.2153641780113,19,0.5,1e-4,12,171.43615957510409
570,2.32873661401925,0,0,0,0,0,0,0,0,0,0,43.1385867499799,43.131716384915,113.999881690094,20,0.5,1e-4,12,202.59892143900817
600,2.13865687218387,0,0,0,0,0,0,0,0,0,0,39.4071417331484,39.401407282389,139.84498574317,21,0.5,1e-4,12,220.7921916308913
630,1.92156421992142,0,0,0,0,0,0,0,0,0,0,35.2507182219509,35.2460280756966,158.729030067139,22,0.5,1e-4,12,231.14734058470793
660,1.7145630665252,0,0,0,0,0,0,0,0,0,0,31.3398973639375,31.3360588698432,172.758459162414,23,0.5,1e-4,12,237.1489784627199
690,1.53487310715713,0,0,0,0,0,0,0,0,0,0,27.9704972731771,27.9673185048064,183.34185476941,24,0.5,1e-4,12,240.81454365455062
720,1.38186919744368,0,0,0,0,0,0,0,0,0,0,25.116774423568,25.1141054365826,191.55394054801,25,0.5,1e-4,12,243.16668960560426
750,1.25245896855056,0,0,0,0,0,0,0,0,0,0,22.7129145288898,22.7106425345352,198.071847273053,26,0.5,1e-4,12,244.74786330502857
780,1.14265522717121,0,0,0,0,0,0,0,0,0,0,20.6799222421181,20.6779636189475,203.353008878456,27,0.5,1e-4,12,245.8535499666928
810,1.04891788445942,0,0,0,0,0,0,0,0,0,0,18.9491280988746,18.9474204355772,207.707550269489,28,0.5,1e-4,12,246.65301668840021
840,0.968301247496767,0,0,0,0,0,0,0,0,0,0,17.4640704926295,17.4625666623111,211.352666305168,29,0.5,1e-4,12,247.24760470760535
870,0.8984379794605,0,0,0,0,0,0,0,0,0,0,16.1797214260815,16.1783853412689,214.444010420791,30,0.5,1e-4,12,247.7005551676019
900,0.837442402296719,0,0,0,0,0,0,0,0,0,0,15.0604137775204,15.0592174094898,217.095711086163,31,0.5,1e-4,12,248.05278467546992
930,0.78381351354028,0,0,0,0,0,0,0,0,0,0,14.0778785035454,14.0767997832616,219.393125129532,32,0.5,1e-4,12,248.3316169298793
960,0.736351628814009,0,0,0,0,0,0,0,0,0,0,13.2095999277585,13.2086212547124,221.401236864745,33,0.5,1e-4,12,248.5558096760299
990,0.694091949886162,0,0,0,0,0,0,0,0,0,0,12.437523236839,12.4366304068027,223.170311076667,34,0.5,1e-4,12,248.73855667019484
1020,0.656252996869235,0,0,0,0,0,0,0,0,0,0,11.7470604227249,11.7462418465582,224.739784181152,35,0.5,1e-4,12,248.88933944730434
1050,0.622197009866272,0,0,0,0,0,0,0,0,0,0,11.1263320356013,11.1255781625207,226.140995933612,36,0.5,1e-4,12,249.01510314160026
1080,0.591399599697529,0,0,0,0,0,0,0,0,0,0,10.5655890133025,10.5648918995831,227.399142124642,37,0.5,1e-4,12,249.12102263722514
1110,0.563426430736823,0,0,0,0,0,0,0,0,0,0,10.0567702971471,10.0561232795993,228.534693474998,38,0.5,1e-4,12,249.2110134824812
1140,0.537915219612493,0,0,0,0,0,0,0,0,0,0,9.59316246165941,9.59255990754491,229.56444219331,39,0.5,1e-4,12,249.2880797821268
1170,0.514561752876089,0,0,0,0,0,0,0,0,0,0,9.16913609608533,9.16857320948082,230.50228454273,40,0.5,1e-4,12,249.35455560117222
1200,0.493108953075934,0,0,0,0,0,0,0,0,0,0,8.77994017235553,8.77941284268747,231.359813408546,41,0.5,1e-4,12,249.41227537666492
1230,0.473338268749796,0,0,0,0,0,0,0,0,0,0,8.42154047207552,8.42104515450685,232.146772219316,42,0.5,1e-4,12,249.46269611464817
1260,0.455062846720908,0,0,0,0,0,0,0,0,0,0,8.09049170842309,8.09002532854857,232.871406397042,43,0.5,1e-4,12,249.50698628073457
1290,0.438122080242738,0,0,0,0,0,0,0,0,0,0,7.78383559476971,7.78339547204453,233.540738174334,44,0.5,1e-4,12,249.54609132139097
1320,0.422377226390845,0,0,0,0,0,0,0,0,0,0,7.49901903411923,7.49860281985716,234.160783470736,45,0.5,1e-4,12,249.58078255110323
1350,0.407707860050282,0,0,0,0,0,0,0,0,0,0,7.23382802088093,7.23343364768177,234.736724512751,46,0.5,1e-4,12,249.611694041364
1380,0.394008986843589,0,0,0,0,0,0,0,0,0,0,6.98633389678557,6.98595953700171,235.273048327703,47,0.5,1e-4,12,249.63935074833387
1410,0.381188678459208,0,0,0,0,0,0,0,0,0,0,6.75484938549198,6.7544934168982,235.773658688511,48,0.5,1e-4,12,249.66419016936038
1440,0.369166124755919,0,0,0,0,0,0,0,0,0,0,6.53789241740924,6.53755339465432,236.241967231928,49,0.5,1e-4,12,249.68657916874747
1470,0.357870020408234,0,0,0,0,0,0,0,0,0,0,6.33415619927871,6.33383283000964,236.680968111704,50,0.5,1e-4,12,249.70682716140058
1500,0.347237221663719,0,0,0,0,0,0,0,0,0,0,6.14248431961067,6.14217544439687,237.093299539193,51,0.5,1e-4,12,249.72519652486426
1530,0.337211622423758,0,0,0,0,0,0,0,0,0,0,5.96184993839717,5.9615545137644,237.481294809183,52,0.5,1e-4,12,249.74191088376833
1560,0.327743209373873,0,0,0,0,0,0,0,0,0,0,5.79133830753484,5.79105539155797,237.847024839174,53,0.5,1e-4,12,249.75716174764068
1590,0.318787264043836,0,0,0,0,0,0,0,0,0,0,5.63013202171071,5.62986076172383,238.192333816994,54,0.5,1e-4,12,249.77111386447237
1620,0.310303686039257,0,0,0,0,0,0,0,0,0,0,5.47749851894052,5.47723814100808,238.518869219408,55,0.5,1e-4,12,249.78390956539587
1650,0.302256416677661,0,0,0,0,0,0,0,0,0,0,5.33277944353775,5.33252924339737,238.828107207701,56,0.5,1e-4,12,249.79567231131378
1680,0.294612946200449,0,0,0,0,0,0,0,0,0,0,5.19538155804395,5.19514089328503,239.121374206647,57,0.5,1e-4,12,249.80650960417643
1710,0.287343890856378,0,0,0,0,0,0,0,0,0,0,5.06476894909122,5.06453723237562,239.399865317027,58,0.5,1e-4,12,249.81651538935023
1740,0.280422628643661,0,0,0,0,0,0,0,0,0,0,4.94045631871893,4.9402330118843,239.664660088644,59,0.5,1e-4,12,249.8257720478909
1770,0.273824984494522,0,0,0,0,0,0,0,0,0,0,4.82200318993894,4.82178779885256,239.916736083353,60,0.5,1e-4,12,249.834352056639
1800,0.267528957294206,0,0,0,0,0,0,0,0,0,0,4.70900888533087,4.70880095538406,240.156980579721,61,0.5,1e-4,12,249.84231937773012
1830,0.261514482427521,0,0,0,0,0,0,0,0,0,0,4.60110816169079,4.60090727384211,240.38620070868,62,0.5,1e-4,12,249.84973062664042
1860,0.255763224603594,0,0,0,0,0,0,0,0,0,0,4.49796740344288,4.49777317073308,240.605132259318,63,0.5,1e-4,12,249.85663605809756
1890,0.250258396572722,0,0,0,0,0,0,0,0,0,0,4.39928129357953,4.3990933580535,240.814447353308,64,0.5,1e-4,12,249.86308040151374
1920,0.244984600056853,0,0,0,0,0,0,0,0,0,0,4.30476989404756,4.30458792402838,241.014761153408,65,0.5,1e-4,12,249.8691035715408
1950,0.239927685797604,0,0,0,0,0,0,0,0,0,0,4.21417607831335,4.21399976598202,241.20663774452,66,0.5,1e-4,12,249.87474127461297
1980,0.235074630106919,0,0,0,0,0,0,0,0,0,0,4.12726326777009,4.1270923270113,241.390595303534,67,0.5,1e-4,12,249.88002552842232
0,250,0,0,0,0,0,0,0,0,0,0,0,0,0,1,0.5,1e-4,13,250
30,250.000322400697,0,0,0,0,0,0,0,0,0,0,0,0,0,2,0.5,1e-4,13,250.000322400697
60,250.000090984018,0,0,0,0,0,0,0,0,0,0,0,0,0,3,0.5,1e-4,13,250.000090984018
90,250.000018876751,0,0,0,0,0,0,0,0,0,0,0,0,0,4,0.5,1e-4,13,250.000018876751
120,227.543177946952,0,0,0,0,0,0,0,0,0,0,25.6636425821328,25.6636425821328,0.00527828740252547,5,0.5,1e-4,13,278.8757413986201
150,172.568421089969,0,0,0,0,0,0,0,0,0,0,48.6654819960326,48.6647237495878,0.0184229141433845,6,0.5,1e-4,13,269.91704974973277
180,130.904740170989,0,0,0,0,0,0,0,0,0,0,59.875579302289196,59.8737614549287,0.0402512907274401,7,0.5,1e-4,13,250.69433221893433
210,99.0547615113676,0,0,0,0,0,0,0,0,0,0,65.3406784210874,65.3378660599582,0.0761056750900983,8,0.5,1e-4,13,229.8094116675033
240,73.5015386184848,0,0,0,0,0,0,0,0,0,0,67.2584502173385,67.2548501476372,0.135521974714888,9,0.5,1e-4,13,208.15036095817538
270,52.6047110141179,0,0,0,0,0,0,0,0,0,0,66.3087870344164,66.3046743902224,0.237625737606454,10,0.5,1e-4,13,185.45579817636315
300,35.6796613798734,0,0,0,0,0,0,0,0,0,0,62.8233927617129,62.8190971958806,0.420675251130834,11,0.5,1e-4,13,161.74282658859775
330,22.4879356666727,0,0,0,0,0,0,0,0,0,0,57.1792929202322,57.1751725398158,0.763142289965622,12,0.5,1e-4,13,137.60554341668632
360,12.9166748928498,0,0,0,0,0,0,0,0,0,0,50.1102418984251,50.1066174029554,1.42754489924164,13,0.5,1e-4,13,114.56107909347195
390,6.73104471939932,0,0,0,0,0,0,0,0,0,0,43.042943424214,43.0399705096128,2.74283967047195,14,0.5,1e-4,13,95.55679832369808
420,3.37705330496737,0,0,0,0,0,0,0,0,0,0,38.3049544981209,38.3024428556481,5.32504248183666,15,0.5,1e-4,13,85.30949314057304
450,1.90129714349973,0,0,0,0,0,0,0,0,0,0,38.3110616878861,38.3084139557749,10.1883795947677,16,0.5,1e-4,13,88.70915238192843
480,1.26102261916315,0,0,0,0,0,0,0,0,0,0,43.084126952841,43.0807189068779,18.6704152696805,17,0.5,1e-4,13,106.09628374856254
510,1.22421042975506,0,0,0,0,0,0,0,0,0,0,41.4862206446545,41.4799176794943,28.479664815794,18,0.5,1e-4,13,112.67001356969786
540,1.2324002888045,0,0,0,0,0,0,0,0,0,0,41.4267811691625,41.4197236515461,64.6712136278212,19,0.5,1e-4,13,148.7501187373343
570,1.33634162263715,0,0,0,0,0,0,0,0,0,0,44.7906586625312,44.7833319615311,97.1737692311862,20,0.5,1e-4,13,188.08410147788564
600,1.24865997692783,0,0,0,0,0,0,0,0,0,0,41.6844836493238,41.6781802842683,127.597112882003,21,0.5,1e-4,13,212.20843679252295
630,1.12994751017297,0,0,0,0,0,0,0,0,0,0,37.6172005334296,37.6119985744612,149.851921154808,22,0.5,1e-4,13,226.21106777287176
660,1.0085609498165,0,0,0,0,0,0,0,0,0,0,33.5007332950235,33.4964818663346,166.237106415689,23,0.5,1e-4,13,234.2428825268636
690,0.899629856026096,0,0,0,0,0,0,0,0,0,0,29.8260011148178,29.8225025582413,178.462815562838,24,0.5,1e-4,13,239.01094909192318
720,0.806441849643304,0,0,0,0,0,0,0,0,0,0,26.6937689902562,26.6908523797093,187.800295281288,25,0.5,1e-4,13,241.99135850089678
750,0.727612351146058,0,0,0,0,0,0,0,0,0,0,24.0509771884036,24.0485118200259,195.119339204301,26,0.5,1e-4,13,243.94644056387656
780,0.660978512555385,0,0,0,0,0,0,0,0,0,0,21.8216226895386,21.8195110335036,200.983671976413,27,0.5,1e-4,13,245.28578421201058
810,0.604361805892588,0,0,0,0,0,0,0,0,0,0,19.9305684279748,19.9287379599937,205.77389306031,28,0.5,1e-4,13,246.23756125417108
840,0.555915005639272,0,0,0,0,0,0,0,0,0,0,18.3146783599633,18.3130746426514,209.751518149539,29,0.5,1e-4,13,246.93518615779297
870,0.514137421624065,0,0,0,0,0,0,0,0,0,0,16.9229277075656,16.9215093510624,213.101516983302,30,0.5,1e-4,13,247.46009146355405
900,0.477833227070328,0,0,0,0,0,0,0,0,0,0,15.7148060241573,15.7135411119108,215.957786409362,31,0.5,1e-4,13,247.86396677250042
930,0.446052879384028,0,0,0,0,0,0,0,0,0,0,14.6582336698037,14.6570972454238,218.419375879226,32,0.5,1e-4,13,248.18075967383754
960,0.418040614677643,0,0,0,0,0,0,0,0,0,0,13.7277327798232,13.726705069398,220.560961392058,33,0.5,1e-4,13,248.43343985595683
990,0.393191552930646,0,0,0,0,0,0,0,0,0,0,12.9029481247041,12.9020132662486,222.43980668173,34,0.5,1e-4,13,248.63795962561335
1020,0.371018195997859,0,0,0,0,0,0,0,0,0,0,12.1674991304552,12.1666442543091,224.100493487314,35,0.5,1e-4,13,248.80565506807616
1050,0.35112467586993,0,0,0,0,0,0,0,0,0,0,11.5081012957301,11.5073158501597,225.578205616371,36,0.5,1e-4,13,248.94474743813075
1080,0.333187061701551,0,0,0,0,0,0,0,0,0,0,10.9138964974764,10.9131717476107,226.901052853571,37,0.5,1e-4,13,249.06130816035966
1110,0.316938285003635,0,0,0,0,0,0,0,0,0,0,10.3759416509875,10.3752703018342,228.091744285119,38,0.5,1e-4,13,249.15989452294434
1140,0.302156552570035,0,0,0,0,0,0,0,0,0,0,9.88681649068042,9.88619240009307,229.168812356625,39,0.5,1e-4,13,249.24397779996855
1170,0.288656388486963,0,0,0,0,0,0,0,0,0,0,9.44032087238437,9.43973883004807,230.147521297924,40,0.5,1e-4,13,249.31623738884338
1200,0.276281662510128,0,0,0,0,0,0,0,0,0,0,9.03123954777375,9.03069510322315,231.040550268943,41,0.5,1e-4,13,249.37876658245003
1230,0.264900126065908,0,0,0,0,0,0,0,0,0,0,8.65515804612029,8.65464737358563,231.858513367012,42,0.5,1e-4,13,249.43321891278381
1260,0.254399099191832,0,0,0,0,0,0,0,0,0,0,8.30831750554716,8.30783729675845,232.610359906458,43,0.5,1e-4,13,249.48091380795543
1290,0.244682041829359,0,0,0,0,0,0,0,0,0,0,7.98749938808912,7.98704676651896,233.303685738606,44,0.5,1e-4,13,249.52291393504342
1320,0.235665809254673,0,0,0,0,0,0,0,0,0,0,7.68993328319573,7.68950573489761,233.94497771349,45,0.5,1e-4,13,249.560082540838
1350,0.227278440407099,0,0,0,0,0,0,0,0,0,0,7.41322267503383,7.41281799244171,234.539807357476,46,0.5,1e-4,13,249.59312646535864
1380,0.219457364146247,0,0,0,0,0,0,0,0,0,0,7.15528478359552,7.15490101953123,235.092985593413,47,0.5,1e-4,13,249.622628760686
1410,0.212147935467761,0,0,0,0,0,0,0,0,0,0,6.91430150690777,6.9139369366912,235.608687299052,48,0.5,1e-4,13,249.64907367811873
1440,0.205302233919608,0,0,0,0,0,0,0,0,0,0,6.68867917724493,6.68833226728416,236.090552311523,49,0.5,1e-4,13,249.67286598997168
1470,0.198878071685494,0,0,0,0,0,0,0,0,0,0,6.47701535994335,6.47668474154296,236.541767888979,50,0.5,1e-4,13,249.6943460621508
1500,0.192838170342552,0,0,0,0,0,0,0,0,0,0,6.2780713138371,6.27775576123658,236.965136463443,51,0.5,1e-4,13,249.71380170885922
1530,0.187149474104315,0,0,0,0,0,0,0,0,0,0,6.09074902983718,6.09044744169974,237.363131642719,52,0.5,1e-4,13,249.73147758836024
1560,0.181782574118678,0,0,0,0,0,0,0,0,0,0,5.91407199233886,5.9137833760714,237.737944761294,53,0.5,1e-4,13,249.74758270382293
1590,0.176711223611596,0,0,0,0,0,0,0,0,0,0,5.74716898423143,5.74689244264045,238.09152378172,54,0.5,1e-4,13,249.7622964322035
1620,0.171911927724939,0,0,0,0,0,0,0,0,0,0,5.58926039302536,5.58899511291048,238.42560596749,55,0.5,1e-4,13,249.77577340115076
1650,0.167363595069272,0,0,0,0,0,0,0,0,0,0,5.43964658243088,5.43939182479369,238.741745455654,56,0.5,1e-4,13,249.78814745794784
1680,0.163047240506572,0,0,0,0,0,0,0,0,0,0,5.29769797765212,5.29745306925791,239.041336630631,57,0.5,1e-4,13,249.7995349180476
1710,0.158945730650073,0,0,0,0,0,0,0,0,0,0,5.16284657897473,5.16261090505272,239.325634023697,58,0.5,1e-4,13,249.81003723837452
1740,0.155043565135942,0,0,0,0,0,0,0,0,0,0,5.03457867090378,5.03435166880935,239.595769323717,59,0.5,1e-4,13,249.81974322856607
1770,0.151326687974031,0,0,0,0,0,0,0,0,0,0,4.91242853617384,4.91220968986709,239.852765974934,60,0.5,1e-4,13,249.82873088894894
1800,0.147782324290603,0,0,0,0,0,0,0,0,0,0,4.7959730177112,4.79576185293092,240.09755175041,61,0.5,1e-4,13,249.8370689453427
1830,0.144398838587394,0,0,0,0,0,0,0,0,0,0,4.68482679885091,4.68462287888306,240.330969620036,62,0.5,1e-4,13,249.84481813635736
1860,0.141165611298987,0,0,0,0,0,0,0,0,0,0,4.57863829416548,4.57844121612202,240.553787176059,63,0.5,1e-4,13,249.85203229764548
1890,0.138072930966028,0,0,0,0,0,0,0,0,0,0,4.47708606120939,4.47689545274635,240.766704833871,64,0.5,1e-4,13,249.85875927879275
1920,0.13511189977954,0,0,0,0,0,0,0,0,0,0,4.37987565815138,4.37969117456659,240.970362989162,65,0.5,1e-4,13,249.8650417216595
1950,0.13227435061111,0,0,0,0,0,0,0,0,0,0,4.28673688430419,4.28655820596378,241.165348282647,66,0.5,1e-4,13,249.87091772352608
1980,0.129552773939955,0,0,0,0,0,0,0,0,0,0,4.19742135047926,4.19724818053013,241.352199099113,67,0.5,1e-4,13,249.87642140406234
0,250,0,0,0,0,0,0,0,0,0,0,0,0,0,1,0.5,1e-4,14,250
30,250.000322400697,0,0,0,0,0,0,0,0,0,0,0,0,0,2,0.5,1e-4,14,250.000322400697
60,250.000090984018,0,0,0,0,0,0,0,0,0,0,0,0,0,3,0.5,1e-4,14,250.000090984018
90,250.000018876751,0,0,0,0,0,0,0,0,0,0,0,0,0,4,0.5,1e-4,14,250.000018876751
120,227.543177946952,0,0,0,0,0,0,0,0,0,0,25.6636425821328,25.6636425821328,0.00527828740252547,5,0.5,1e-4,14,278.8757413986201
150,172.568421089969,0,0,0,0,0,0,0,0,0,0,48.6654819960326,48.6647237495878,0.0184229141433845,6,0.5,1e-4,14,269.91704974973277
180,130.904740170989,0,0,0,0,0,0,0,0,0,0,59.875579302289196,59.8737614549287,0.0402512907274401,7,0.5,1e-4,14,250.69433221893433
210,99.0547615113676,0,0,0,0,0,0,0,0,0,0,65.3406784210874,65.3378660599582,0.0761056750900983,8,0.5,1e-4,14,229.8094116675033
240,73.5015386184848,0,0,0,0,0,0,0,0,0,0,67.2584502173385,67.2548501476372,0.135521974714888,9,0.5,1e-4,14,208.15036095817538
270,52.6047110141179,0,0,0,0,0,0,0,0,0,0,66.3087870344164,66.3046743902224,0.237625737606454,10,0.5,1e-4,14,185.45579817636315
300,35.6796613798734,0,0,0,0,0,0,0,0,0,0,62.8233927617129,62.8190971958806,0.420675251130834,11,0.5,1e-4,14,161.74282658859775
330,22.4879356666727,0,0,0,0,0,0,0,0,0,0,57.1792929202322,57.1751725398158,0.763142289965622,12,0.5,1e-4,14,137.60554341668632
360,12.9166748928498,0,0,0,0,0,0,0,0,0,0,50.1102418984251,50.1066174029554,1.42754489924164,13,0.5,1e-4,14,114.56107909347195
390,6.73104471939932,0,0,0,0,0,0,0,0,0,0,43.042943424214,43.0399705096128,2.74283967047195,14,0.5,1e-4,14,95.55679832369808
420,3.37705330496737,0,0,0,0,0,0,0,0,0,0,38.3049544981209,38.3024428556481,5.32504248183666,15,0.5,1e-4,14,85.30949314057304
450,1.90129714349973,0,0,0,0,0,0,0,0,0,0,38.3110616878861,38.3084139557749,10.1883795947677,16,0.5,1e-4,14,88.70915238192843
480,1.26102261916315,0,0,0,0,0,0,0,0,0,0,43.084126952841,43.0807189068779,18.6704152696805,17,0.5,1e-4,14,106.09628374856254
510,0.888104651521192,0,0,0,0,0,0,0,0,0,0,49.8387311273029,49.8344137003536,31.4363975977881,18,0.5,1e-4,14,131.9976470769658
540,0.816235892810761,0,0,0,0,0,0,0,0,0,0,46.5406731214741,46.53395577076,44.174161364774,19,0.5,1e-4,14,138.06502614981886
570,0.771856835236199,0,0,0,0,0,0,0,0,0,0,43.78942227153,43.7823972495052,81.2309967279711,20,0.5,1e-4,14,169.5746730842425
600,0.77914561532675,0,0,0,0,0,0,0,0,0,0,44.1067442790521,44.0999809820574,111.609014935405,21,0.5,1e-4,14,200.59488581184127
630,0.709217504699455,0,0,0,0,0,0,0,0,0,0,40.0730963165067,40.0674123943522,138.398523196497,22,0.5,1e-4,14,219.24824941205534
660,0.636275698213157,0,0,0,0,0,0,0,0,0,0,35.8931285275153,35.8884556829483,157.75540098062,23,0.5,1e-4,14,230.17326088929676
690,0.566581015594208,0,0,0,0,0,0,0,0,0,0,31.9220405152902,31.9182090494965,172.143678775505,24,0.5,1e-4,14,236.5505093558859
720,0.505988338985643,0,0,0,0,0,0,0,0,0,0,28.4772678840448,28.4740947378527,182.97268634477,25,0.5,1e-4,14,240.43003730565314
750,0.45455302268926,0,0,0,0,0,0,0,0,0,0,25.5588360236628,25.5561729378252,191.339158030162,26,0.5,1e-4,14,242.90872001433925
780,0.411144137780828,0,0,0,0,0,0,0,0,0,0,23.0991707704962,23.0969053930934,197.959593864442,27,0.5,1e-4,14,244.56681416581245
810,0.374408464462465,0,0,0,0,0,0,0,0,0,0,21.019961322727,21.0180098823481,203.309193808069,28,0.5,1e-4,14,245.72157347760657
840,0.343122917025642,0,0,0,0,0,0,0,0,0,0,19.2508571871878,19.2491570594744,207.710528197254,29,0.5,1e-4,14,246.55366536094184
870,0.31627652869574,0,0,0,0,0,0,0,0,0,0,17.7339703784321,17.7324742448251,211.388049070964,30,0.5,1e-4,14,247.17077022291693
900,0.293058410840763,0,0,0,0,0,0,0,0,0,0,16.4229881268905,16.4216597562179,214.502058263417,31,0.5,1e-4,14,247.63976455736616
930,0.272824836091486,0,0,0,0,0,0,0,0,0,0,15.2812156145941,15.2800268774311,217.169676569671,32,0.5,1e-4,14,248.00374389778767
960,0.255064892863496,0,0,0,0,0,0,0,0,0,0,14.2795714718082,14.2785002320128,219.478250805128,33,0.5,1e-4,14,248.2913874018125
990,0.239371371283292,0,0,0,0,0,0,0,0,0,0,13.3949044205773,13.3939330350364,221.494116438151,34,0.5,1e-4,14,248.52232526504798
1020,0.225417623697246,0,0,0,0,0,0,0,0,0,0,12.6086616233973,12.607775862614,223.268474684612,35,0.5,1e-4,14,248.71032979432053
1050,0.212939686406344,0,0,0,0,0,0,0,0,0,0,11.9058630854963,11.9050513470937,224.841422313337,36,0.5,1e-4,14,248.86527643233336
1080,0.201722601615475,0,0,0,0,0,0,0,0,0,0,11.274318774986,11.2735715031747,226.244771964885,37,0.5,1e-4,14,248.99438484466117
1110,0.191589970154805,0,0,0,0,0,0,0,0,0,0,10.7040316969188,10.7033409485149,227.504062659268,38,0.5,1e-4,14,249.1030252748565
1140,0.182395949512326,0,0,0,0,0,0,0,0,0,0,10.1867413180278,10.1861004340486,228.640017209553,39,0.5,1e-4,14,249.19525491114175
1170,0.174019093367171,0,0,0,0,0,0,0,0,0,0,9.71557246568453,9.71497581995295,229.669614914184,40,0.5,1e-4,14,249.27418229318866
1200,0.166357578627435,0,0,0,0,0,0,0,0,0,0,9.28476356777638,9.28420637237329,230.606892152483,41,0.5,1e-4,14,249.3422196712601
1230,0.159325481701019,0,0,0,0,0,0,0,0,0,0,8.88945481043488,8.88893296360293,231.463547577229,42,0.5,1e-4,14,249.40126083296784
1260,0.152849852443068,0,0,0,0,0,0,0,0,0,0,8.5255217974418,8.52503176353853,232.249404998101,43,0.5,1e-4,14,249.4528084115244
1290,0.146868398346077,0,0,0,0,0,0,0,0,0,0,8.18944398646775,8.18898270036569,232.972771273791,44,0.5,1e-4,14,249.49806635897053
1320,0.141327638731902,0,0,0,0,0,0,0,0,0,0,7.87819988789987,7.87776467821694,233.64071581257,45,0.5,1e-4,14,249.53800801741872
1350,0.136181423442037,0,0,0,0,0,0,0,0,0,0,7.58918300361904,7.58877153058685,234.259290889283,46,0.5,1e-4,14,249.57342684693091
1380,0.131389736165127,0,0,0,0,0,0,0,0,0,0,7.32013395112359,7.31974415593296,234.833706817438,47,0.5,1e-4,14,249.60497466065968
1410,0.126917721555687,0,0,0,0,0,0,0,0,0,0,7.06908530567392,7.06871536889296,235.368472352798,48,0.5,1e-4,14,249.63319074892055
1440,0.122734889476144,0,0,0,0,0,0,0,0,0,0,6.83431650298962,6.83396481020846,235.86750807889,49,0.5,1e-4,14,249.65852428156424
1470,0.118814460329794,0,0,0,0,0,0,0,0,0,0,6.61431675198518,6.61398186525865,236.334238620311,50,0.5,1e-4,14,249.68135169788462
1500,0.115132823480997,0,0,0,0,0,0,0,0,0,0,6.40775436484871,6.40743499882253,236.771668133991,51,0.5,1e-4,14,249.70199032114323
1530,0.111669086858627,0,0,0,0,0,0,0,0,0,0,6.21345125934786,6.21314626119229,237.182442495302,52,0.5,1e-4,14,249.7207091027008
1560,0.108404700502843,0,0,0,0,0,0,0,0,0,0,6.03036165384649,6.03006998630425,237.568900823973,53,0.5,1e-4,14,249.73773716462657
1590,0.105323140404183,0,0,0,0,0,0,0,0,0,0,5.85755417977116,5.85727490676721,237.933118412858,54,0.5,1e-4,14,249.75327063980055
1620,0.102409641762604,0,0,0,0,0,0,0,0,0,0,5.69419679432917,5.69392906869949,238.276942680408,55,0.5,1e-4,14,249.76747818519928
1650,0.0996509729586368,0,0,0,0,0,0,0,0,0,0,5.53954399934201,5.539287052324,238.602023428943,56,0.5,1e-4,14,249.78050545356766
1680,0.0970352432246483,0,0,0,0,0,0,0,0,0,0,5.39292596843535,5.39267910063007,238.909838429418,57,0.5,1e-4,14,249.79247874170807
1710,0.0945517383405095,0,0,0,0,0,0,0,0,0,0,5.25373926073745,5.2535018343072,239.201715150278,58,0.5,1e-4,14,249.80350798366317
1740,0.0921907797367005,0,0,0,0,0,0,0,0,0,0,5.12143885935734,5.12121029126486,239.478849289075,59,0.5,1e-4,14,249.81368921943388
1770,0.0899436032311233,0,0,0,0,0,0,0,0,0,0,4.99553132078092,4.99531107691032,239.74232064045,60,0.5,1e-4,14,249.82310664137236
1800,0.0878022543009568,0,0,0,0,0,0,0,0,0,0,4.87556885962938,4.87535644965666,239.993106734996,61,0.5,1e-4,14,249.83183429858298
1830,0.0857594973339591,0,0,0,0,0,0,0,0,0,0,4.76114422403116,4.76093919693448,240.232094604653,62,0.5,1e-4,14,249.83993752295262
1860,0.0838087367425763,0,0,0,0,0,0,0,0,0,0,4.65188624175179,4.65168818186938,240.460090967048,63,0.5,1e-4,14,249.84747412741174
1890,0.0819439481806289,0,0,0,0,0,0,0,0,0,0,4.54745593743211,4.54726446099117,240.677831070373,64,0.5,1e-4,14,249.8544954169769
1920,0.0801596183930196,0,0,0,0,0,0,0,0,0,0,4.44754313776063,4.44735788981214,240.885986399199,65,0.5,1e-4,14,249.86104704516478
1950,0.0784506924669545,0,0,0,0,0,0,0,0,0,0,4.3518634948937,4.35168414659855,241.085171408198,66,0.5,1e-4,14,249.8671697421572
1980,0.0768125274489189,0,0,0,0,0,0,0,0,0,0,4.26015586952747,4.25998211574735,241.275949423439,67,0.5,1e-4,14,249.87289993616272
0,250,0,0,0,0,0,0,0,0,0,0,0,0,0,1,0.5,1e-4,15,250
30,250.000322400697,0,0,0,0,0,0,0,0,0,0,0,0,0,2,0.5,1e-4,15,250.000322400697
60,250.000090984018,0,0,0,0,0,0,0,0,0,0,0,0,0,3,0.5,1e-4,15,250.000090984018
90,250.000018876751,0,0,0,0,0,0,0,0,0,0,0,0,0,4,0.5,1e-4,15,250.000018876751
120,227.543177946952,0,0,0,0,0,0,0,0,0,0,25.6636425821328,25.6636425821328,0.00527828740252547,5,0.5,1e-4,15,278.8757413986201
150,172.568421089969,0,0,0,0,0,0,0,0,0,0,48.6654819960326,48.6647237495878,0.0184229141433845,6,0.5,1e-4,15,269.91704974973277
180,130.904740170989,0,0,0,0,0,0,0,0,0,0,59.875579302289196,59.8737614549287,0.0402512907274401,7,0.5,1e-4,15,250.69433221893433
210,99.0547615113676,0,0,0,0,0,0,0,0,0,0,65.3406784210874,65.3378660599582,0.0761056750900983,8,0.5,1e-4,15,229.8094116675033
240,73.5015386184848,0,0,0,0,0,0,0,0,0,0,67.2584502173385,67.2548501476372,0.135521974714888,9,0.5,1e-4,15,208.15036095817538
270,52.6047110141179,0,0,0,0,0,0,0,0,0,0,66.3087870344164,66.3046743902224,0.237625737606454,10,0.5,1e-4,15,185.45579817636315
300,35.6796613798734,0,0,0,0,0,0,0,0,0,0,62.8233927617129,62.8190971958806,0.420675251130834,11,0.5,1e-4,15,161.74282658859775
330,22.4879356666727,0,0,0,0,0,0,0,0,0,0,57.1792929202322,57.1751725398158,0.763142289965622,12,0.5,1e-4,15,137.60554341668632
360,12.9166748928498,0,0,0,0,0,0,0,0,0,0,50.1102418984251,50.1066174029554,1.42754489924164,13,0.5,1e-4,15,114.56107909347195
390,6.73104471939932,0,0,0,0,0,0,0,0,0,0,43.042943424214,43.0399705096128,2.74283967047195,14,0.5,1e-4,15,95.55679832369808
420,3.37705330496737,0,0,0,0,0,0,0,0,0,0,38.3049544981209,38.3024428556481,5.32504248183666,15,0.5,1e-4,15,85.30949314057304
450,1.90129714349973,0,0,0,0,0,0,0,0,0,0,38.3110616878861,38.3084139557749,10.1883795947677,16,0.5,1e-4,15,88.70915238192843
480,1.26102261916315,0,0,0,0,0,0,0,0,0,0,43.084126952841,43.0807189068779,18.6704152696805,17,0.5,1e-4,15,106.09628374856254
510,0.888104651521192,0,0,0,0,0,0,0,0,0,0,49.8387311273029,49.8344137003536,31.4363975977881,18,0.5,1e-4,15,131.9976470769658
540,0.623332185390501,0,0,0,0,0,0,0,0,0,0,55.8474198313243,55.8425047048388,47.0286200694319,19,0.5,1e-4,15,159.3418767909855
570,0.537252338692522,0,0,0,0,0,0,0,0,0,0,49.5214617816653,49.5148347357914,60.2620204705378,20,0.5,1e-4,15,159.83556932668702
600,0.485950658675086,0,0,0,0,0,0,0,0,0,0,44.6661896360903,44.6595500587647,95.535624011067,21,0.5,1e-4,15,185.34731436459708
630,0.467797218628293,0,0,0,0,0,0,0,0,0,0,42.9191266818115,42.9130249339689,123.327262418688,22,0.5,1e-4,15,209.62721125309668
660,0.419916677635376,0,0,0,0,0,0,0,0,0,0,38.4929009663403,38.4878221067097,146.925119804358,23,0.5,1e-4,15,224.32575955504336
690,0.374941979447625,0,0,0,0,0,0,0,0,0,0,34.3347469622403,34.3305681686873,164.025294695661,24,0.5,1e-4,15,233.0655518060362
720,0.333833209293649,0,0,0,0,0,0,0,0,0,0,30.5478691241387,30.54442460375,176.847654402501,25,0.5,1e-4,15,238.27378133968335
750,0.298665931665605,0,0,0,0,0,0,0,0,0,0,27.3115433700825,27.3086719363183,186.593972557893,26,0.5,1e-4,15,241.51285379595942
780,0.268935821531279,0,0,0,0,0,0,0,0,0,0,24.5787000622347,24.576274756577,194.198947310606,27,0.5,1e-4,15,243.62285795094897
810,0.243848363281074,0,0,0,0,0,0,0,0,0,0,22.2743859797503,22.2723108114794,200.267622827741,28,0.5,1e-4,15,245.05816798225177
840,0.222577763562302,0,0,0,0,0,0,0,0,0,0,20.3219306519275,20.3201337997421,205.207262332772,29,0.5,1e-4,15,246.07190454800389
870,0.20441618095914,0,0,0,0,0,0,0,0,0,0,18.6557571783441,18.6541846055146,209.296705331223,30,0.5,1e-4,15,246.81106329604083
900,0.188787773942639,0,0,0,0,0,0,0,0,0,0,17.2226497969399,17.2212603888735,212.732061000157,31,0.5,1e-4,15,247.36475895991302
930,0.175233770892722,0,0,0,0,0,0,0,0,0,0,15.9802694724407,15.9790315310661,215.654643409623,32,0.5,1e-4,15,247.78917818402252
960,0.163390491431524,0,0,0,0,0,0,0,0,0,0,14.8950894536585,14.8939782092792,218.168546003029,33,0.5,1e-4,15,248.12100415739823
990,0.152969063825878,0,0,0,0,0,0,0,0,0,0,13.9405016217123,13.9394974652991,220.351960504114,34,0.5,1e-4,15,248.3849286549513
1020,0.14373880033678,0,0,0,0,0,0,0,0,0,0,13.0952717829844,13.09435899995,222.264652608448,35,0.5,1e-4,15,248.59802219171917
1050,0.135514191698266,0,0,0,0,0,0,0,0,0,0,12.3423341273467,12.3414999802692,223.953018842091,36,0.5,1e-4,15,248.77236714140517
1080,0.128144920301931,0,0,0,0,0,0,0,0,0,0,11.6678671220037,11.6671011778399,225.453581912002,37,0.5,1e-4,15,248.91669513214754
1110,0.12150823568558,0,0,0,0,0,0,0,0,0,0,11.0605888859068,11.0598825162785,226.795454664274,38,0.5,1e-4,15,249.03743430214487
1140,0.115503130064862,0,0,0,0,0,0,0,0,0,0,10.5112194500882,10.5105654555259,228.00210813261899,39,0.5,1e-4,15,249.13939616829794
1170,0.110045871183252,0,0,0,0,0,0,0,0,0,0,10.0120686620621,10.0114609861112,229.092660886837,40,0.5,1e-4,15,249.22623640619355
1200,0.105066556327437,0,0,0,0,0,0,0,0,0,0,9.55671850579415,9.55615201505304,230.082833235321,41,0.5,1e-4,15,249.30077031249564
1230,0.100506436217123,0,0,0,0,0,0,0,0,0,0,9.13977653615091,9.13924684925114,230.985662973063,42,0.5,1e-4,15,249.36519279468217
1260,0.0963158219411633,0,0,0,0,0,0,0,0,0,0,8.75668312850362,8.75618648182579,231.812048942659,43,0.5,1e-4,15,249.42123437492958
1290,0.0924524360368585,0,0,0,0,0,0,0,0,0,0,8.40355969592664,8.40309283718424,232.571168556156,44,0.5,1e-4,15,249.47027352530375
1320,0.088880104121651,0,0,0,0,0,0,0,0,0,0,8.07708830115286,8.07664840432908,233.270801891505,45,0.5,1e-4,15,249.51341870110858
1350,0.0855677094462999,0,0,0,0,0,0,0,0,0,0,7.77441549475425,7.77400009155508,233.917585728703,46,0.5,1e-4,15,249.55156902445862
1380,0.0824883518519392,0,0,0,0,0,0,0,0,0,0,7.49307497939781,7.4926819035943,234.51721447764,47,0.5,1e-4,15,249.58545971248407
1410,0.0796186667385555,0,0,0,0,0,0,0,0,0,0,7.23092500578849,7.23055234770225,235.07460044207,48,0.5,1e-4,15,249.6156964622993
1440,0.0769382701440136,0,0,0,0,0,0,0,0,0,0,6.98609737508099,6.98574344411518,235.594002655616,49,0.5,1e-4,15,249.64278174495618
1470,0.0744293038708388,0,0,0,0,0,0,0,0,0,0,6.75695564614692,6.75661893974643,236.079131214907,50,0.5,1e-4,15,249.6671351046712
1500,0.0720760604901764,0,0,0,0,0,0,0,0,0,0,6.5420606897539,6.54173986753926,236.533232352058,51,0.5,1e-4,15,249.68910896984136
1530,0.0698646725102251,0,0,0,0,0,0,0,0,0,0,6.34014214284282,6.33983600493523,236.959158250613,52,0.5,1e-4,15,249.70900107090128
1560,0.067782853390975,0,0,0,0,0,0,0,0,0,0,6.1500746290184,6.14978209778108,237.359424689194,53,0.5,1e-4,15,249.72706426938444
1590,0.0658196806885181,0,0,0,0,0,0,0,0,0,0,5.97085785109276,5.97057795567374,237.736258907434,54,0.5,1e-4,15,249.74351439488902
1620,0.0639654136184382,0,0,0,0,0,0,0,0,0,0,5.80159984633377,5.80133170951861,238.091639567291,55,0.5,1e-4,15,249.75853653676182
1650,0.0622113388845335,0,0,0,0,0,0,0,0,0,0,5.64150283843022,5.64124566540968,238.427330285248,56,0.5,1e-4,15,249.7722901279724
1680,0.0605496398343519,0,0,0,0,0,0,0,0,0,0,5.48985123206161,5.48960430079477,238.744907905499,57,0.5,1e-4,15,249.78491307818973
1710,0.0589732849571417,0,0,0,0,0,0,0,0,0,0,5.34600138377601,5.34576403668904,239.045786447926,58,0.5,1e-4,15,249.79652515334817
1740,0.0574759324931515,0,0,0,0,0,0,0,0,0,0,5.20937285219637,5.20914448900452,239.33123748048,59,0.5,1e-4,15,249.80723075417404
1770,0.0560518485212418,0,0,0,0,0,0,0,0,0,0,5.0794408855896,5.07922095706792,239.602407521286,60,0.5,1e-4,15,249.81712121246477
1800,0.0546958363689808,0,0,0,0,0,0,0,0,0,0,4.95572994872284,4.95551795128156,239.860332961762,61,0.5,1e-4,15,249.8262766981354
1830,0.0534031755721217,0,0,0,0,0,0,0,0,0,0,4.83780812612451,4.83760359706952,240.105952911673,62,0.5,1e-4,15,249.83476781043916
1860,0.0521695689187958,0,0,0,0,0,0,0,0,0,0,4.72528226722344,4.72508478060235,240.340120294838,63,0.5,1e-4,15,249.84265691158257
1890,0.0509910963634836,0,0,0,0,0,0,0,0,0,0,4.61779376179403,4.61760292474441,240.563611466276,64,0.5,1e-4,15,249.84999924917793
1920,0.0498641747989214,0,0,0,0,0,0,0,0,0,0,4.51501485280044,4.51483030233046,240.777134574859,65,0.5,1e-4,15,249.8568439047888
1950,0.0487855228400029,0,0,0,0,0,0,0,0,0,0,4.41664540897702,4.41646680911927,240.981336857672,66,0.5,1e-4,15,249.8632345986083
1980,0.0477521299098013,0,0,0,0,0,0,0,0,0,0,4.32241009198255,4.32223713127137,241.176811021461,67,0.5,1e-4,15,249.86921037462471
0,250,0,0,0,0,0,0,0,0,0,0,0,0,0,1,0.5,1e-4,16,250
30,250.000322400697,0,0,0,0,0,0,0,0,0,0,0,0,0,2,0.5,1e-4,16,250.000322400697
60,250.000090984018,0,0,0,0,0,0,0,0,0,0,0,0,0,3,0.5,1e-4,16,250.000090984018
90,250.000018876751,0,0,0,0,0,0,0,0,0,0,0,0,0,4,0.5,1e-4,16,250.000018876751
120,227.543177946952,0,0,0,0,0,0,0,0,0,0,25.6636425821328,25.6636425821328,0.00527828740252547,5,0.5,1e-4,16,278.8757413986201
150,172.568421089969,0,0,0,0,0,0,0,0,0,0,48.6654819960326,48.6647237495878,0.0184229141433845,6,0.5,1e-4,16,269.91704974973277
180,130.904740170989,0,0,0,0,0,0,0,0,0,0,59.875579302289196,59.8737614549287,0.0402512907274401,7,0.5,1e-4,16,250.69433221893433
210,99.0547615113676,0,0,0,0,0,0,0,0,0,0,65.3406784210874,65.3378660599582,0.0761056750900983,8,0.5,1e-4,16,229.8094116675033
240,73.5015386184848,0,0,0,0,0,0,0,0,0,0,67.2584502173385,67.2548501476372,0.135521974714888,9,0.5,1e-4,16,208.15036095817538
270,52.6047110141179,0,0,0,0,0,0,0,0,0,0,66.3087870344164,66.3046743902224,0.237625737606454,10,0.5,1e-4,16,185.45579817636315
300,35.6796613798734,0,0,0,0,0,0,0,0,0,0,62.8233927617129,62.8190971958806,0.420675251130834,11,0.5,1e-4,16,161.74282658859775
330,22.4879356666727,0,0,0,0,0,0,0,0,0,0,57.1792929202322,57.1751725398158,0.763142289965622,12,0.5,1e-4,16,137.60554341668632
360,12.9166748928498,0,0,0,0,0,0,0,0,0,0,50.1102418984251,50.1066174029554,1.42754489924164,13,0.5,1e-4,16,114.56107909347195
390,6.73104471939932,0,0,0,0,0,0,0,0,0,0,43.042943424214,43.0399705096128,2.74283967047195,14,0.5,1e-4,16,95.55679832369808
420,3.37705330496737,0,0,0,0,0,0,0,0,0,0,38.3049544981209,38.3024428556481,5.32504248183666,15,0.5,1e-4,16,85.30949314057304
450,1.90129714349973,0,0,0,0,0,0,0,0,0,0,38.3110616878861,38.3084139557749,10.1883795947677,16,0.5,1e-4,16,88.70915238192843
480,1.26102261916315,0,0,0,0,0,0,0,0,0,0,43.084126952841,43.0807189068779,18.6704152696805,17,0.5,1e-4,16,106.09628374856254
510,0.888104651521192,0,0,0,0,0,0,0,0,0,0,49.8387311273029,49.8344137003536,31.4363975977881,18,0.5,1e-4,16,131.9976470769658
540,0.623332185390501,0,0,0,0,0,0,0,0,0,0,55.8474198313243,55.8425047048388,47.0286200694319,19,0.5,1e-4,16,159.3418767909855
570,0.425076284570615,0,0,0,0,0,0,0,0,0,0,59.9458143669113,59.9407478358412,62.6691924080613,20,0.5,1e-4,16,182.98083089538443
600,0.347727011170201,0,0,0,0,0,0,0,0,0,0,50.8433948559313,50.8371674719953,74.3836927238254,21,0.5,1e-4,16,176.41198206292222
630,0.305597579374358,0,0,0,0,0,0,0,0,0,0,44.5987377701389,44.5926328377346,106.979531721245,22,0.5,1e-4,16,196.47649990849285
660,0.285787795534158,0,0,0,0,0,0,0,0,0,0,41.6464894670782,41.6410175017114,132.330401352468,23,0.5,1e-4,16,215.90369611679174
690,0.254671732691598,0,0,0,0,0,0,0,0,0,0,37.0976212754907,37.093076446391,153.434574706929,24,0.5,1e-4,16,227.8799441615023
720,0.226900192978027,0,0,0,0,0,0,0,0,0,0,33.0293843822824,33.0256325060414,168.842472164928,25,0.5,1e-4,16,235.12438924622984
750,0.202195106164084,0,0,0,0,0,0,0,0,0,0,29.4195282020993,29.4164177091846,180.488047109521,26,0.5,1e-4,16,239.526188126969
780,0.181236027374309,0,0,0,0,0,0,0,0,0,0,26.3583608065166,26.3557520197425,189.419458554106,27,0.5,1e-4,16,242.3148074077394
810,0.163549670824504,0,0,0,0,0,0,0,0,0,0,23.7770047529557,23.7747887588073,196.445329485594,28,0.5,1e-4,16,244.1606726681815
840,0.148612527822322,0,0,0,0,0,0,0,0,0,0,21.5978872945553,21.5959815855299,202.09100732845,29,0.5,1e-4,16,245.4334887363575
870,0.135922431445451,0,0,0,0,0,0,0,0,0,0,19.7473172263502,19.745659737745,206.713853527138,30,0.5,1e-4,16,246.34275292267867
900,0.125060952881217,0,0,0,0,0,0,0,0,0,0,18.1639331816627,18.1624769083826,210.560656137802,31,0.5,1e-4,16,247.01212718072853
930,0.115690985438582,0,0,0,0,0,0,0,0,0,0,16.7983727641673,16.7970817042745,213.806503615453,32,0.5,1e-4,16,247.5176490693334
960,0.107544876921668,0,0,0,0,0,0,0,0,0,0,15.6114738864884,15.6103201086213,216.5785191917,33,0.5,1e-4,16,247.90785806373137
990,0.100410491303793,0,0,0,0,0,0,0,0,0,0,14.5722175465435,14.5711790974012,218.970979993321,34,0.5,1e-4,16,248.2147871285695
1020,0.0941191134617269,0,0,0,0,0,0,0,0,0,0,13.6559461742036,13.6550055820412,221.055130264035,35,0.5,1e-4,16,248.46020113374152
1050,0.0885357395008783,0,0,0,0,0,0,0,0,0,0,12.8429372768082,12.8420804722567,222.885717951112,36,0.5,1e-4,16,248.65927143967778
1080,0.0835515511157359,0,0,0,0,0,0,0,0,0,0,12.1172993617869,12.1165148909722,224.505448765164,37,0.5,1e-4,16,248.82281456903883
1110,0.0790781565009546,0,0,0,0,0,0,0,0,0,0,11.4661278886464,11.4654063324984,225.948085664623,38,0.5,1e-4,16,248.95869804226874
1140,0.0750431967230732,0,0,0,0,0,0,0,0,0,0,10.8788618205885,10.8781953610637,227.240647054142,39,0.5,1e-4,16,249.07274743251728
1170,0.071386986839587,0,0,0,0,0,0,0,0,0,0,10.3467920073578,10.3461740995374,228.404992867296,40,0.5,1e-4,16,249.16934596103079
1200,0.0680599357887968,0,0,0,0,0,0,0,0,0,0,9.86268373480332,9.86210885619015,229.458987052612,41,0.5,1e-4,16,249.25183957939427
1230,0.0650205521594504,0,0,0,0,0,0,0,0,0,0,9.42048510333173,9.41994856009349,230.417361860727,42,0.5,1e-4,16,249.32281607631168
1260,0.0622338921144008,0,0,0,0,0,0,0,0,0,0,9.01510014328676,9.01459791898276,231.292368893039,43,0.5,1e-4,16,249.3843008474229
1290,0.0596703427075307,0,0,0,0,0,0,0,0,0,0,8.64221101302225,8.6417396493665,232.094275455983,44,0.5,1e-4,16,249.43789646107928
1320,0.05730466118573,0,0,0,0,0,0,0,0,0,0,8.29813764379311,8.2976941458253,232.831747194797,45,0.5,1e-4,16,249.48488364560114
1350,0.0551152109844185,0,0,0,0,0,0,0,0,0,0,7.97972614804318,7.97930790807639,233.5121460983,46,0.5,1e-4,16,249.526295365404
1380,0.053083349910568,0,0,0,0,0,0,0,0,0,0,7.68425947600889,7.68386421215505,234.141764806065,47,0.5,1e-4,16,249.5629718441395
1410,0.0511929369011757,0,0,0,0,0,0,0,0,0,0,7.40938540220997,7.40901110832137,234.726012465064,48,0.5,1e-4,16,249.5956019124965
1440,0.0494299318065801,0,0,0,0,0,0,0,0,0,0,7.15305810429389,7.15270300891771,235.269563370306,49,0.5,1e-4,16,249.6247544153242
1470,0.0477820686456484,0,0,0,0,0,0,0,0,0,0,6.91349047489014,6.91315300739378,235.776476756488,50,0.5,1e-4,16,249.65090230741757
1500,0.0462385872689262,0,0,0,0,0,0,0,0,0,0,6.68911496418129,6.68879372662417,236.250294034662,51,0.5,1e-4,16,249.6744413127364
1530,0.0447900117470877,0,0,0,0,0,0,0,0,0,0,6.47855124563732,6.47824498927943,236.694118252986,52,0.5,1e-4,16,249.69570449964982
1560,0.0434279663653553,0,0,0,0,0,0,0,0,0,0,6.28057937230999,6.28028697788592,237.110679442343,53,0.5,1e-4,16,249.71497375890428
1590,0.0421450220603923,0,0,0,0,0,0,0,0,0,0,6.09411737710031,6.09383783817,237.50238867427,54,0.5,1e-4,16,249.7324889116007
1620,0.0409345676380794,0,0,0,0,0,0,0,0,0,0,5.91820248999172,5.91793489881959,237.871383031932,55,0.5,1e-4,16,249.74845498838138
1650,0.0397907012711293,0,0,0,0,0,0,0,0,0,0,5.75197531487903,5.75171885040261,238.219563219779,56,0.5,1e-4,16,249.76304808633176
1680,0.0387081386777804,0,0,0,0,0,0,0,0,0,0,5.59466644048364,5.5944203580175,238.548625174302,57,0.5,1e-4,16,249.77642011148092
1710,0.0376821350884562,0,0,0,0,0,0,0,0,0,0,5.44558506294958,5.44534868533803,238.86008675861,58,0.5,1e-4,16,249.78870264198608
1740,0.0367084186623274,0,0,0,0,0,0,0,0,0,0,5.30410927880228,5.30388198878693,239.1553104067,59,0.5,1e-4,16,249.80001009295154
1770,0.0357831334547241,0,0,0,0,0,0,0,0,0,0,5.16967777107576,5.16945900468656,239.435522413813,60,0.5,1e-4,16,249.81044232303006
1800,0.0349027903854449,0,0,0,0,0,0,0,0,0,0,5.04178266239774,5.04157190320988,239.701829436246,61,0.5,1e-4,16,249.82008679223904
1830,0.0340642249370332,0,0,0,0,0,0,0,0,0,0,4.91996334956718,4.91976012369338,239.955232658707,62,0.5,1e-4,16,249.82902035690458
1860,0.0332645605362391,0,0,0,0,0,0,0,0,0,0,4.80380116688347,4.80360503859349,240.196640003607,63,0.5,1e-4,16,249.8373107696202
1890,0.0325011767527786,0,0,0,0,0,0,0,0,0,0,4.69291475189703,4.69272531977388,240.426876689785,64,0.5,1e-4,16,249.84501793820868
1920,0.0317716815962007,0,0,0,0,0,0,0,0,0,0,4.5869560086621,4.58677290221926,240.646694394318,65,0.5,1e-4,16,249.85219498679555
1950,0.0310738873111317,0,0,0,0,0,0,0,0,0,0,4.4856065810098,4.48542945770575,240.856779227661,66,0.5,1e-4,16,249.8588891536877
1980,0.0304057891688893,0,0,0,0,0,0,0,0,0,0,4.38857476262007,4.38840330521629,241.057758697019,67,0.5,1e-4,16,249.86514255402426
0,250,0,0,0,0,0,0,0,0,0,0,0,0,0,1,0.5,1e-4,6,250
30,250.000322400697,0,0,0,0,0,0,0,0,0,0,0,0,0,2,0.5,1e-4,6,250.000322400697
60,250.000090984018,0,0,0,0,0,0,0,0,0,0,0,0,0,3,0.5,1e-4,6,250.000090984018
90,250.000018876751,0,0,0,0,0,0,0,0,0,0,0,0,0,4,0.5,1e-4,6,250.000018876751
120,227.543177946952,0,0,0,0,0,0,0,0,0,0,25.6636425821328,25.6636425821328,0.00527828740252547,5,0.5,1e-4,6,278.8757413986201
150,172.568421089969,0,0,0,0,0,0,0,0,0,0,48.6654819960326,48.6647237495878,0.0184229141433845,6,0.5,1e-4,6,269.91704974973277
180,130.904740170989,0,0,0,0,0,0,0,0,0,0,59.875579302289196,59.8737614549287,0.0402512907274401,7,0.5,1e-4,6,250.69433221893433
210,99.0547615113676,0,0,0,0,0,0,0,0,0,0,65.3406784210874,65.3378660599582,0.0761056750900983,8,0.5,1e-4,6,229.8094116675033
240,73.5015386184848,0,0,0,0,0,0,0,0,0,0,67.2584502173385,67.2548501476372,0.135521974714888,9,0.5,1e-4,6,208.15036095817538
270,52.6047110141179,0,0,0,0,0,0,0,0,0,0,66.3087870344164,66.3046743902224,0.237625737606454,10,0.5,1e-4,6,185.45579817636315
300,44.1480601299504,0,0,0,0,0,0,0,0,0,0,51.1510178135793,51.1454980243135,0.385400967834568,11,0.5,1e-4,6,146.82997693567776
330,48.1361270050134,0,0,0,0,0,0,0,0,0,0,48.1142198128566,48.1074406556214,0.915334953091965,12,0.5,1e-4,6,145.27312242658337
360,57.0151538276715,0,0,0,0,0,0,0,0,0,0,47.9120758529977,47.9050906111692,2.00701627687858,13,0.5,1e-4,6,154.839336568717
390,68.5896964975575,0,0,0,0,0,0,0,0,0,0,47.5352610160967,47.528488161634,4.23126691847491,14,0.5,1e-4,6,167.8847125937631
420,82.2156918157136,0,0,0,0,0,0,0,0,0,0,46.0017967414736,45.9954865332849,8.12374488747352,15,0.5,1e-4,6,182.33671997794562
450,96.9528213790179,0,0,0,0,0,0,0,0,0,0,42.8775077200624,42.8719039202279,14.140491014207,16,0.5,1e-4,6,196.8427240335152
480,111.526250913713,0,0,0,0,0,0,0,0,0,0,38.2369123197329,38.2321950690662,22.1932722341404,17,0.5,1e-4,6,210.1886305366525
510,124.619455768027,0,0,0,0,0,0,0,0,0,0,32.6133634584865,32.6095944526001,31.568371716413,18,0.5,1e-4,6,221.4107853955266
540,135.368073745312,0,0,0,0,0,0,0,0,0,0,26.7594992771588,26.7566145548294,41.2080387020313,19,0.5,1e-4,6,230.0922262793315
570,143.561560705587,0,0,0,0,0,0,0,0,0,0,21.3168358409902,21.3146912284325,50.1793961257771,20,0.5,1e-4,6,236.3724839007868
600,149.486701794868,0,0,0,0,0,0,0,0,0,0,16.6424137381276,16.6408434118473,57.9416272445897,21,0.5,1e-4,6,240.71158618943258
630,153.639234625667,0,0,0,0,0,0,0,0,0,0,12.831252878299,12.8301083257118,64.3345036305848,22,0.5,1e-4,6,243.6350994602626
660,156.509829966744,0,0,0,0,0,0,0,0,0,0,9.82171330606005,9.82087751077063,69.4369214815861,23,0.5,1e-4,6,245.58934226516078
690,158.491958484701,0,0,0,0,0,0,0,0,0,0,7.48895769455695,7.48834431295503,73.4321294537476,24,0.5,1e-4,6,246.90138994596057
720,159.869662287346,0,0,0,0,0,0,0,0,0,0,5.69928242146494,5.69882958591859,76.524931649584,25,0.5,1e-4,6,247.79270594431352
750,160.837418533016,0,0,0,0,0,0,0,0,0,0,4.33364301424688,4.33330677770357,78.9031255369974,26,0.5,1e-4,6,248.40749386196384
780,161.525367552947,0,0,0,0,0,0,0,0,0,0,3.29432454050212,3.29407361516286,80.7245916819553,27,0.5,1e-4,6,248.83835739056727
810,162.020168379632,0,0,0,0,0,0,0,0,0,0,2.50426657220026,2.50407851985124,82.1163714264451,28,0.5,1e-4,6,249.1448848981286
840,162.379853483557,0,0,0,0,0,0,0,0,0,0,1.90391891139113,1.90377749495115,83.1783154922065,29,0.5,1e-4,6,249.3658653821058
870,162.643734875202,0,0,0,0,0,0,0,0,0,0,1.44773036029584,1.4476237245085,83.9878830902836,30,0.5,1e-4,6,249.52697205028994
900,162.838825589629,0,0,0,0,0,0,0,0,0,0,1.10102888504706,1.10094830385061,84.6047151006226,31,0.5,1e-4,6,249.64551787914928
930,162.98396794501,0,0,0,0,0,0,0,0,0,0,0.83748000161691,0.837419007737164,85.0745321640717,32,0.5,1e-4,6,249.73339911843576
960,163.092496293114,0,0,0,0,0,0,0,0,0,0,0.637096486897124,0.637050259748891,85.432291955179707,33,0.5,1e-4,6,249.79893499493974
990,163.173972141532,0,0,0,0,0,0,0,0,0,0,0.484709124265904,0.484674054090892,85.7046801026345,34,0.5,1e-4,6,249.8480354225233
1020,163.235331035227,0,0,0,0,0,0,0,0,0,0,0.368802213978757,0.368775587795382,85.9120472598259,35,0.5,1e-4,6,249.88495609682704
1050,163.281653101909,0,0,0,0,0,0,0,0,0,0,0.280630333367448,0.28061010630385,86.0699030957594,36,0.5,1e-4,6,249.9127966373397
1080,163.316689616779,0,0,0,0,0,0,0,0,0,0,0.213549343906227,0.213533971203806,86.1900629554246,37,0.5,1e-4,6,249.93383588731362
1110,163.343228853231,0,0,0,0,0,0,0,0,0,0,0.162509739453648,0.16249805212145,86.2815253433244,38,0.5,1e-4,6,249.94976198813052
1140,163.363354223766,0,0,0,0,0,0,0,0,0,0,0.123672772755064,0.12366388497391,86.3511421885213,39,0.5,1e-4,6,249.96183307001627
1170,163.378628956703,0,0,0,0,0,0,0,0,0,0,0.0941194193988884,0.094112659233109,86.404130229697,40,0.5,1e-4,6,249.970991265032
1200,163.39022980982,0,0,0,0,0,0,0,0,0,0,0.0716295787391725,0.0716244360897142,86.4444608859394,41,0.5,1e-4,6,249.9779447105883
1230,163.399044870788,0,0,0,0,0,0,0,0,0,0,0.0545144578152532,0.0545105452060416,86.475157337916,42,0.5,1e-4,6,249.9832272117253
1260,163.405745692097,0,0,0,0,0,0,0,0,0,0,0.0414892606993138,0.0414862836632577,86.4985208264175,43,0.5,1e-4,6,249.9872420628771
1290,163.410840859261,0,0,0,0,0,0,0,0,0,0,0.0315764487631737,0.031574183437162,86.5163029924684,44,0.5,1e-4,6,249.99029448392972
1320,163.414715988679,0,0,0,0,0,0,0,0,0,0,0.0240322047643466,0.0240304809146001,86.5298371031618,45,0.5,1e-4,6,249.99261577751975
1350,163.417663722123,0,0,0,0,0,0,0,0,0,0,0.0182905193148548,0.018289207462622,86.5401379598913,46,0.5,1e-4,6,249.99438140879178
1380,163.419906296021,0,0,0,0,0,0,0,0,0,0,0.0139206671981102,0.0139196688471782,86.5479779566047,47,0.5,1e-4,6,249.99572458867098
1410,163.421612568555,0,0,0,0,0,0,0,0,0,0,0.0105948614076641,0.0105941016216753,86.5539449779315,48,0.5,1e-4,6,249.99674650951582
1440,163.422910891849,0,0,0,0,0,0,0,0,0,0,0.00806364564459069,0.00806306740642839,86.5584864711973,49,0.5,1e-4,6,249.9975240760973
1470,163.423898858497,0,0,0,0,0,0,0,0,0,0,0.00613717198396801,0.00613673190778324,86.5619429928739,50,0.5,1e-4,6,249.99811575526266
1500,163.424650690387,0,0,0,0,0,0,0,0,0,0,0.00467095507041541,0.00467062014100827,86.5645737426066,51,0.5,1e-4,6,249.99856600820505
1530,163.42522284537,0,0,0,0,0,0,0,0,0,0,0.00355503183841535,0.00355477693129567,86.566575998181,52,0.5,1e-4,6,249.9989086523207
1560,163.425658274674,0,0,0,0,0,0,0,0,0,0,0.00270571226573199,0.00270551826063479,86.5680999080446,53,0.5,1e-4,6,249.99916941324497
1590,163.42598965751301,0,0,0,0,0,0,0,0,0,0,0.00205930162952362,0.00205915397518574,86.5692597502027,54,0.5,1e-4,6,249.99936786332043
1620,163.426241859651,0,0,0,0,0,0,0,0,0,0,0.00156732296178873,0.00156721058393775,86.5701425015331,55,0.5,1e-4,6,249.99951889472982
1650,163.426433802695,0,0,0,0,0,0,0,0,0,0,0.00119288112421289,0.00119279559463418,86.5708143599766,56,0.5,1e-4,6,249.99963383939044
1680,163.426579885699,0,0,0,0,0,0,0,0,0,0,9.0789566255045e-4,9.0783056677894e-4,86.5713257086207,57,0.5,1e-4,6,249.99972132054904
1710,163.426691066506,0,0,0,0,0,0,0,0,0,0,6.9099482612344e-4,6.9094528226112e-4,86.5717148938819,58,0.5,1e-4,6,249.9997879004963
1740,163.426775684378,0,0,0,0,0,0,0,0,0,0,5.2591276285571e-4,5.2587505538297e-4,86.5720111010889,59,0.5,1e-4,6,249.99983857328513
1770,163.426840085881,0,0,0,0,0,0,0,0,0,0,4.0026965907508e-4,4.0024096016788e-4,86.5722365430876,60,0.5,1e-4,6,249.99987713958785
1800,163.426889101124,0,0,0,0,0,0,0,0,0,0,3.046433253343e-4,3.0462148277244e-4,86.5724081259893,61,0.5,1e-4,6,249.99990649192142
1830,163.426926406142,0,0,0,0,0,0,0,0,0,0,0.00023186259380377001,2.3184596955603e-4,86.5725387169667,62,0.5,1e-4,6,249.99992883167207
1860,163.42695479867,0,0,0,0,0,0,0,0,0,0,1.7646953157745e-4,1.7645687895374e-4,86.572638109171,63,0.5,1e-4,6,249.99994583425155
1890,163.426976408006,0,0,0,0,0,0,0,0,0,0,1.3431013676203e-4,1.3430050691682e-4,86.5727137561283,64,0.5,1e-4,6,249.99995877477798
1920,163.426992854723,0,0,0,0,0,0,0,0,0,0,1.0222282092864e-4,1.0221549170263e-4,86.5727713306841,65,0.5,1e-4,6,249.99996862371975
1950,163.427005372215,0,0,0,0,0,0,0,0,0,0,7.78013155672179e-5,7.77957373298098e-5,86.5728151504167,66,0.5,1e-4,6,249.99997611968462
1980,163.427014899203,0,0,0,0,0,0,0,0,0,0,5.92142218734097e-5,5.92099763041722e-5,86.5728485014155,67,0.5,1e-4,6,249.99998182481667
0,250,0,0,0,0,0,0,0,0,0,0,0,0,0,1,0.5,1e-4,7,250
30,250.000322400697,0,0,0,0,0,0,0,0,0,0,0,0,0,2,0.5,1e-4,7,250.000322400697
60,250.000090984018,0,0,0,0,0,0,0,0,0,0,0,0,0,3,0.5,1e-4,7,250.000090984018
90,250.000018876751,0,0,0,0,0,0,0,0,0,0,0,0,0,4,0.5,1e-4,7,250.000018876751
120,227.543177946952,0,0,0,0,0,0,0,0,0,0,25.6636425821328,25.6636425821328,0.00527828740252547,5,0.5,1e-4,7,278.8757413986201
150,172.568421089969,0,0,0,0,0,0,0,0,0,0,48.6654819960326,48.6647237495878,0.0184229141433845,6,0.5,1e-4,7,269.91704974973277
180,130.904740170989,0,0,0,0,0,0,0,0,0,0,59.875579302289196,59.8737614549287,0.0402512907274401,7,0.5,1e-4,7,250.69433221893433
210,99.0547615113676,0,0,0,0,0,0,0,0,0,0,65.3406784210874,65.3378660599582,0.0761056750900983,8,0.5,1e-4,7,229.8094116675033
240,73.5015386184848,0,0,0,0,0,0,0,0,0,0,67.2584502173385,67.2548501476372,0.135521974714888,9,0.5,1e-4,7,208.15036095817538
270,52.6047110141179,0,0,0,0,0,0,0,0,0,0,66.3087870344164,66.3046743902224,0.237625737606454,10,0.5,1e-4,7,185.45579817636315
300,35.6796613798734,0,0,0,0,0,0,0,0,0,0,62.8233927617129,62.8190971958806,0.420675251130834,11,0.5,1e-4,7,161.74282658859775
330,28.7107216811831,0,0,0,0,0,0,0,0,0,0,46.6014992392652,46.5960032591369,0.701860043607735,12,0.5,1e-4,7,122.61008422319294
360,30.2503129908287,0,0,0,0,0,0,0,0,0,0,43.9950889258229,43.9884500689366,1.85953137859488,13,0.5,1e-4,7,120.09338336418308
390,35.2973611170624,0,0,0,0,0,0,0,0,0,0,44.9626153828691,44.95559085743,4.50255426347585,14,0.5,1e-4,7,129.71812162083737
420,41.8918788474542,0,0,0,0,0,0,0,0,0,0,46.2520471345792,46.2449446079511,10.5071381265592,15,0.5,1e-4,7,144.8960087165437
450,49.2130966155737,0,0,0,0,0,0,0,0,0,0,46.6663330159779,46.6593921032121,21.5615227234982,16,0.5,1e-4,7,164.1003444582619
480,55.8031996315378,0,0,0,0,0,0,0,0,0,0,45.242874099981,45.2364411099044,38.4066145789093,17,0.5,1e-4,7,184.6891294203325
510,60.305887807079,0,0,0,0,0,0,0,0,0,0,41.9047959824133,41.8991760966228,59.2825042645923,18,0.5,1e-4,7,203.3923641507074
540,62.2470919106494,0,0,0,0,0,0,0,0,0,0,37.379544833694,37.3748679353769,81.043675548874,19,0.5,1e-4,7,218.0451802285943
570,62.0786432764047,0,0,0,0,0,0,0,0,0,0,32.5914142275693,32.587629101104,101.115801982745,20,0.5,1e-4,7,228.373488587823
600,60.5917049549186,0,0,0,0,0,0,0,0,0,0,28.1524185146897,28.1493805176048,118.339831291078,21,0.5,1e-4,7,235.2333352782911
630,58.457199838313,0,0,0,0,0,0,0,0,0,0,24.3085855930015,24.3061359205095,132.620189839207,22,0.5,1e-4,7,239.69211119103102
660,56.1047342404396,0,0,0,0,0,0,0,0,0,0,21.0842015929367,21.0822040813167,144.331162800836,23,0.5,1e-4,7,242.60230271552902
690,53.7674563204436,0,0,0,0,0,0,0,0,0,0,18.4105107262108,18.4088596892697,153.951059222762,24,0.5,1e-4,7,244.5378859586861
720,51.5561504336927,0,0,0,0,0,0,0,0,0,0,16.1952910917349,16.1939076053829,161.913117123629,25,0.5,1e-4,7,245.85846625443952
750,49.5144204775231,0,0,0,0,0,0,0,0,0,0,14.3514828630904,14.3503085653884,168.568020959406,26,0.5,1e-4,7,246.7842328654079
780,47.6517768758711,0,0,0,0,0,0,0,0,0,0,12.8058611961097,12.8048527587239,174.187951518794,27,0.5,1e-4,7,247.4504423494987
810,45.9616352333219,0,0,0,0,0,0,0,0,0,0,11.4996773365654,11.4988022582624,178.981453327968,28,0.5,1e-4,7,247.9415681561177
840,44.4306273037957,0,0,0,0,0,0,0,0,0,0,10.3866785230512,10.3859121065408,183.108354616285,29,0.5,1e-4,7,248.3115725496727
870,43.0432464782482,0,0,0,0,0,0,0,0,0,0,9.43064414441295,9.42996736407565,186.691922889488,30,0.5,1e-4,7,248.5957808762248
900,41.7840688718083,0,0,0,0,0,0,0,0,0,0,8.60316611576425,8.60256411622405,189.828085543133,31,0.5,1e-4,7,248.8178846469296
930,40.6387372955152,0,0,0,0,0,0,0,0,0,0,7.88184994839311,7.88131098041262,192.592243115468,32,0.5,1e-4,7,248.9941413397889
960,39.5943248667099,0,0,0,0,0,0,0,0,0,0,7.24891974590063,7.24843440437433,195.044267627771,33,0.5,1e-4,7,249.13594664475588
990,38.6393961159092,0,0,0,0,0,0,0,0,0,0,6.69015652085968,6.68971719253614,197.232175774985,34,0.5,1e-4,7,249.25144560429
1020,37.7639285631196,0,0,0,0,0,0,0,0,0,0,6.19409536460432,6.19369582275213,199.194844701243,35,0.5,1e-4,7,249.34656445171905
1050,36.959177555886,0,0,0,0,0,0,0,0,0,0,5.75141831719425,5.7510534203755,200.964036371573,36,0.5,1e-4,7,249.42568566502877
1080,36.2175255848672,0,0,0,0,0,0,0,0,0,0,5.35449356348966,5.35415902897665,202.56592036165,37,0.5,1e-4,7,249.4920985389835
1110,35.5323357341559,0,0,0,0,0,0,0,0,0,0,4.99702372518069,4.99671595653954,204.022230175723,38,0.5,1e-4,7,249.54830559159913
1140,34.8978178064796,0,0,0,0,0,0,0,0,0,0,4.6737756274347,4.67349158188475,205.351149557604,39,0.5,1e-4,7,249.59623457340305
1170,34.3089100203761,0,0,0,0,0,0,0,0,0,0,4.38037117150705,4.38010825682409,206.567998085499,40,0.5,1e-4,7,249.63738753420625
1200,33.7611764086212,0,0,0,0,0,0,0,0,0,0,4.11312429979403,4.11288029339788,207.685766201667,41,0.5,1e-4,7,249.67294720348013
1230,33.250718783951,0,0,0,0,0,0,0,0,0,0,3.86891295625534,3.86868594112958,208.715536279633,42,0.5,1e-4,7,249.70385396096893
1260,32.7741016521587,0,0,0,0,0,0,0,0,0,0,3.64507780153711,3.64486611504578,209.666816675867,43,0.5,1e-4,7,249.7308622446086
1290,32.3282883570661,0,0,0,0,0,0,0,0,0,0,3.43934152786028,3.4391437205382,210.547808777728,44,0.5,1e-4,7,249.75458238319257
1320,31.9105868314596,0,0,0,0,0,0,0,0,0,0,3.24974414711032,3.24955894923435,211.365622037144,45,0.5,1e-4,7,249.77551196494827
1350,31.5186034951289,0,0,0,0,0,0,0,0,0,0,3.0745907510554,3.07441704533594,212.126448311912,46,0.5,1e-4,7,249.79405960343223
1380,31.1502040304564,0,0,0,0,0,0,0,0,0,0,2.91240907622404,2.91224587534831,212.835704135764,47,0.5,1e-4,7,249.81056311779275
1410,30.8034799505739,0,0,0,0,0,0,0,0,0,0,2.7619148272552,2.76176125530499,213.49814753303,48,0.5,1e-4,7,249.82530356616408
1440,30.476720042917,0,0,0,0,0,0,0,0,0,0,2.62198317857906,2.62183845556403,214.117974493042,49,0.5,1e-4,7,249.83851617010208
1470,30.1683859179061,0,0,0,0,0,0,0,0,0,0,2.4916252261828,2.49148865509551,214.698899087447,50,0.5,1e-4,7,249.8503988866314
1500,29.8770910182046,0,0,0,0,0,0,0,0,0,0,2.3699684286617,2.36983938458645,215.244220353434,51,0.5,1e-4,7,249.86111918488675
1530,29.6015825501382,0,0,0,0,0,0,0,0,0,0,2.25624028133173,2.25611820223589,215.756878407537,52,0.5,1e-4,7,249.87081944124282
1560,29.3407258876973,0,0,0,0,0,0,0,0,0,0,2.14975462465385,2.14963900356529,216.239501747281,53,0.5,1e-4,7,249.87962126319744
1590,29.093491073535102,0,0,0,0,0,0,0,0,0,0,2.04990011018404,2.04979048851642,216.694447304281,54,0.5,1e-4,7,249.88762897651657
1620,28.858941102808,0,0,0,0,0,0,0,0,0,0,1.95613044228834,1.95602640412174,217.123834505116,55,0.5,1e-4,7,249.89493245433408
1650,28.636221726675,0,0,0,0,0,0,0,0,0,0,1.86795608832689,1.86785725548752,217.529574354836,56,0.5,1e-4,7,249.9016094253254
1680,28.4245525545244,0,0,0,0,0,0,0,0,0,0,1.78493720869096,1.78484323650191,217.913394367239,57,0.5,1e-4,7,249.90772736695627
1710,28.2232192690726,0,0,0,0,0,0,0,0,0,0,1.70667760456564,1.70658817816412,218.276860014485,58,0.5,1e-4,7,249.91334506628738
1740,28.0315667976085,0,0,0,0,0,0,0,0,0,0,1.63281951831542,1.63273434944959,218.621393247579,59,0.5,1e-4,7,249.9185139129525
1770,27.8489933069,0,0,0,0,0,0,0,0,0,0,1.56303915102128,1.56295797525532,218.948288541988,60,0.5,1e-4,7,249.9232789751646
1800,27.6749449094938,0,0,0,0,0,0,0,0,0,0,1.49704278553063,1.4969653597981,219.258726844296,61,0.5,1e-4,7,249.92767989911854
1830,27.5089109860188,0,0,0,0,0,0,0,0,0,0,1.43456342263612,1.43448952309177,219.553787732163,62,0.5,1e-4,7,249.93175166390967
1860,27.3504200422467,0,0,0,0,0,0,0,0,0,0,1.37535785362726,1.37528727375558,219.834460048084,63,0.5,1e-4,7,249.93552521771355
1890,27.1990360315249,0,0,0,0,0,0,0,0,0,0,1.31920410519681,1.31913665414186,220.101651225092,64,0.5,1e-4,7,249.93902801595559
1920,27.0543550831826,0,0,0,0,0,0,0,0,0,0,1.26589920310968,1.26583470419648,220.356195487738,65,0.5,1e-4,7,249.94228447822675
1950,26.916002585927,0,0,0,0,0,0,0,0,0,0,1.2152572096098,1.21519549903201,220.598861083018,66,0.5,1e-4,7,249.9453163775868
1980,26.7836305823679,0,0,0,0,0,0,0,0,0,0,1.16710749660833,1.16704842226057,220.830356672116,67,0.5,1e-4,7,249.9481431733528
0,250,0,0,0,0,0,0,0,0,0,0,0,0,0,1,0.5,1e-4,8,250
30,250.000322400697,0,0,0,0,0,0,0,0,0,0,0,0,0,2,0.5,1e-4,8,250.000322400697
60,250.000090984018,0,0,0,0,0,0,0,0,0,0,0,0,0,3,0.5,1e-4,8,250.000090984018
90,250.000018876751,0,0,0,0,0,0,0,0,0,0,0,0,0,4,0.5,1e-4,8,250.000018876751
120,227.543177946952,0,0,0,0,0,0,0,0,0,0,25.6636425821328,25.6636425821328,0.00527828740252547,5,0.5,1e-4,8,278.8757413986201
150,172.568421089969,0,0,0,0,0,0,0,0,0,0,48.6654819960326,48.6647237495878,0.0184229141433845,6,0.5,1e-4,8,269.91704974973277
180,130.904740170989,0,0,0,0,0,0,0,0,0,0,59.875579302289196,59.8737614549287,0.0402512907274401,7,0.5,1e-4,8,250.69433221893433
210,99.0547615113676,0,0,0,0,0,0,0,0,0,0,65.3406784210874,65.3378660599582,0.0761056750900983,8,0.5,1e-4,8,229.8094116675033
240,73.5015386184848,0,0,0,0,0,0,0,0,0,0,67.2584502173385,67.2548501476372,0.135521974714888,9,0.5,1e-4,8,208.15036095817538
270,52.6047110141179,0,0,0,0,0,0,0,0,0,0,66.3087870344164,66.3046743902224,0.237625737606454,10,0.5,1e-4,8,185.45579817636315
300,35.6796613798734,0,0,0,0,0,0,0,0,0,0,62.8233927617129,62.8190971958806,0.420675251130834,11,0.5,1e-4,8,161.74282658859775
330,22.4879356666727,0,0,0,0,0,0,0,0,0,0,57.1792929202322,57.1751725398158,0.763142289965622,12,0.5,1e-4,8,137.60554341668632
360,17.1155386468,0,0,0,0,0,0,0,0,0,0,39.9527869733994,39.9477206222333,1.30476238985901,13,0.5,1e-4,8,98.3208086322917
390,17.3820868318918,0,0,0,0,0,0,0,0,0,0,37.7368286281614,37.7307906129622,3.87063268796797,14,0.5,1e-4,8,96.72033876098337
420,20.4325029013993,0,0,0,0,0,0,0,0,0,0,40.2436567016887,40.2369939375055,10.0428965884251,15,0.5,1e-4,8,110.9560501290186
450,24.3914756059838,0,0,0,0,0,0,0,0,0,0,43.5243748455994,43.5172891715799,24.07593742521,16,0.5,1e-4,8,135.5090770483731
480,27.9660484585858,0,0,0,0,0,0,0,0,0,0,45.3493137581181,45.3421976610285,46.7579713929362,17,0.5,1e-4,8,165.4155312706686
510,29.704573919257,0,0,0,0,0,0,0,0,0,0,44.122694509586,44.1161536463463,74.5621978701985,18,0.5,1e-4,8,192.5056199453878
540,29.4975435651217,0,0,0,0,0,0,0,0,0,0,40.601557006202,40.595961849637,101.744465846608,19,0.5,1e-4,8,212.4395282675687
570,28.0857045119709,0,0,0,0,0,0,0,0,0,0,36.2276421855971,36.2230351942009,124.929221384715,20,0.5,1e-4,8,225.4656032764839
600,26.1773810063764,0,0,0,0,0,0,0,0,0,0,31.9511114558872,31.9473589262656,143.496533745224,21,0.5,1e-4,8,233.57238513375322
630,24.1985898410669,0,0,0,0,0,0,0,0,0,0,28.1660706252006,28.1629992496169,158.077490348033,22,0.5,1e-4,8,238.6051500639174
660,22.3401728585958,0,0,0,0,0,0,0,0,0,0,24.949240279586,24.9466969441831,169.563834570317,23,0.5,1e-4,8,241.7999446526819
690,20.6673347075559,0,0,0,0,0,0,0,0,0,0,22.2530567266254,22.2509215770709,178.724415274912,24,0.5,1e-4,8,243.8957282861642
720,19.1877692687783,0,0,0,0,0,0,0,0,0,0,19.9959884475649,19.99417149504,186.141612325087,25,0.5,1e-4,8,245.3195415364702
750,17.8867372121612,0,0,0,0,0,0,0,0,0,0,18.0977577395798,18.0961920296475,192.238743207412,26,0.5,1e-4,8,246.3194301888005
780,16.7427176302089,0,0,0,0,0,0,0,0,0,0,16.4898492457694,16.4884847126437,197.321783382478,27,0.5,1e-4,8,247.0428349711
810,15.7338987595675,0,0,0,0,0,0,0,0,0,0,15.1168500346543,15.1156488269306,201.61369095091,28,0.5,1e-4,8,247.5800885720624
840,14.8405536701461,0,0,0,0,0,0,0,0,0,0,13.9348495163074,13.933782635692,205.279130650445,29,0.5,1e-4,8,247.9883164725905
870,14.045673551948,0,0,0,0,0,0,0,0,0,0,12.9092451230339,12.9082900472234,208.441550074723,30,0.5,1e-4,8,248.3047587969283
900,13.3349048936854,0,0,0,0,0,0,0,0,0,0,12.0127246251845,12.0118636268069,211.194888823717,31,0.5,1e-4,8,248.5543819693938
930,12.6962439746956,0,0,0,0,0,0,0,0,0,0,11.2236174980495,11.222836446834,213.611656004957,32,0.5,1e-4,8,248.7543539245361
960,12.1196780134823,0,0,0,0,0,0,0,0,0,0,10.5246096621192,10.5238971619721,215.74856770021,33,0.5,1e-4,8,248.9167525377836
990,11.596846983223,0,0,0,0,0,0,0,0,0,0,9.90176072470924,9.9011074843348,217.650535603675,34,0.5,1e-4,8,249.05025079594202
1020,11.1207503839717,0,0,0,0,0,0,0,0,0,0,9.34375733818595,9.34315570618711,219.353529244897,35,0.5,1e-4,8,249.16119267324177
1050,10.6855026110076,0,0,0,0,0,0,0,0,0,0,8.84134582702415,8.84078944418734,220.886658601602,36,0.5,1e-4,8,249.2542964838211
1080,10.2861326812015,0,0,0,0,0,0,0,0,0,0,8.38689941293009,8.3863829490162,222.273709735075,37,0.5,1e-4,8,249.33312477822278
1110,9.91842171770952,0,0,0,0,0,0,0,0,0,0,7.9740862215152,7.97360517373424,223.534291444483,38,0.5,1e-4,8,249.40040455744196
1140,9.57877150529023,0,0,0,0,0,0,0,0,0,0,7.59761288748929,7.59716342453472,224.684701660923,39,0.5,1e-4,8,249.45824947823724
1170,9.26409817779358,0,0,0,0,0,0,0,0,0,0,7.253025116479,7.25260395659608,225.738589380807,40,0.5,1e-4,8,249.50831663167568
1200,8.97174606537668,0,0,0,0,0,0,0,0,0,0,6.93655140806398,6.93615572281801,226.707465664817,41,0.5,1e-4,8,249.55191886107565
1230,8.69941765954713,0,0,0,0,0,0,0,0,0,0,6.64497970146728,6.64460703911818,227.601101966979,42,0.5,1e-4,8,249.5901063671116
1260,8.44511646110558,0,0,0,0,0,0,0,0,0,0,6.37555930884222,6.37520753282114,228.427843470058,43,0.5,1e-4,8,249.62372677282696
1290,8.20710014195349,0,0,0,0,0,0,0,0,0,0,6.12592240927227,6.12558964839779,229.194857668754,44,0.5,1e-4,8,249.65346986837756
1320,7.98384198710525,0,0,0,0,0,0,0,0,0,0,5.89402078022954,5.89370538812774,229.908333161109,45,0.5,1e-4,8,249.67990131657152
1350,7.77399900771068,0,0,0,0,0,0,0,0,0,0,5.67807448090906,5.67777500270832,230.57363981582,46,0.5,1e-4,8,249.70348830714806
1380,7.57638545002683,0,0,0,0,0,0,0,0,0,0,5.47652997345731,5.47624511827679,231.19545873069,47,0.5,1e-4,8,249.72461927245092
1410,7.38995068749495,0,0,0,0,0,0,0,0,0,0,5.28802574546919,5.28775436355494,231.777888379913,48,0.5,1e-4,8,249.74361917643208
1440,7.21376068875785,0,0,0,0,0,0,0,0,0,0,5.1113639319452,5.11110499555976,232.324531855082,49,0.5,1e-4,8,249.7607614713448
1470,7.04698241597527,0,0,0,0,0,0,0,0,0,0,4.94548676451647,4.94523935187945,232.838568990339,50,0.5,1e-4,8,249.77627752271022
1500,6.88887063492911,0,0,0,0,0,0,0,0,0,0,4.78945692724364,4.78922020896719,233.322816322883,51,0.5,1e-4,8,249.79036409402295
1530,6.73875671877841,0,0,0,0,0,0,0,0,0,0,4.64244109142065,4.64221431899695,233.779777203161,52,0.5,1e-4,8,249.803189332357
1560,6.59603910683544,0,0,0,0,0,0,0,0,0,0,4.50369605104674,4.5034785470324,234.211683881856,53,0.5,1e-4,8,249.8148975867706
1590,6.46017514296245,0,0,0,0,0,0,0,0,0,0,4.3725569966488,4.3723481462598,234.620533025457,54,0.5,1e-4,8,249.82561331132806
1620,6.33067406866591,0,0,0,0,0,0,0,0,0,0,4.24842755586794,4.24822679975267,235.008115821013,55,0.5,1e-4,8,249.83544424529953
1650,6.20709098642646,0,0,0,0,0,0,0,0,0,0,4.1307713005861,4.13057812858722,235.376043603268,56,0.5,1e-4,8,249.84448401886777
1680,6.08902164136888,0,0,0,0,0,0,0,0,0,0,4.01910447680691,4.01891842255669,235.72576975871,57,0.5,1e-4,8,249.85281429944246
1710,5.97609789569398,0,0,0,0,0,0,0,0,0,0,3.91298975837808,3.91281039459923,236.058608519775,58,0.5,1e-4,8,249.86050656844628
1740,5.86798379164865,0,0,0,0,0,0,0,0,0,0,3.8120308615039,3.81185779590997,236.375751150165,59,0.5,1e-4,8,249.86762359922753
1770,5.76437211620669,0,0,0,0,0,0,0,0,0,0,3.71586788579734,3.71570075750477,236.678279932462,60,0.5,1e-4,8,249.8742206919708
1800,5.66498139485987,0,0,0,0,0,0,0,0,0,0,3.62417327086301,3.62401174724129,236.967180297042,61,0.5,1e-4,8,249.88034671000617
1830,5.56955325359882,0,0,0,0,0,0,0,0,0,0,3.53664827624249,3.53649205014069,237.243351373095,62,0.5,1e-4,8,249.886044953077
1860,5.47785009778729,0,0,0,0,0,0,0,0,0,0,3.45301990789455,3.45286869519252,237.507615195227,63,0.5,1e-4,8,249.89135389610135
1890,5.38965306459323,0,0,0,0,0,0,0,0,0,0,3.37303822692709,3.37289176436743,237.760724760614,64,0.5,1e-4,8,249.89630781650177
1920,5.3047602122459,0,0,0,0,0,0,0,0,0,0,3.2964739865976,3.29633202986116,238.003371100131,65,0.5,1e-4,8,249.90093732883565
1950,5.22298491488988,0,0,0,0,0,0,0,0,0,0,3.22311655208821,3.22297887408175,238.236189500946,66,0.5,1e-4,8,249.90526984200585
1980,5.14415443640356,0,0,0,0,0,0,0,0,0,0,3.1527720645874,3.15263845391613,238.459764996621,67,0.5,1e-4,8,249.9093299515281
0,250,0,0,0,0,0,0,0,0,0,0,0,0,0,1,0.5,1e-4,9,250
30,250.000322400697,0,0,0,0,0,0,0,0,0,0,0,0,0,2,0.5,1e-4,9,250.000322400697
60,250.000090984018,0,0,0,0,0,0,0,0,0,0,0,0,0,3,0.5,1e-4,9,250.000090984018
90,250.000018876751,0,0,0,0,0,0,0,0,0,0,0,0,0,4,0.5,1e-4,9,250.000018876751
120,227.543177946952,0,0,0,0,0,0,0,0,0,0,25.6636425821328,25.6636425821328,0.00527828740252547,5,0.5,1e-4,9,278.8757413986201
150,172.568421089969,0,0,0,0,0,0,0,0,0,0,48.6654819960326,48.6647237495878,0.0184229141433845,6,0.5,1e-4,9,269.91704974973277
180,130.904740170989,0,0,0,0,0,0,0,0,0,0,59.875579302289196,59.8737614549287,0.0402512907274401,7,0.5,1e-4,9,250.69433221893433
210,99.0547615113676,0,0,0,0,0,0,0,0,0,0,65.3406784210874,65.3378660599582,0.0761056750900983,8,0.5,1e-4,9,229.8094116675033
240,73.5015386184848,0,0,0,0,0,0,0,0,0,0,67.2584502173385,67.2548501476372,0.135521974714888,9,0.5,1e-4,9,208.15036095817538
270,52.6047110141179,0,0,0,0,0,0,0,0,0,0,66.3087870344164,66.3046743902224,0.237625737606454,10,0.5,1e-4,9,185.45579817636315
300,35.6796613798734,0,0,0,0,0,0,0,0,0,0,62.8233927617129,62.8190971958806,0.420675251130834,11,0.5,1e-4,9,161.74282658859775
330,22.4879356666727,0,0,0,0,0,0,0,0,0,0,57.1792929202322,57.1751725398158,0.763142289965622,12,0.5,1e-4,9,137.60554341668632
360,12.9166748928498,0,0,0,0,0,0,0,0,0,0,50.1102418984251,50.1066174029554,1.42754489924164,13,0.5,1e-4,9,114.56107909347195
390,9.31080139177072,0,0,0,0,0,0,0,0,0,0,32.6749264253239,32.6705264344831,2.45748311718409,14,0.5,1e-4,9,77.11373736876182
420,9.47656623805475,0,0,0,0,0,0,0,0,0,0,32.0402850642139,32.0348956630757,8.0808578869953,15,0.5,1e-4,9,81.63260485233965
450,12.0790341319598,0,0,0,0,0,0,0,0,0,0,38.180626602421,38.1740210964962,21.0999719011305,16,0.5,1e-4,9,109.5336537320075
480,14.5688627249705,0,0,0,0,0,0,0,0,0,0,43.3435927163114,43.3362912922001,46.5926530728861,17,0.5,1e-4,9,147.8413998063681
510,15.756526075356,0,0,0,0,0,0,0,0,0,0,44.5260577330487,44.5189584820285,78.2277909820004,18,0.5,1e-4,9,183.0293332724336
540,15.538193951905,0,0,0,0,0,0,0,0,0,0,42.0505412124738,42.0443287233042,108.206966410242,19,0.5,1e-4,9,207.840030297925
570,14.5258164440379,0,0,0,0,0,0,0,0,0,0,37.9552426796257,37.9500926967357,132.75713983219,20,0.5,1e-4,9,223.1882916525893
600,13.2803095683086,0,0,0,0,0,0,0,0,0,0,33.7103799886449,33.7061754959954,151.642865997473,21,0.5,1e-4,9,232.3397310504219
630,12.0561521213721,0,0,0,0,0,0,0,0,0,0,29.8701141961555,29.86666944755,166.057609009161,22,0.5,1e-4,9,237.8505447742386
660,10.9519937566308,0,0,0,0,0,0,0,0,0,0,26.5788915014583,26.57603648422,177.177199245883,23,0.5,1e-4,9,241.28412098819211
690,9.98746674355851,0,0,0,0,0,0,0,0,0,0,23.8067095237125,23.8043105321006,185.914313946393,24,0.5,1e-4,9,243.51280074576462
720,9.15415723461504,0,0,0,0,0,0,0,0,0,0,21.4777508881273,21.4757074894156,192.911198359045,25,0.5,1e-4,9,245.01881397120292
750,8.43506398762344,0,0,0,0,0,0,0,0,0,0,19.5129790532589,19.5112165667885,198.614837645854,26,0.5,1e-4,9,246.07409725352485
780,7.81250760522948,0,0,0,0,0,0,0,0,0,0,17.8439059824545,17.8423685832473,203.338528805985,27,0.5,1e-4,9,246.83731097691629
810,7.27069282663061,0,0,0,0,0,0,0,0,0,0,16.4147552407037,16.4134007226641,207.305694808173,28,0.5,1e-4,9,247.40454359817141
840,6.79630361143005,0,0,0,0,0,0,0,0,0,0,15.1811620588276,15.1799580776088,210.678713978756,29,0.5,1e-4,9,247.83613772662247
870,6.37837578099745,0,0,0,0,0,0,0,0,0,0,14.1080712743934,14.1069926961726,213.577830867229,30,0.5,1e-4,9,248.17127061879245
900,6.00795925400449,0,0,0,0,0,0,0,0,0,0,13.1677508529958,13.166777882331,216.093661090236,31,0.5,1e-4,9,248.4361490795673
930,5.67775715249267,0,0,0,0,0,0,0,0,0,0,12.3381515820016,12.3372684290331,218.295598419722,32,0.5,1e-4,9,248.64877558324937
960,5.38180522481494,0,0,0,0,0,0,0,0,0,0,11.6016220300315,11.6008159507406,220.237569014266,33,0.5,1e-4,9,248.82181221985303
990,5.11520630137499,0,0,0,0,0,0,0,0,0,0,10.9439229879289,10.9431835842138,221.962041385399,34,0.5,1e-4,9,248.9643542589167
1020,4.87391705509159,0,0,0,0,0,0,0,0,0,0,10.3534770530095,10.352795755606,223.502869134957,35,0.5,1e-4,9,249.0830589986641
1050,4.65457909110485,0,0,0,0,0,0,0,0,0,0,9.82079733839129,9.82016702001279,224.887338877884,36,0.5,1e-4,9,249.18288232739292
1080,4.45438580831335,0,0,0,0,0,0,0,0,0,0,9.33805098299849,9.3374656653737,226.137667792546,37,0.5,1e-4,9,249.26757024923154
1110,4.27097747344339,0,0,0,0,0,0,0,0,0,0,8.89872377953175,8.89817840898788,227.272113987912,38,0.5,1e-4,9,249.33999364987503
1140,4.10235831855051,0,0,0,0,0,0,0,0,0,0,8.4973607746961,8.49685104838216,228.305810424918,39,0.5,1e-4,9,249.40238056654678
1170,3.94683077052574,0,0,0,0,0,0,0,0,0,0,8.12936419242962,8.12888642238223,229.251398709649,40,0.5,1e-4,9,249.4564800949866
1200,3.80294301224357,0,0,0,0,0,0,0,0,0,0,7.79083485749949,7.79038586329649,230.119516127952,41,0.5,1e-4,9,249.50367986099155
1230,3.66944694516579,0,0,0,0,0,0,0,0,0,0,7.47844684611208,7.47802386934551,230.919173758,42,0.5,1e-4,9,249.54509141862337
1260,3.54526429943008,0,0,0,0,0,0,0,0,0,0,7.18934769230139,7.1889483278662,231.658052831664,43,0.5,1e-4,9,249.58161315126168
1290,3.42945915624425,0,0,0,0,0,0,0,0,0,0,6.92107838867921,6.9207005291399,232.342739092487,44,0.5,1e-4,9,249.61397716655034
1320,3.3212155431929,0,0,0,0,0,0,0,0,0,0,6.67150882676958,6.67115061698591,232.978909665594,45,0.5,1e-4,9,249.6427846525424
1350,3.21981906458205,0,0,0,0,0,0,0,0,0,0,6.43878536331557,6.43844516318119,233.571483222245,46,0.5,1e-4,9,249.66853281332382
1380,3.12464175891725,0,0,0,0,0,0,0,0,0,0,6.22128797405763,6.22096432770359,234.12474152881,47,0.5,1e-4,9,249.69163558948847
1410,3.03512955149536,0,0,0,0,0,0,0,0,0,0,6.01759503713335,6.01728664732027,234.642428506416,48,0.5,1e-4,9,249.71243974236498
1440,2.95079180511674,0,0,0,0,0,0,0,0,0,0,5.82645422604294,5.826159932746,235.127831481521,49,0.5,1e-4,9,249.7312374454267
1470,2.87119257604068,0,0,0,0,0,0,0,0,0,0,5.64675832436813,5.64647708677175,235.583848232596,50,0.5,1e-4,9,249.74827621977659
1500,2.79594326297223,0,0,0,0,0,0,0,0,0,0,5.4775250282142,5.47725590949656,236.013042631782,51,0.5,1e-4,9,249.763766832465
1530,2.72469639967645,0,0,0,0,0,0,0,0,0,0,5.31787999743674,5.31762215184987,236.417691070451,52,0.5,1e-4,9,249.77788961941408
1560,2.6571403909675,0,0,0,0,0,0,0,0,0,0,5.16704256762746,5.1667952294767,236.799821392571,53,0.5,1e-4,9,249.79079958064267
1590,2.59299503048134,0,0,0,0,0,0,0,0,0,0,5.0243136522842,5.02407612648706,237.161245702528,54,0.5,1e-4,9,249.8026305117806
1620,2.53200766920265,0,0,0,0,0,0,0,0,0,0,4.88906545653696,4.88883711050204,237.503588137648,55,0.5,1e-4,9,249.81349837388964
1650,2.47394992799747,0,0,0,0,0,0,0,0,0,0,4.76073269619456,4.76051295280864,237.828308480363,56,0.5,1e-4,9,249.82350405736366
1680,2.41861486678722,0,0,0,0,0,0,0,0,0,0,4.63880507318801,4.63859340473767,238.136722316103,57,0.5,1e-4,9,249.8327356608159
1710,2.36581453854798,0,0,0,0,0,0,0,0,0,0,4.52282080409892,4.52261672698366,238.430018309888,58,0.5,1e-4,9,249.84127037951856
1740,2.31537786884836,0,0,0,0,0,0,0,0,0,0,4.41236103495025,4.41216410506846,238.709273068859,59,0.5,1e-4,9,249.84917607772607
1770,2.26714881178179,0,0,0,0,0,0,0,0,0,0,4.30704500476924,4.30685481347859,238.975463973708,60,0.5,1e-4,9,249.85651260373763
1800,2.22098474139374,0,0,0,0,0,0,0,0,0,0,4.20652584412563,4.2063420146954,239.229480294347,61,0.5,1e-4,9,249.86333289456178
1830,2.17675504443698,0,0,0,0,0,0,0,0,0,0,4.11048691407317,4.11030909855962,239.472132850568,62,0.5,1e-4,9,249.86968390763775
1860,2.13433988580529,0,0,0,0,0,0,0,0,0,0,4.0186386065904,4.01846648307692,239.704162434319,63,0.5,1e-4,9,249.8756074097916
1890,2.09362912253826,0,0,0,0,0,0,0,0,0,0,3.93071554044028,3.93054881059326,239.92624717425,64,0.5,1e-4,9,249.88114064782178
1920,2.05452134604123,0,0,0,0,0,0,0,0,0,0,3.84647409690649,3.84631248380516,240.139008993747,65,0.5,1e-4,9,249.8863169204999
1950,2.01692303527564,0,0,0,0,0,0,0,0,0,0,3.7656902485585,3.76553349476325,240.343019289575,66,0.5,1e-4,9,249.8911660681724
1980,1.98074780626394,0,0,0,0,0,0,0,0,0,0,3.68815764139749,3.68800550722653,240.538803938324,67,0.5,1e-4,9,249.89571489321196
0,250,0,0,0,0,0,0,0,0,0,0,0,0,0,1,0.6,0,10,250
30,250.000322400697,0,0,0,0,0,0,0,0,0,0,0,0,0,2,0.6,0,10,250.000322400697
60,250.000090984018,0,0,0,0,0,0,0,0,0,0,0,0,0,3,0.6,0,10,250.000090984018
90,250.000018876751,0,0,0,0,0,0,0,0,0,0,0,0,0,4,0.6,0,10,250.000018876751
120,223.941792435524,0,0,0,0,0,0,0,0,0,0,29.9839455073625,29.9839455073625,0,5,0.6,0,10,283.909683450249
150,161.301280958211,0,0,0,0,0,0,0,0,0,0,55.6005335798084,55.6005335798084,0,6,0.6,0,10,272.5023481178278
180,114.940598255439,0,0,0,0,0,0,0,0,0,0,66.7344845999416,66.7344845999416,0,7,0.6,0,10,248.4095674553222
210,80.4564130106,0,0,0,0,0,0,0,0,0,0,70.7277135008549,70.7277135008549,0,8,0.6,0,10,221.91184001230982
240,54.0060374913727,0,0,0,0,0,0,0,0,0,0,70.11314588696,70.11314588696,0,9,0.6,0,10,194.2323292652927
270,33.898105845073,0,0,0,0,0,0,0,0,0,0,65.816260842818,65.816260842818,0,10,0.6,0,10,165.53062753070898
300,19.3204100985354,0,0,0,0,0,0,0,0,0,0,58.6306112433989,58.6306112433989,0,11,0.6,0,10,136.5816325853332
330,9.63664449286152,0,0,0,0,0,0,0,0,0,0,49.664336345931,49.664336345931,0,12,0.6,0,10,108.96531718472352
360,4.00687219649988,0,0,0,0,0,0,0,0,0,0,40.4527825680025,40.4527825680025,0,13,0.6,0,10,84.91243733250488
390,1.30231936962335,0,0,0,0,0,0,0,0,0,0,32.6864206089381,32.6864206089381,0,14,0.6,0,10,66.67516058749955
420,0.472948354246115,0,0,0,0,0,0,0,0,0,0,7.29355197040132,7.29355197040132,0,15,0.6,0,10,15.060052295048756
450,0.253010114236479,0,0,0,0,0,0,0,0,0,0,4.72205694777485,4.72205694777485,0,16,0.6,0,10,9.69712400978618
480,0.199285496799753,0,0,0,0,0,0,0,0,0,0,3.42352253857126,3.42352253857126,0,17,0.6,0,10,7.0463305739422735
510,0.176583242897484,0,0,0,0,0,0,0,0,0,0,3.0691377328829,3.0691377328829,0,18,0.6,0,10,6.314858708663285
540,0.170022664010871,0,0,0,0,0,0,0,0,0,0,2.8869914571661,2.8869914571661,0,19,0.6,0,10,5.944005578343071
570,0.169553087688965,0,0,0,0,0,0,0,0,0,0,2.84830599297346,2.84830599297346,0,20,0.6,0,10,5.8661650736358855
600,0.173113023521836,0,0,0,0,0,0,0,0,0,0,2.86264110499152,2.86264110499152,0,21,0.6,0,10,5.898395233504876
630,0.178824811137567,0,0,0,0,0,0,0,0,0,0,2.9152441994688,2.9152441994688,0,22,0.6,0,10,6.009313210075168
660,0.186080288049686,0,0,0,0,0,0,0,0,0,0,2.98805490839839,2.98805490839839,0,23,0.6,0,10,6.162190104846466
690,0.194397702729153,0,0,0,0,0,0,0,0,0,0,3.0747734692504,3.0747734692504,0,24,0.6,0,10,6.343944641229952
720,0.203575657626012,0,0,0,0,0,0,0,0,0,0,3.17066639830191,3.17066639830191,0,25,0.6,0,10,6.544908454229832
750,0.213487973030159,0,0,0,0,0,0,0,0,0,0,3.27346544280147,3.27346544280147,0,26,0.6,0,10,6.760418858633099
780,0.224086475184886,0,0,0,0,0,0,0,0,0,0,3.38183089331361,3.38183089331361,0,27,0.6,0,10,6.987748261812106
810,0.235357735838468,0,0,0,0,0,0,0,0,0,0,3.49509817343436,3.49509817343436,0,28,0.6,0,10,7.225554082707188
840,0.24731472389689,0,0,0,0,0,0,0,0,0,0,3.61296986736429,3.61296986736429,0,29,0.6,0,10,7.47325445862547
870,0.259985933043519,0,0,0,0,0,0,0,0,0,0,3.73536614633194,3.73536614633194,0,30,0.6,0,10,7.730718225707399
900,0.273411213919792,0,0,0,0,0,0,0,0,0,0,3.86234013577153,3.86234013577153,0,31,0.6,0,10,7.998091485462853
930,0.287638828692389,0,0,0,0,0,0,0,0,0,0,3.99402342096671,3.99402342096671,0,32,0.6,0,10,8.275685670625808
960,0.302724145567168,0,0,0,0,0,0,0,0,0,0,4.13059948996179,4.13059948996179,0,33,0.6,0,10,8.56392312549075
990,0.31872906781032,0,0,0,0,0,0,0,0,0,0,4.27228680860855,4.27228680860855,0,34,0.6,0,10,8.86330268502742
1020,0.335721984533761,0,0,0,0,0,0,0,0,0,0,4.41933099224494,4.41933099224494,0,35,0.6,0,10,9.17438396902364
1050,0.353778047693889,0,0,0,0,0,0,0,0,0,0,4.57200052921323,4.57200052921323,0,36,0.6,0,10,9.497779106120348
1080,0.372979671398309,0,0,0,0,0,0,0,0,0,0,4.73058531092549,4.73058531092549,0,37,0.6,0,10,9.834150293249289
1110,0.39341720456853,0,0,0,0,0,0,0,0,0,0,4.8953964650442,4.8953964650442,0,38,0.6,0,10,10.184210134656931
1140,0.415189749418391,0,0,0,0,0,0,0,0,0,0,5.06676710591256,5.06676710591256,0,39,0.6,0,10,10.54872396124351
1170,0.438406121009048,0,0,0,0,0,0,0,0,0,0,5.24505360798198,5.24505360798198,0,40,0.6,0,10,10.928513336973008
1200,0.463185952255679,0,0,0,0,0,0,0,0,0,0,5.43063726592709,5.43063726592709,0,41,0.6,0,10,11.32446048410986
1230,0.489660958117288,0,0,0,0,0,0,0,0,0,0,5.62392624837615,5.62392624837615,0,42,0.6,0,10,11.737513454869587
1260,0.51797637853378,0,0,0,0,0,0,0,0,0,0,5.82535781577828,5.82535781577828,0,43,0.6,0,10,12.16869201009034
1290,0.548292625643041,0,0,0,0,0,0,0,0,0,0,6.03540079477577,6.03540079477577,0,44,0.6,0,10,12.61909421519458
1320,0.580787166490982,0,0,0,0,0,0,0,0,0,0,6.25455831962615,6.25455831962615,0,45,0.6,0,10,13.089903805743281
1350,0.615656678820892,0,0,0,0,0,0,0,0,0,0,6.48337086079219,6.48337086079219,0,46,0.6,0,10,13.582398400405273
1380,0.653119524795792,0,0,0,0,0,0,0,0,0,0,6.72241956818142,6.72241956818142,0,47,0.6,0,10,14.097958661158632
1410,0.693418596115874,0,0,0,0,0,0,0,0,0,0,6.972329962186,6.972329962186,0,48,0.6,0,10,14.638078520487875
1440,0.736824594298971,0,0,0,0,0,0,0,0,0,0,7.23377601087132,7.23377601087132,0,49,0.6,0,10,15.20437661604161
1470,0.783639822349968,0,0,0,0,0,0,0,0,0,0,7.50748463679397,7.50748463679397,0,50,0.6,0,10,15.798609095937909
1500,0.834202579184925,0,0,0,0,0,0,0,0,0,0,7.79424070227548,7.79424070227548,0,51,0.6,0,10,16.422683983735883
1530,0.888892266659318,0,0,0,0,0,0,0,0,0,0,8.09489252765377,8.09489252765377,0,52,0.6,0,10,17.078677321966858
1560,0.948135341705495,0,0,0,0,0,0,0,0,0,0,8.41035800312785,8.41035800312785,0,53,0.6,0,10,17.768851347961196
1590,1.01241227396142,0,0,0,0,0,0,0,0,0,0,8.74163136128948,8.74163136128948,0,54,0.6,0,10,18.49567499654038
1620,1.08226570370697,0,0,0,0,0,0,0,0,0,0,9.08979068421491,9.08979068421491,0,55,0.6,0,10,19.26184707213679
1650,1.15831003762538,0,0,0,0,0,0,0,0,0,0,9.45600622590002,9.45600622590002,0,56,0.6,0,10,20.070322489425422
1680,1.24124277307473,0,0,0,0,0,0,0,0,0,0,9.84154963757546,9.84154963757546,0,57,0.6,0,10,20.92434204822565
1710,1.33185790802777,0,0,0,0,0,0,0,0,0,0,10.2478041895756,10.2478041895756,0,58,0.6,0,10,21.82746628717897
1740,1.43106187730467,0,0,0,0,0,0,0,0,0,0,10.6762760882504,10.6762760882504,0,59,0.6,0,10,22.783614053805472
1770,1.53989256098572,0,0,0,0,0,0,0,0,0,0,11.1286069888427,11.1286069888427,0,60,0.6,0,10,23.79710653867112
1800,1.65954204424663,0,0,0,0,0,0,0,0,0,0,11.6065878037265,11.6065878037265,0,61,0.6,0,10,24.87271765169963
1830,1.79138397758767,0,0,0,0,0,0,0,0,0,0,12.1121738975923,12.1121738975923,0,62,0.6,0,10,26.01573177277227
1860,1.93700660348723,0,0,0,0,0,0,0,0,0,0,12.6475017436723,12.6475017436723,0,63,0.6,0,10,27.23201009083183
1890,2.09825279445374,0,0,0,0,0,0,0,0,0,0,13.2149070829528,13.2149070829528,0,64,0.6,0,10,28.52806696035934
1920,2.27726880771474,0,0,0,0,0,0,0,0,0,0,13.8169445742994,13.8169445742994,0,65,0.6,0,10,29.91115795631354
1950,2.47656392944595,0,0,0,0,0,0,0,0,0,0,14.4564088369861,14.4564088369861,0,66,0.6,0,10,31.38938160341815
1980,2.69908379165443,0,0,0,0,0,0,0,0,0,0,15.1363566529658,15.1363566529658,0,67,0.6,0,10,32.97179709758603
0,250,0,0,0,0,0,0,0,0,0,0,0,0,0,1,0.6,0,11,250
30,250.000322400697,0,0,0,0,0,0,0,0,0,0,0,0,0,2,0.6,0,11,250.000322400697
60,250.000090984018,0,0,0,0,0,0,0,0,0,0,0,0,0,3,0.6,0,11,250.000090984018
90,250.000018876751,0,0,0,0,0,0,0,0,0,0,0,0,0,4,0.6,0,11,250.000018876751
120,223.941792435524,0,0,0,0,0,0,0,0,0,0,29.9839455073625,29.9839455073625,0,5,0.6,0,11,283.909683450249
150,161.301280958211,0,0,0,0,0,0,0,0,0,0,55.6005335798084,55.6005335798084,0,6,0.6,0,11,272.5023481178278
180,114.940598255439,0,0,0,0,0,0,0,0,0,0,66.7344845999416,66.7344845999416,0,7,0.6,0,11,248.4095674553222
210,80.4564130106,0,0,0,0,0,0,0,0,0,0,70.7277135008549,70.7277135008549,0,8,0.6,0,11,221.91184001230982
240,54.0060374913727,0,0,0,0,0,0,0,0,0,0,70.11314588696,70.11314588696,0,9,0.6,0,11,194.2323292652927
270,33.898105845073,0,0,0,0,0,0,0,0,0,0,65.816260842818,65.816260842818,0,10,0.6,0,11,165.53062753070898
300,19.3204100985354,0,0,0,0,0,0,0,0,0,0,58.6306112433989,58.6306112433989,0,11,0.6,0,11,136.5816325853332
330,9.63664449286152,0,0,0,0,0,0,0,0,0,0,49.664336345931,49.664336345931,0,12,0.6,0,11,108.96531718472352
360,4.00687219649988,0,0,0,0,0,0,0,0,0,0,40.4527825680025,40.4527825680025,0,13,0.6,0,11,84.91243733250488
390,1.30231936962335,0,0,0,0,0,0,0,0,0,0,32.6864206089381,32.6864206089381,0,14,0.6,0,11,66.67516058749955
420,0.306183349556682,0,0,0,0,0,0,0,0,0,0,27.5615963355991,27.5615963355991,0,15,0.6,0,11,55.42937602075488
450,0.0726582478663968,0,0,0,0,0,0,0,0,0,0,3.06794144263081,3.06794144263081,0,16,0.6,0,11,6.2085411331280165
480,0.0244455566135276,0,0,0,0,0,0,0,0,0,0,1.19224817169254,1.19224817169254,0,17,0.6,0,11,2.4089418999986076
510,0.0110836523650803,0,0,0,0,0,0,0,0,0,0,0.540924350482721,0.540924350482721,0,18,0.6,0,11,1.0929323533305224
540,0.00609884040025568,0,0,0,0,0,0,0,0,0,0,0.291884861502006,0.291884861502006,0,19,0.6,0,11,0.5898685634042676
570,0.00357968285787263,0,0,0,0,0,0,0,0,0,0,0.171928871717049,0.171928871717049,0,20,0.6,0,11,0.3474374262919706
600,0.00221861658502037,0,0,0,0,0,0,0,0,0,0,0.105691272982778,0.105691272982778,0,21,0.6,0,11,0.21360116255057637
630,0.00141313076596389,0,0,0,0,0,0,0,0,0,0,0.0670983194876112,0.0670983194876112,0,22,0.6,0,11,0.1356097697411863
660,9.1959289403081e-4,0,0,0,0,0,0,0,0,0,0,0.0434342081833231,0.0434342081833231,0,23,0.6,0,11,0.08778800926067701
690,6.071467939414e-4,0,0,0,0,0,0,0,0,0,0,0.0285457971870219,0.0285457971870219,0,24,0.6,0,11,0.0576987411679852
720,4.0553039233514e-4,0,0,0,0,0,0,0,0,0,0,0.018973572151627,0.018973572151627,0,25,0.6,0,11,0.03835267469558914
750,2.7339804534386e-4,0,0,0,0,0,0,0,0,0,0,0.0127299741118003,0.0127299741118003,0,26,0.6,0,11,0.02573334626894446
780,1.8580710848919e-4,0,0,0,0,0,0,0,0,0,0,0.00860936405374274,0.00860936405374274,0,27,0.6,0,11,0.01740453521597467
810,1.2718893577777e-4,0,0,0,0,0,0,0,0,0,0,0.00586444025972922,0.00586444025972922,0,28,0.6,0,11,0.01185606945523621
840,8.76449439215376e-5,0,0,0,0,0,0,0,0,0,0,0.00402121169353712,0.00402121169353712,0,29,0.6,0,11,0.008130068330995778
870,6.0777960572768e-5,0,0,0,0,0,0,0,0,0,0,0.00277470033768298,0.00277470033768298,0,30,0.6,0,11,0.005610178635938727
900,4.24048173176414e-5,0,0,0,0,0,0,0,0,0,0,0.0019262432543481,0.0019262432543481,0,31,0.6,0,11,0.0038948913260138415
930,2.97630945893204e-5,0,0,0,0,0,0,0,0,0,0,0.00134519830006019,0.00134519830006019,0,32,0.6,0,11,0.0027201596947097
960,2.10137276062707e-5,0,0,0,0,0,0,0,0,0,0,9.4495191864558e-4,9.4495191864558e-4,0,33,0.6,0,11,0.0019109175648974307
990,1.4923635806216799e-05,0,0,0,0,0,0,0,0,0,0,6.6767581798373e-4,6.6767581798373e-4,0,34,0.6,0,11,0.0013502752717736767
1020,1.06607567676927e-5,0,0,0,0,0,0,0,0,0,0,4.7451427099103e-4,4.7451427099103e-4,0,35,0.6,0,11,9.596892987497527e-4
1050,7.66030408763608e-6,0,0,0,0,0,0,0,0,0,0,3.392057353725e-4,3.392057353725e-4,0,36,0.6,0,11,6.860717748326361e-4
1080,5.53676907485207e-6,0,0,0,0,0,0,0,0,0,0,2.4390182469734e-4,2.4390182469734e-4,0,37,0.6,0,11,4.93340418469532e-4
1110,4.02560016987903e-6,0,0,0,0,0,0,0,0,0,0,1.7640711472144e-4,1.7640711472144e-4,0,38,0.6,0,11,3.5683982961275904e-4
1140,2.94430374427807e-6,0,0,0,0,0,0,0,0,0,0,1.2834533013147e-4,1.2834533013147e-4,0,39,0.6,0,11,2.5963496400721803e-4
1170,2.16634721591355e-6,0,0,0,0,0,0,0,0,0,0,9.39339371073163e-5,9.39339371073163e-5,0,40,0.6,0,11,1.9003422143054616e-4
1200,1.60355578246308e-6,0,0,0,0,0,0,0,0,0,0,6.91608535790516e-5,6.91608535790516e-5,0,41,0.6,0,11,1.399252629405663e-4
1230,1.19417704152112e-6,0,0,0,0,0,0,0,0,0,0,5.12284744699461e-5,5.12284744699461e-5,0,42,0.6,0,11,1.0365112598141332e-4
1260,8.94748293564968e-7,0,0,0,0,0,0,0,0,0,0,3.81763535148311e-5,3.81763535148311e-5,0,43,0.6,0,11,7.724745532322716e-5
1290,6.74528144106511e-7,0,0,0,0,0,0,0,0,0,0,2.86238946614844e-5,2.86238946614844e-5,0,44,0.6,0,11,5.792231746707531e-5
1320,5.11665768388941e-7,0,0,0,0,0,0,0,0,0,0,2.15940508868035e-5,2.15940508868035e-5,0,45,0.6,0,11,4.369976754199594e-5
1350,3.9055325929096e-7,0,0,0,0,0,0,0,0,0,0,1.63919623101213e-5,1.63919623101213e-5,0,46,0.6,0,11,3.3174477879533564e-5
1380,2.99987204977234e-7,0,0,0,0,0,0,0,0,0,0,1.2521026573844e-5,1.2521026573844e-5,0,47,0.6,0,11,2.5342040352665236e-5
1410,2.31886300765216e-7,0,0,0,0,0,0,0,0,0,0,9.62458937695891e-6,9.62458937695891e-6,0,48,0.6,0,11,1.9481065054683037e-5
1440,1.80392738649852e-7,0,0,0,0,0,0,0,0,0,0,7.44524934508859e-6,7.44524934508859e-6,0,49,0.6,0,11,1.5070891428827033e-5
1470,1.41239661904412e-7,0,0,0,0,0,0,0,0,0,0,5.79632706504423e-6,5.79632706504423e-6,0,50,0.6,0,11,1.173389379199287e-5
1500,1.11303892550065e-7,0,0,0,0,0,0,0,0,0,0,4.54177166673797e-6,4.54177166673797e-6,0,51,0.6,0,11,9.194847226026004e-6
1530,8.8288239483106e-8,0,0,0,0,0,0,0,0,0,0,3.58194578179636e-6,3.58194578179636e-6,0,52,0.6,0,11,7.252179803075826e-6
1560,7.04948321879026e-8,0,0,0,0,0,0,0,0,0,0,2.84352386491599e-6,2.84352386491599e-6,0,53,0.6,0,11,5.757542562019883e-6
1590,5.6662674925807e-8,0,0,0,0,0,0,0,0,0,0,2.27228137722652e-6,2.27228137722652e-6,0,54,0.6,0,11,4.601225429378846e-6
1620,4.58507063134146e-8,0,0,0,0,0,0,0,0,0,0,1.82792449285161e-6,1.82792449285161e-6,0,55,0.6,0,11,3.7016996920166343e-6
1650,3.73532424450205e-8,0,0,0,0,0,0,0,0,0,0,1.4803663539343e-6,1.4803663539343e-6,0,56,0.6,0,11,2.9980859503136205e-6
1680,3.06385646997725e-8,0,0,0,0,0,0,0,0,0,0,1.2070332262771e-6,1.2070332262771e-6,0,57,0.6,0,11,2.444705017253972e-6
1710,2.53041201110516e-8,0,0,0,0,0,0,0,0,0,0,9.90907069085536e-7,9.90907069085536e-7,0,58,0.6,0,11,2.0071182582821236e-6
1740,2.10436966782266e-8,0,0,0,0,0,0,0,0,0,0,8.19096923360684e-7,8.19096923360684e-7,0,59,0.6,0,11,1.6592375433995946e-6
1770,1.76232673893207e-8,0,0,0,0,0,0,0,0,0,0,6.81791666783596e-7,6.81791666783596e-7,0,60,0.6,0,11,1.3812066009565128e-6
1800,1.48631361581433e-8,0,0,0,0,0,0,0,0,0,0,5.71488967774038e-7,5.71488967774038e-7,0,61,0.6,0,11,1.1578410717062194e-6
1830,1.26246844182728e-8,0,0,0,0,0,0,0,0,0,0,4.82425120623776e-7,4.82425120623776e-7,0,62,0.6,0,11,9.774749256658248e-7
1860,1.08004905041512e-8,0,0,0,0,0,0,0,0,0,0,4.10151599175407e-7,4.10151599175407e-7,0,63,0.6,0,11,8.311036888549652e-7
1890,9.306932006950451e-9,0,0,0,0,0,0,0,0,0,0,3.51219220549038e-7,3.51219220549038e-7,0,64,0.6,0,11,7.117453731050264e-7
1920,8.07862366680212e-9,0,0,0,0,0,0,0,0,0,0,3.02941565406307e-7,3.02941565406307e-7,0,65,0.6,0,11,6.139617544794161e-7
1950,7.064217823223931e-9,0,0,0,0,0,0,0,0,0,0,2.63217015404306e-7,2.63217015404306e-7,0,66,0.6,0,11,5.334982486318359e-7
1980,6.223220516672031e-9,0,0,0,0,0,0,0,0,0,0,2.30394323473919e-7,2.30394323473919e-7,0,67,0.6,0,11,4.6701186746451006e-7
0,250,0,0,0,0,0,0,0,0,0,0,0,0,0,1,0.6,0,12,250
30,250.000322400697,0,0,0,0,0,0,0,0,0,0,0,0,0,2,0.6,0,12,250.000322400697
60,250.000090984018,0,0,0,0,0,0,0,0,0,0,0,0,0,3,0.6,0,12,250.000090984018
90,250.000018876751,0,0,0,0,0,0,0,0,0,0,0,0,0,4,0.6,0,12,250.000018876751
120,223.941792435524,0,0,0,0,0,0,0,0,0,0,29.9839455073625,29.9839455073625,0,5,0.6,0,12,283.909683450249
150,161.301280958211,0,0,0,0,0,0,0,0,0,0,55.6005335798084,55.6005335798084,0,6,0.6,0,12,272.5023481178278
180,114.940598255439,0,0,0,0,0,0,0,0,0,0,66.7344845999416,66.7344845999416,0,7,0.6,0,12,248.4095674553222
210,80.4564130106,0,0,0,0,0,0,0,0,0,0,70.7277135008549,70.7277135008549,0,8,0.6,0,12,221.91184001230982
240,54.0060374913727,0,0,0,0,0,0,0,0,0,0,70.11314588696,70.11314588696,0,9,0.6,0,12,194.2323292652927
270,33.898105845073,0,0,0,0,0,0,0,0,0,0,65.816260842818,65.816260842818,0,10,0.6,0,12,165.53062753070898
300,19.3204100985354,0,0,0,0,0,0,0,0,0,0,58.6306112433989,58.6306112433989,0,11,0.6,0,12,136.5816325853332
330,9.63664449286152,0,0,0,0,0,0,0,0,0,0,49.664336345931,49.664336345931,0,12,0.6,0,12,108.96531718472352
360,4.00687219649988,0,0,0,0,0,0,0,0,0,0,40.4527825680025,40.4527825680025,0,13,0.6,0,12,84.91243733250488
390,1.30231936962335,0,0,0,0,0,0,0,0,0,0,32.6864206089381,32.6864206089381,0,14,0.6,0,12,66.67516058749955
420,0.306183349556682,0,0,0,0,0,0,0,0,0,0,27.5615963355991,27.5615963355991,0,15,0.6,0,12,55.42937602075488
450,0.049170293979733,0,0,0,0,0,0,0,0,0,0,25.1226540077098,25.1226540077098,0,16,0.6,0,12,50.29447830939934
480,0.00756491889550804,0,0,0,0,0,0,0,0,0,0,1.71956709762786,1.71956709762786,0,17,0.6,0,12,3.446699114151228
510,0.00157459141534218,0,0,0,0,0,0,0,0,0,0,0.22754727681909,0.22754727681909,0,18,0.6,0,12,0.4566691450535222
540,2.7780458434304e-4,0,0,0,0,0,0,0,0,0,0,0.0476820060872876,0.0476820060872876,0,19,0.6,0,12,0.09564181675891824
570,5.25630522219551e-5,0,0,0,0,0,0,0,0,0,0,0.0093039677585645,0.0093039677585645,0,20,0.6,0,12,0.018660498569350953
600,1.04194330992017e-5,0,0,0,0,0,0,0,0,0,0,0.00180236837926189,0.00180236837926189,0,21,0.6,0,12,0.003615156191622982
630,2.05657841649857e-6,0,0,0,0,0,0,0,0,0,0,3.5519392529553e-4,3.5519392529553e-4,0,22,0.6,0,12,7.124444290075585e-4
660,4.05223104720318e-7,0,0,0,0,0,0,0,0,0,0,7.00864353174708e-5,7.00864353174708e-5,0,23,0.6,0,12,1.405780937396619e-4
690,7.99789728672466e-8,0,0,0,0,0,0,0,0,0,0,1.38190664508529e-5,1.38190664508529e-5,0,24,0.6,0,12,2.7718111874573046e-5
720,1.57984734541522e-8,0,0,0,0,0,0,0,0,0,0,2.7268682395051e-6,2.7268682395051e-6,0,25,0.6,0,12,5.469534952464352e-6
750,3.1223695846739e-9,0,0,0,0,0,0,0,0,0,0,5.38498565657234e-7,5.38498565657234e-7,0,26,0.6,0,12,1.080119500899142e-6
780,6.174898499245391e-10,0,0,0,0,0,0,0,0,0,0,1.06407291617942e-7,1.06407291617942e-7,0,27,0.6,0,12,2.1343207308580854e-7
810,1.22196563809527e-10,0,0,0,0,0,0,0,0,0,0,2.10393390581795e-8,2.10393390581795e-8,0,28,0.6,0,12,4.2200874680168523e-8
840,2.41972961655827e-11,0,0,0,0,0,0,0,0,0,0,4.1626792230779504e-09,4.1626792230779504e-09,0,29,0.6,0,12,8.349555742321483e-9
870,4.79461417088514e-12,0,0,0,0,0,0,0,0,0,0,8.24124904463238e-10,8.24124904463238e-10,0,30,0.6,0,12,1.6530444230973612e-9
900,9.50649539762841e-13,0,0,0,0,0,0,0,0,0,0,1.63264728041406e-10,1.63264728041406e-10,0,31,0.6,0,12,3.2748010562257484e-10
930,1.88611237396966e-13,0,0,0,0,0,0,0,0,0,0,3.23646974531033e-11,3.23646974531033e-11,0,32,0.6,0,12,6.491800614360356e-11
960,3.74451367702891e-14,0,0,0,0,0,0,0,0,0,0,6.41994114080875e-12,6.41994114080875e-12,0,33,0.6,0,12,1.2877327418387789e-11
990,7.43882706432512e-15,0,0,0,0,0,0,0,0,0,0,1.27429879495186e-12,1.27429879495186e-12,0,34,0.6,0,12,2.556036416968045e-12
1020,1.4787512769145502e-15,0,0,0,0,0,0,0,0,0,0,2.53100305480029e-13,2.53100305480029e-13,0,35,0.6,0,12,5.076793622369726e-13
1050,2.9414933606435004e-16,0,0,0,0,0,0,0,0,0,0,5.03032077453066e-14,5.03032077453066e-14,0,36,0.6,0,12,1.0090056482667755e-13
1080,5.85494911406604e-17,0,0,0,0,0,0,0,0,0,0,1.0004162713426501e-14,1.0004162713426501e-14,0,37,0.6,0,12,2.0066874917993663e-14
1110,1.16616857607483e-17,0,0,0,0,0,0,0,0,0,0,1.99089480022074e-15,1.99089480022074e-15,0,38,0.6,0,12,3.993451286202229e-15
1140,2.32425057514123e-18,0,0,0,0,0,0,0,0,0,0,3.9645949314948297e-16,3.9645949314948297e-16,0,39,0.6,0,12,7.952432368741072e-16
1170,4.63541273006187e-19,0,0,0,0,0,0,0,0,0,0,7.900102383730001e-17,7.900102383730001e-17,0,40,0.6,0,12,1.584655889476062e-16
1200,9.250776077037439e-20,0,0,0,0,0,0,0,0,0,0,1.57525350279718e-17,1.57525350279718e-17,0,41,0.6,0,12,3.1597577816713975e-17
1230,1.8473648444897798e-20,0,0,0,0,0,0,0,0,0,0,3.14305855779447e-18,3.14305855779447e-18,0,42,0.6,0,12,6.304590764033838e-18
1260,3.69158079285388e-21,0,0,0,0,0,0,0,0,0,0,6.27536836402034e-19,6.27536836402034e-19,0,43,0.6,0,12,1.2587652535969219e-18
1290,7.38172274339724e-22,0,0,0,0,0,0,0,0,0,0,1.2537506155886098e-19,1.2537506155886098e-19,0,44,0.6,0,12,2.514882953920617e-19
1320,1.4770295418318001e-22,0,0,0,0,0,0,0,0,0,0,2.5065058918685297e-20,2.5065058918685297e-20,0,45,0.6,0,12,5.027782079155377e-20
1350,2.9573803928610395e-23,0,0,0,0,0,0,0,0,0,0,5.01432395391778e-21,5.01432395391778e-21,0,46,0.6,0,12,1.005822171176417e-20
1380,5.92532542080614e-24,0,0,0,0,0,0,0,0,0,0,1.00378936273773e-21,1.00378936273773e-21,0,47,0.6,0,12,2.013504050896266e-21
1410,1.18796785995909e-24,0,0,0,0,0,0,0,0,0,0,2.01075791572646e-22,2.01075791572646e-22,0,48,0.6,0,12,4.033395510052511e-22
1440,2.38333504697129e-25,0,0,0,0,0,0,0,0,0,0,4.0305511662054695e-23,4.0305511662054695e-23,0,49,0.6,0,12,8.084935682880651e-23
1470,4.78469093941149e-26,0,0,0,0,0,0,0,0,0,0,8.08457141478026e-24,8.08457141478026e-24,0,50,0.6,0,12,1.6216989738954634e-23
1500,9.61195046851563e-27,0,0,0,0,0,0,0,0,0,0,1.62269887446122e-24,1.62269887446122e-24,0,51,0.6,0,12,3.255009699390956e-24
1530,1.93222840397937e-27,0,0,0,0,0,0,0,0,0,0,3.2591751357746597e-25,3.2591751357746597e-25,0,52,0.6,0,12,6.537672555589113e-25
1560,3.8868266008666797e-28,0,0,0,0,0,0,0,0,0,0,6.55038390054132e-26,6.55038390054132e-26,0,53,0.6,0,12,1.3139636067091305e-25
1590,7.82387855969772e-29,0,0,0,0,0,0,0,0,0,0,1.31739364135931e-26,1.31739364135931e-26,0,54,0.6,0,12,2.6426111612783177e-26
1620,1.5759401875334198e-29,0,0,0,0,0,0,0,0,0,0,2.65127386168908e-27,2.65127386168908e-27,0,55,0.6,0,12,5.318307125253494e-27
1650,3.1764975261799e-30,0,0,0,0,0,0,0,0,0,0,5.3392997206772e-28,5.3392997206772e-28,0,56,0.6,0,12,1.0710364416616198e-27
1680,6.406914689333769e-31,0,0,0,0,0,0,0,0,0,0,1.07598238195204e-28,1.07598238195204e-28,0,57,0.6,0,12,2.158371678593414e-28
1710,1.2931278301317798e-31,0,0,0,0,0,0,0,0,0,0,2.169789668053e-29,2.169789668053e-29,0,58,0.6,0,12,4.3525106144073177e-29
1740,2.61171956982856e-32,0,0,0,0,0,0,0,0,0,0,4.3784681931097494e-30,4.3784681931097494e-30,0,59,0.6,0,12,8.783053581917784e-30
1770,5.27842878756991e-33,0,0,0,0,0,0,0,0,0,0,8.841364943812318e-31,8.841364943812318e-31,0,60,0.6,0,12,1.7735514175500337e-30
1800,1.06752069128873e-33,0,0,0,0,0,0,0,0,0,0,1.7865264995227099e-31,1.7865264995227099e-31,0,61,0.6,0,12,3.583728205958307e-31
1830,2.16043856625312e-34,0,0,0,0,0,0,0,0,0,0,3.61237732425702e-32,3.61237732425702e-32,0,62,0.6,0,12,7.246359034176572e-32
1860,4.3752412129714e-35,0,0,0,0,0,0,0,0,0,0,7.3092148194393e-33,7.3092148194393e-33,0,63,0.6,0,12,1.4662182051008312e-32
1890,8.866597982504179e-36,0,0,0,0,0,0,0,0,0,0,1.47993551911366e-33,1.47993551911366e-33,0,64,0.6,0,12,2.968737636209824e-33
1920,1.7980735326150497e-36,0,0,0,0,0,0,0,0,0,0,2.99853958404932e-34,2.99853958404932e-34,0,65,0.6,0,12,6.01505990342479e-34
1950,3.64883119433245e-37,0,0,0,0,0,0,0,0,0,0,6.079560467002299e-35,6.079560467002299e-35,0,66,0.6,0,12,1.2195609245947923e-34
1980,7.40962909977517e-38,0,0,0,0,0,0,0,0,0,0,1.23347530874778e-35,1.23347530874778e-35,0,67,0.6,0,12,2.474360246595335e-35
0,250,0,0,0,0,0,0,0,0,0,0,0,0,0,1,0.6,0,13,250
30,250.000322400697,0,0,0,0,0,0,0,0,0,0,0,0,0,2,0.6,0,13,250.000322400697
60,250.000090984018,0,0,0,0,0,0,0,0,0,0,0,0,0,3,0.6,0,13,250.000090984018
90,250.000018876751,0,0,0,0,0,0,0,0,0,0,0,0,0,4,0.6,0,13,250.000018876751
120,223.941792435524,0,0,0,0,0,0,0,0,0,0,29.9839455073625,29.9839455073625,0,5,0.6,0,13,283.909683450249
150,161.301280958211,0,0,0,0,0,0,0,0,0,0,55.6005335798084,55.6005335798084,0,6,0.6,0,13,272.5023481178278
180,114.940598255439,0,0,0,0,0,0,0,0,0,0,66.7344845999416,66.7344845999416,0,7,0.6,0,13,248.4095674553222
210,80.4564130106,0,0,0,0,0,0,0,0,0,0,70.7277135008549,70.7277135008549,0,8,0.6,0,13,221.91184001230982
240,54.0060374913727,0,0,0,0,0,0,0,0,0,0,70.11314588696,70.11314588696,0,9,0.6,0,13,194.2323292652927
270,33.898105845073,0,0,0,0,0,0,0,0,0,0,65.816260842818,65.816260842818,0,10,0.6,0,13,165.53062753070898
300,19.3204100985354,0,0,0,0,0,0,0,0,0,0,58.6306112433989,58.6306112433989,0,11,0.6,0,13,136.5816325853332
330,9.63664449286152,0,0,0,0,0,0,0,0,0,0,49.664336345931,49.664336345931,0,12,0.6,0,13,108.96531718472352
360,4.00687219649988,0,0,0,0,0,0,0,0,0,0,40.4527825680025,40.4527825680025,0,13,0.6,0,13,84.91243733250488
390,1.30231936962335,0,0,0,0,0,0,0,0,0,0,32.6864206089381,32.6864206089381,0,14,0.6,0,13,66.67516058749955
420,0.306183349556682,0,0,0,0,0,0,0,0,0,0,27.5615963355991,27.5615963355991,0,15,0.6,0,13,55.42937602075488
450,0.049170293979733,0,0,0,0,0,0,0,0,0,0,25.1226540077098,25.1226540077098,0,16,0.6,0,13,50.29447830939934
480,0.00558838090120621,0,0,0,0,0,0,0,0,0,0,24.3554112067469,24.3554112067469,0,17,0.6,0,13,48.71641079439501
510,6.3411044987316e-4,0,0,0,0,0,0,0,0,0,0,1.46454805843648,1.46454805843648,0,18,0.6,0,13,2.929730227322833
540,1.0026125057242e-4,0,0,0,0,0,0,0,0,0,0,0.097136128907935,0.097136128907935,0,19,0.6,0,13,0.1943725190664424
570,1.17141839088398e-5,0,0,0,0,0,0,0,0,0,0,0.00792697091605488,0.00792697091605488,0,20,0.6,0,13,0.0158656560160186
600,1.12923833077605e-6,0,0,0,0,0,0,0,0,0,0,7.2987450361452e-4,7.2987450361452e-4,0,21,0.6,0,13,0.001460878245559816
630,1.02010076322655e-7,0,0,0,0,0,0,0,0,0,0,6.83830791764949e-5,6.83830791764949e-5,0,22,0.6,0,13,1.3686816842931244e-4
660,9.06204235148773e-9,0,0,0,0,0,0,0,0,0,0,6.32307836510372e-6,6.32307836510372e-6,0,23,0.6,0,13,1.2655218772558927e-5
690,8.04963068513383e-10,0,0,0,0,0,0,0,0,0,0,5.7645022171678e-7,5.7645022171678e-7,0,24,0.6,0,13,1.1537054065020735e-6
720,7.18002671469302e-11,0,0,0,0,0,0,0,0,0,0,5.20834596812466e-8,5.20834596812466e-8,0,25,0.6,0,13,1.0423871962964013e-7
750,6.42895538087721e-12,0,0,0,0,0,0,0,0,0,0,4.685310300634021e-9,4.685310300634021e-9,0,26,0.6,0,13,9.377049556648918e-9
780,5.77043649920229e-13,0,0,0,0,0,0,0,0,0,0,4.20820083020783e-10,4.20820083020783e-10,0,27,0.6,0,13,8.422172096914862e-10
810,5.18563084008737e-14,0,0,0,0,0,0,0,0,0,0,3.77885799132073e-11,3.77885799132073e-11,0,28,0.6,0,13,7.562901613481548e-11
840,4.662232592188091e-15,0,0,0,0,0,0,0,0,0,0,3.39420737026747e-12,3.39420737026747e-12,0,29,0.6,0,13,6.793076973127128e-12
870,4.19207087359561e-16,0,0,0,0,0,0,0,0,0,0,3.04970465129936e-13,3.04970465129936e-13,0,30,0.6,0,13,6.103601373472316e-13
900,3.76920490884559e-17,0,0,0,0,0,0,0,0,0,0,2.7408458694735802e-14,2.7408458694735802e-14,0,31,0.6,0,13,5.485460943856006e-14
930,3.38882806843054e-18,0,0,0,0,0,0,0,0,0,0,2.4636422326537402e-15,2.4636422326537402e-15,0,32,0.6,0,13,4.930673293375911e-15
960,3.0467505988122297e-19,0,0,0,0,0,0,0,0,0,0,2.21466034473883e-16,2.21466034473883e-16,0,33,0.6,0,13,4.432367440076472e-16
990,2.7391940222928097e-20,0,0,0,0,0,0,0,0,0,0,1.99093244253201e-17,1.99093244253201e-17,0,34,0.6,0,13,3.984604079086313e-17
1020,2.46272068013387e-21,0,0,0,0,0,0,0,0,0,0,1.78985811596422e-18,1.78985811596422e-18,0,35,0.6,0,13,3.582178952608574e-18
1050,2.2142081992569e-22,0,0,0,0,0,0,0,0,0,0,1.6091306068175397e-19,1.6091306068175397e-19,0,36,0.6,0,13,3.220475421834336e-19
1080,1.9908321940040198e-23,0,0,0,0,0,0,0,0,0,0,1.44668747981638e-20,1.44668747981638e-20,0,37,0.6,0,13,2.895365791826764e-20
1110,1.79004662155845e-24,0,0,0,0,0,0,0,0,0,0,1.30067751139679e-21,1.30067751139679e-21,0,38,0.6,0,13,2.6031450694151383e-21
1140,1.60956121258585e-25,0,0,0,0,0,0,0,0,0,0,1.16943666216934e-22,1.16943666216934e-22,0,39,0.6,0,13,2.3404828855512658e-22
1170,1.44731789379521e-26,0,0,0,0,0,0,0,0,0,0,1.0514687914874199e-23,1.0514687914874199e-23,0,40,0.6,0,13,2.104384900868635e-23
1200,1.3014679120192e-27,0,0,0,0,0,0,0,0,0,0,9.454289678637569e-25,9.454289678637569e-25,0,41,0.6,0,13,1.892159403639533e-24
1230,1.17035060102238e-28,0,0,0,0,0,0,0,0,0,0,8.50108480271081e-26,8.50108480271081e-26,0,42,0.6,0,13,1.7013873111431842e-25
1260,1.05247412088504e-29,0,0,0,0,0,0,0,0,0,0,7.64421226310413e-27,7.64421226310413e-27,0,43,0.6,0,13,1.529894926741711e-26
1290,9.46498159220934e-31,0,0,0,0,0,0,0,0,0,0,6.873913567577e-28,6.873913567577e-28,0,44,0.6,0,13,1.3757292116746208e-27
1320,8.51218440617565e-32,0,0,0,0,0,0,0,0,0,0,6.1814210179434e-29,6.1814210179434e-29,0,45,0.6,0,13,1.2371354220292976e-28
1350,7.65552854538168e-33,0,0,0,0,0,0,0,0,0,0,5.55885700128937e-30,5.55885700128937e-30,0,46,0.6,0,13,1.1125369531124121e-29
1380,6.885290206992089e-34,0,0,0,0,0,0,0,0,0,0,4.99914341997101e-31,4.99914341997101e-31,0,47,0.6,0,13,1.0005172130149011e-30
1410,6.19273132645715e-35,0,0,0,0,0,0,0,0,0,0,4.49592033009171e-32,4.49592033009171e-32,0,48,0.6,0,13,8.998033391509878e-32
1440,5.5699994188923897e-36,0,0,0,0,0,0,0,0,0,0,4.04347288282232e-33,4.04347288282232e-33,0,49,0.6,0,13,8.092515765063533e-33
1470,5.01003762954278e-37,0,0,0,0,0,0,0,0,0,0,3.63666572564407e-34,3.63666572564407e-34,0,50,0.6,0,13,7.278341488917683e-34
1500,4.5065039403741e-38,0,0,0,0,0,0,0,0,0,0,3.2708840976854796e-35,3.2708840976854796e-35,0,51,0.6,0,13,6.546274699311334e-35
1530,4.05369859664279e-39,0,0,0,0,0,0,0,0,0,0,2.9419809309066796e-36,2.9419809309066796e-36,0,52,0.6,0,13,5.888015560410002e-36
1560,3.6464989158862897e-40,0,0,0,0,0,0,0,0,0,0,2.64622934083007e-37,2.64622934083007e-37,0,53,0.6,0,13,5.2961051805760265e-37
1590,3.28030072771269e-41,0,0,0,0,0,0,0,0,0,0,2.38027995509073e-38,2.38027995509073e-38,0,54,0.6,0,13,4.763840210909172e-38
1620,2.95096576917698e-42,0,0,0,0,0,0,0,0,0,0,2.14112258547665e-39,2.14112258547665e-39,0,55,0.6,0,13,4.285196136722477e-39
1650,2.6547744290940793e-43,0,0,0,0,0,0,0,0,0,0,1.92605180015876e-40,1.92605180015876e-40,0,56,0.6,0,13,3.8547583747466136e-40
1680,2.38838329633804e-44,0,0,0,0,0,0,0,0,0,0,1.73263599831752e-41,1.73263599831752e-41,0,57,0.6,0,13,3.467660379931378e-41
1710,2.14878702270023e-45,0,0,0,0,0,0,0,0,0,0,1.55868963008183e-42,1.55868963008183e-42,0,58,0.6,0,13,3.11952804718636e-42
1740,1.93328406080521e-46,0,0,0,0,0,0,0,0,0,0,1.4022482411837897e-43,1.4022482411837897e-43,0,59,0.6,0,13,2.8064297664283846e-43
1770,1.73944588243989e-47,0,0,0,0,0,0,0,0,0,0,1.2615460544733598e-44,1.2615460544733598e-44,0,60,0.6,0,13,2.5248315548291595e-44
1800,1.56508932293358e-48,0,0,0,0,0,0,0,0,0,0,1.1349958298283499e-45,1.1349958298283499e-45,0,61,0.6,0,13,2.2715567489796333e-45
1830,1.4082517333907899e-49,0,0,0,0,0,0,0,0,0,0,1.02117077038174e-46,1.02117077038174e-46,0,62,0.6,0,13,2.0437497924968708e-46
1860,1.26716865504421e-50,0,0,0,0,0,0,0,0,0,0,9.18788266679217e-48,9.18788266679217e-48,0,63,0.6,0,13,1.8388437020134783e-47
1890,1.14025375913897e-51,0,0,0,0,0,0,0,0,0,0,8.26695291647313e-49,8.26695291647313e-49,0,64,0.6,0,13,1.654530837053765e-48
1920,1.0260808219237901e-52,0,0,0,0,0,0,0,0,0,0,7.43855278346512e-50,7.43855278346512e-50,0,65,0.6,0,13,1.4887366375149478e-49
1950,9.23367527813964e-54,0,0,0,0,0,0,0,0,0,0,6.69336329624445e-51,6.69336329624445e-51,0,66,0.6,0,13,1.339596026776704e-50
1980,8.30960914880596e-55,0,0,0,0,0,0,0,0,0,0,6.0230062417296404e-52,6.0230062417296404e-52,0,67,0.6,0,13,1.2054322092608087e-51
0,250,0,0,0,0,0,0,0,0,0,0,0,0,0,1,0.6,0,14,250
30,250.000322400697,0,0,0,0,0,0,0,0,0,0,0,0,0,2,0.6,0,14,250.000322400697
60,250.000090984018,0,0,0,0,0,0,0,0,0,0,0,0,0,3,0.6,0,14,250.000090984018
90,250.000018876751,0,0,0,0,0,0,0,0,0,0,0,0,0,4,0.6,0,14,250.000018876751
120,223.941792435524,0,0,0,0,0,0,0,0,0,0,29.9839455073625,29.9839455073625,0,5,0.6,0,14,283.909683450249
150,161.301280958211,0,0,0,0,0,0,0,0,0,0,55.6005335798084,55.6005335798084,0,6,0.6,0,14,272.5023481178278
180,114.940598255439,0,0,0,0,0,0,0,0,0,0,66.7344845999416,66.7344845999416,0,7,0.6,0,14,248.4095674553222
210,80.4564130106,0,0,0,0,0,0,0,0,0,0,70.7277135008549,70.7277135008549,0,8,0.6,0,14,221.91184001230982
240,54.0060374913727,0,0,0,0,0,0,0,0,0,0,70.11314588696,70.11314588696,0,9,0.6,0,14,194.2323292652927
270,33.898105845073,0,0,0,0,0,0,0,0,0,0,65.816260842818,65.816260842818,0,10,0.6,0,14,165.53062753070898
300,19.3204100985354,0,0,0,0,0,0,0,0,0,0,58.6306112433989,58.6306112433989,0,11,0.6,0,14,136.5816325853332
330,9.63664449286152,0,0,0,0,0,0,0,0,0,0,49.664336345931,49.664336345931,0,12,0.6,0,14,108.96531718472352
360,4.00687219649988,0,0,0,0,0,0,0,0,0,0,40.4527825680025,40.4527825680025,0,13,0.6,0,14,84.91243733250488
390,1.30231936962335,0,0,0,0,0,0,0,0,0,0,32.6864206089381,32.6864206089381,0,14,0.6,0,14,66.67516058749955
420,0.306183349556682,0,0,0,0,0,0,0,0,0,0,27.5615963355991,27.5615963355991,0,15,0.6,0,14,55.42937602075488
450,0.049170293979733,0,0,0,0,0,0,0,0,0,0,25.1226540077098,25.1226540077098,0,16,0.6,0,14,50.29447830939934
480,0.00558838090120621,0,0,0,0,0,0,0,0,0,0,24.3554112067469,24.3554112067469,0,17,0.6,0,14,48.71641079439501
510,5.0688576321636e-4,0,0,0,0,0,0,0,0,0,0,24.1993634615629,24.1993634615629,0,18,0.6,0,14,48.399233808889015
540,4.82052720250851e-5,0,0,0,0,0,0,0,0,0,0,1.43138540769809,1.43138540769809,0,19,0.6,0,14,2.8628190206682054
570,6.51748118994128e-6,0,0,0,0,0,0,0,0,0,0,0.0853213185825398,0.0853213185825398,0,20,0.6,0,14,0.17064915464626954
600,6.95576198649706e-7,0,0,0,0,0,0,0,0,0,0,0.00518053028006497,0.00518053028006497,0,21,0.6,0,14,0.01036175613632859
630,6.04618173474816e-8,0,0,0,0,0,0,0,0,0,0,3.2139369697265e-4,3.2139369697265e-4,0,22,0.6,0,14,6.428478557626475e-4
660,4.74936301071475e-9,0,0,0,0,0,0,0,0,0,0,2.0323437353658e-5,2.0323437353658e-5,0,23,0.6,0,14,4.0651624070326714e-5
690,3.52727789564278e-10,0,0,0,0,0,0,0,0,0,0,1.30564610789432e-6,1.30564610789432e-6,0,24,0.6,0,14,2.6116449435782044e-6
720,2.53030702055657e-11,0,0,0,0,0,0,0,0,0,0,8.49316908139059e-8,8.49316908139059e-8,0,25,0.6,0,14,1.6988868469801736e-7
750,1.7737654013782899e-12,0,0,0,0,0,0,0,0,0,0,5.576885084744151e-9,5.576885084744151e-9,0,26,0.6,0,14,1.115554393488968e-8
780,1.22366632665168e-13,0,0,0,0,0,0,0,0,0,0,3.68676480398292e-10,3.68676480398292e-10,0,27,0.6,0,14,7.374753274292492e-10
810,8.34550606769788e-15,0,0,0,0,0,0,0,0,0,0,2.4485196392271797e-11,2.4485196392271797e-11,0,28,0.6,0,14,4.8978738290611294e-11
840,5.644354130227601e-16,0,0,0,0,0,0,0,0,0,0,1.63097837366039e-12,1.63097837366039e-12,0,29,0.6,0,14,3.2625211827338027e-12
870,3.79404367530175e-17,0,0,0,0,0,0,0,0,0,0,1.08828767434944e-13,1.08828767434944e-13,0,30,0.6,0,14,2.1769547530664102e-13
900,2.5386982292823397e-18,0,0,0,0,0,0,0,0,0,0,7.26781607258142e-15,7.26781607258142e-15,0,31,0.6,0,14,1.4538170843392122e-14
930,1.6929938918568998e-19,0,0,0,0,0,0,0,0,0,0,4.85467138169595e-16,4.85467138169595e-16,0,32,0.6,0,14,9.711035757283757e-16
960,1.1262177370057499e-20,0,0,0,0,0,0,0,0,0,0,3.2421377862035303e-17,3.2421377862035303e-17,0,33,0.6,0,14,6.485401790144067e-17
990,7.478345183756229e-22,0,0,0,0,0,0,0,0,0,0,2.1642370887531597e-18,2.1642370887531597e-18,0,34,0.6,0,14,4.329222012024695e-18
1020,4.9593901043448396e-23,0,0,0,0,0,0,0,0,0,0,1.4438224078352899e-19,1.4438224078352899e-19,0,35,0.6,0,14,2.8881407546810144e-19
1050,3.2859485885965302e-24,0,0,0,0,0,0,0,0,0,0,9.62556053293431e-21,9.62556053293431e-21,0,36,0.6,0,14,1.9254407014457217e-20
1080,2.1758652865392396e-25,0,0,0,0,0,0,0,0,0,0,6.41257936212408e-22,6.41257936212408e-22,0,37,0.6,0,14,1.28273345895347e-21
1110,1.44025401826379e-26,0,0,0,0,0,0,0,0,0,0,4.26914380930184e-23,4.26914380930184e-23,0,38,0.6,0,14,8.539727872621943e-23
1140,9.53134668086941e-28,0,0,0,0,0,0,0,0,0,0,2.84031801393896e-24,2.84031801393896e-24,0,39,0.6,0,14,5.681589162546007e-24
1170,6.30710891221104e-29,0,0,0,0,0,0,0,0,0,0,1.8885742603169799e-25,1.8885742603169799e-25,0,40,0.6,0,14,3.7777792315251808e-25
1200,4.1735440147518e-30,0,0,0,0,0,0,0,0,0,0,1.25506972446988e-26,1.25506972446988e-26,0,41,0.6,0,14,2.510556803341235e-26
1230,2.7618767295362796e-31,0,0,0,0,0,0,0,0,0,0,8.33671755675687e-28,8.33671755675687e-28,0,42,0.6,0,14,1.6676196990243276e-27
1260,1.82786984202122e-32,0,0,0,0,0,0,0,0,0,0,5.53531238050143e-29,5.53531238050143e-29,0,43,0.6,0,14,1.1072452630844881e-28
1290,1.2098685707193e-33,0,0,0,0,0,0,0,0,0,0,3.6739569478601e-30,3.6739569478601e-30,0,44,0.6,0,14,7.349123764290919e-30
1320,8.009184147859549e-35,0,0,0,0,0,0,0,0,0,0,2.43777765279332e-31,2.43777765279332e-31,0,45,0.6,0,14,4.876356224001425e-31
1350,5.30269971584024e-36,0,0,0,0,0,0,0,0,0,0,1.61712387390366e-32,1.61712387390366e-32,0,46,0.6,0,14,3.234778017778904e-32
1380,3.5112630163859997e-37,0,0,0,0,0,0,0,0,0,0,1.07250776781965e-33,1.07250776781965e-33,0,47,0.6,0,14,2.1453666619409386e-33
1410,2.32532890680539e-38,0,0,0,0,0,0,0,0,0,0,7.11184169513695e-35,7.11184169513695e-35,0,48,0.6,0,14,1.4226008719180704e-34
1440,1.54012552864172e-39,0,0,0,0,0,0,0,0,0,0,4.71522606420747e-36,4.71522606420747e-36,0,49,0.6,0,14,9.431992253943581e-36
1470,1.0201732026386698e-40,0,0,0,0,0,0,0,0,0,0,3.12589248595836e-37,3.12589248595836e-37,0,50,0.6,0,14,6.252805145119359e-37
1500,6.758228204995069e-42,0,0,0,0,0,0,0,0,0,0,2.07208243602977e-38,2.07208243602977e-38,0,51,0.6,0,14,4.1448406948800395e-38
1530,4.477421867949789e-43,0,0,0,0,0,0,0,0,0,0,1.37344161581003e-39,1.37344161581003e-39,0,52,0.6,0,14,2.747330973806855e-39
1560,2.96657031105608e-44,0,0,0,0,0,0,0,0,0,0,9.10313032994198e-41,9.10313032994198e-41,0,53,0.6,0,14,1.8209227230195017e-40
1590,1.9656594493019398e-45,0,0,0,0,0,0,0,0,0,0,6.033295497267839e-42,6.033295497267839e-42,0,54,0.6,0,14,1.2068556653984981e-41
1620,1.3025212440627401e-46,0,0,0,0,0,0,0,0,0,0,3.998586271821569e-43,3.998586271821569e-43,0,55,0.6,0,14,7.9984750648872e-43
1650,8.631386493087229e-48,0,0,0,0,0,0,0,0,0,0,2.65002624745899e-44,2.65002624745899e-44,0,56,0.6,0,14,5.300915633567288e-44
1680,5.71995019940575e-49,0,0,0,0,0,0,0,0,0,0,1.75625950586368e-45,1.75625950586368e-45,0,57,0.6,0,14,3.5130910067473003e-45
1710,3.79067893430023e-50,0,0,0,0,0,0,0,0,0,0,1.16392314306073e-46,1.16392314306073e-46,0,58,0.6,0,14,2.3282253540148903e-46
1740,2.5121892461133998e-51,0,0,0,0,0,0,0,0,0,0,7.713629175995339e-48,7.713629175995339e-48,0,59,0.6,0,14,1.5429770541236791e-47
1770,1.6649308039102201e-52,0,0,0,0,0,0,0,0,0,0,5.11202917691823e-49,5.11202917691823e-49,0,60,0.6,0,14,1.022572328464037e-48
1800,1.10343493995369e-53,0,0,0,0,0,0,0,0,0,0,3.38788697499112e-50,3.38788697499112e-50,0,61,0.6,0,14,6.776877384922194e-50
1830,7.31311661922681e-55,0,0,0,0,0,0,0,0,0,0,2.24525742336609e-51,2.24525742336609e-51,0,62,0.6,0,14,4.491246158394102e-51
1860,4.846880023302049e-56,0,0,0,0,0,0,0,0,0,0,1.48800844307323e-52,1.48800844307323e-52,0,63,0.6,0,14,2.9765015741487902e-52
1890,3.21236621867633e-57,0,0,0,0,0,0,0,0,0,0,9.861588808840979e-54,9.861588808840979e-54,0,64,0.6,0,14,1.9726389983900635e-53
1920,2.12907050405765e-58,0,0,0,0,0,0,0,0,0,0,6.535678906581469e-55,6.535678906581469e-55,0,65,0.6,0,14,1.3073486883666996e-54
1950,1.41109618495315e-59,0,0,0,0,0,0,0,0,0,0,4.33148519540177e-56,4.33148519540177e-56,0,66,0.6,0,14,8.664381486988493e-56
1980,9.35242602614034e-61,0,0,0,0,0,0,0,0,0,0,2.8706826909653e-57,2.8706826909653e-57,0,67,0.6,0,14,5.742300624533214e-57
0,250,0,0,0,0,0,0,0,0,0,0,0,0,0,1,0.6,0,15,250
30,250.000322400697,0,0,0,0,0,0,0,0,0,0,0,0,0,2,0.6,0,15,250.000322400697
60,250.000090984018,0,0,0,0,0,0,0,0,0,0,0,0,0,3,0.6,0,15,250.000090984018
90,250.000018876751,0,0,0,0,0,0,0,0,0,0,0,0,0,4,0.6,0,15,250.000018876751
120,223.941792435524,0,0,0,0,0,0,0,0,0,0,29.9839455073625,29.9839455073625,0,5,0.6,0,15,283.909683450249
150,161.301280958211,0,0,0,0,0,0,0,0,0,0,55.6005335798084,55.6005335798084,0,6,0.6,0,15,272.5023481178278
180,114.940598255439,0,0,0,0,0,0,0,0,0,0,66.7344845999416,66.7344845999416,0,7,0.6,0,15,248.4095674553222
210,80.4564130106,0,0,0,0,0,0,0,0,0,0,70.7277135008549,70.7277135008549,0,8,0.6,0,15,221.91184001230982
240,54.0060374913727,0,0,0,0,0,0,0,0,0,0,70.11314588696,70.11314588696,0,9,0.6,0,15,194.2323292652927
270,33.898105845073,0,0,0,0,0,0,0,0,0,0,65.816260842818,65.816260842818,0,10,0.6,0,15,165.53062753070898
300,19.3204100985354,0,0,0,0,0,0,0,0,0,0,58.6306112433989,58.6306112433989,0,11,0.6,0,15,136.5816325853332
330,9.63664449286152,0,0,0,0,0,0,0,0,0,0,49.664336345931,49.664336345931,0,12,0.6,0,15,108.96531718472352
360,4.00687219649988,0,0,0,0,0,0,0,0,0,0,40.4527825680025,40.4527825680025,0,13,0.6,0,15,84.91243733250488
390,1.30231936962335,0,0,0,0,0,0,0,0,0,0,32.6864206089381,32.6864206089381,0,14,0.6,0,15,66.67516058749955
420,0.306183349556682,0,0,0,0,0,0,0,0,0,0,27.5615963355991,27.5615963355991,0,15,0.6,0,15,55.42937602075488
450,0.049170293979733,0,0,0,0,0,0,0,0,0,0,25.1226540077098,25.1226540077098,0,16,0.6,0,15,50.29447830939934
480,0.00558838090120621,0,0,0,0,0,0,0,0,0,0,24.3554112067469,24.3554112067469,0,17,0.6,0,15,48.71641079439501
510,5.0688576321636e-4,0,0,0,0,0,0,0,0,0,0,24.1993634615629,24.1993634615629,0,18,0.6,0,15,48.399233808889015
540,4.05901892318257e-5,0,0,0,0,0,0,0,0,0,0,24.1770866069633,24.1770866069633,0,19,0.6,0,15,48.35421380411583
570,3.47837104885405e-6,0,0,0,0,0,0,0,0,0,0,1.42791418284748,1.42791418284748,0,20,0.6,0,15,2.855831844066009
600,4.21921257089324e-7,0,0,0,0,0,0,0,0,0,0,0.0843789217692486,0.0843789217692486,0,21,0.6,0,15,0.1687582654597543
630,4.30980335180876e-8,0,0,0,0,0,0,0,0,0,0,0.00499200153979598,0.00499200153979598,0,22,0.6,0,15,0.009984046177625478
660,3.6616163593494104e-9,0,0,0,0,0,0,0,0,0,0,2.9575025566661e-4,2.9575025566661e-4,0,23,0.6,0,15,5.915041729495794e-4
690,2.82444693027418e-10,0,0,0,0,0,0,0,0,0,0,1.75462862650433e-5,1.75462862650433e-5,0,24,0.6,0,15,3.509285497477963e-5
720,2.0599606716868598e-11,0,0,0,0,0,0,0,0,0,0,1.04242971208624e-6,1.04242971208624e-6,0,25,0.6,0,15,2.084880023779197e-6
750,1.4487078760170498e-12,0,0,0,0,0,0,0,0,0,0,6.2015512513307e-8,6.2015512513307e-8,0,26,0.6,0,15,1.2403247373449e-7
780,9.93173567891697e-14,0,0,0,0,0,0,0,0,0,0,3.6943208062004304e-9,3.6943208062004304e-9,0,27,0.6,0,15,7.38874092975765e-9
810,6.68162212817471e-15,0,0,0,0,0,0,0,0,0,0,2.2036193923209002e-10,2.2036193923209002e-10,0,28,0.6,0,15,4.4073056008630823e-10
840,4.43044877830955e-16,0,0,0,0,0,0,0,0,0,0,1.3161084904018e-11,1.3161084904018e-11,0,29,0.6,0,15,2.632261285291383e-11
870,2.9042541799301e-17,0,0,0,0,0,0,0,0,0,0,7.87016648827543e-13,7.87016648827543e-13,0,30,0.6,0,15,1.5740623401968853e-12
900,1.88620147351613e-18,0,0,0,0,0,0,0,0,0,0,4.7118996264698e-14,4.7118996264698e-14,0,31,0.6,0,15,9.423987873086951e-14
930,1.2156595204782e-19,0,0,0,0,0,0,0,0,0,0,2.82429282867198e-15,2.82429282867198e-15,0,32,0.6,0,15,5.648707223296008e-15
960,7.78474516245752e-21,0,0,0,0,0,0,0,0,0,0,1.6947507039014e-16,1.6947507039014e-16,0,33,0.6,0,15,3.3895792552544247e-16
990,4.9579950883631e-22,0,0,0,0,0,0,0,0,0,0,1.0180391053060601e-17,1.0180391053060601e-17,0,34,0.6,0,15,2.0361277905630038e-17
1020,3.14291119748347e-23,0,0,0,0,0,0,0,0,0,0,6.121604258028469e-19,6.121604258028469e-19,0,35,0.6,0,15,1.2243522807176686e-18
1050,1.9842376173938e-24,0,0,0,0,0,0,0,0,0,0,3.6845754953954395e-20,3.6845754953954395e-20,0,36,0.6,0,15,7.369349414552618e-20
1080,1.24828403749719e-25,0,0,0,0,0,0,0,0,0,0,2.2197811949684997e-21,2.2197811949684997e-21,0,37,0.6,0,15,4.439687218340749e-21
1110,7.82845916878076e-27,0,0,0,0,0,0,0,0,0,0,1.33848164077828e-22,1.33848164077828e-22,0,38,0.6,0,15,2.6770415661482476e-22
1140,4.8959575394552e-28,0,0,0,0,0,0,0,0,0,0,8.07743280385077e-24,8.07743280385077e-24,0,39,0.6,0,15,1.6155355203455486e-23
1170,3.05442305256186e-29,0,0,0,0,0,0,0,0,0,0,4.878343075559979e-25,4.878343075559979e-25,0,40,0.6,0,15,9.756991593425216e-25
1200,1.9013565695641097e-30,0,0,0,0,0,0,0,0,0,0,2.94841813999368e-26,2.94841813999368e-26,0,41,0.6,0,15,5.897026415644316e-26
1230,1.1812392118457398e-31,0,0,0,0,0,0,0,0,0,0,1.78321491694149e-27,1.78321491694149e-27,0,42,0.6,0,15,3.566547957804165e-27
1260,7.32548324472617e-33,0,0,0,0,0,0,0,0,0,0,1.07918729250084e-28,1.07918729250084e-28,0,43,0.6,0,15,2.1584478398341273e-28
1290,4.53557547854122e-34,0,0,0,0,0,0,0,0,0,0,6.5350618368378e-30,6.5350618368378e-30,0,44,0.6,0,15,1.3070577231223454e-29
1320,2.80408267784481e-35,0,0,0,0,0,0,0,0,0,0,3.959535001729369e-31,3.959535001729369e-31,0,45,0.6,0,15,7.919350411726522e-31
1350,1.7312849824466498e-36,0,0,0,0,0,0,0,0,0,0,2.40028507200531e-32,2.40028507200531e-32,0,46,0.6,0,15,4.800743272508865e-32
1380,1.0676188592923301e-37,0,0,0,0,0,0,0,0,0,0,1.4557569709802799e-33,1.4557569709802799e-33,0,47,0.6,0,15,2.911620703846489e-33
1410,6.57625920850732e-39,0,0,0,0,0,0,0,0,0,0,8.832961853741229e-35,8.832961853741229e-35,0,48,0.6,0,15,1.766658133340331e-34
1440,4.04666221536527e-40,0,0,0,0,0,0,0,0,0,0,5.3616692017612494e-36,5.3616692017612494e-36,0,49,0.6,0,15,1.0723743069744035e-35
1470,2.48774895400736e-41,0,0,0,0,0,0,0,0,0,0,3.25578252200116e-37,3.25578252200116e-37,0,50,0.6,0,15,6.511813818897721e-37
1500,1.52805982490541e-42,0,0,0,0,0,0,0,0,0,0,1.97769246687986e-38,1.97769246687986e-38,0,51,0.6,0,15,3.9555377397422105e-38
1530,9.37838114085774e-44,0,0,0,0,0,0,0,0,0,0,1.20170309242283e-39,1.20170309242283e-39,0,52,0.6,0,15,2.4034999686570684e-39
1560,5.75169531346971e-45,0,0,0,0,0,0,0,0,0,0,7.30396089591315e-41,7.30396089591315e-41,0,53,0.6,0,15,1.4608496961357647e-40
1590,3.52507746873856e-46,0,0,0,0,0,0,0,0,0,0,4.44049172751686e-42,4.44049172751686e-42,0,54,0.6,0,15,8.881335962780593e-42
1620,2.15907852093368e-47,0,0,0,0,0,0,0,0,0,0,2.7002519731396092e-43,2.7002519731396092e-43,0,55,0.6,0,15,5.400719854131312e-43
1650,1.32164692606413e-48,0,0,0,0,0,0,0,0,0,0,1.6423588104393398e-44,1.6423588104393398e-44,0,56,0.6,0,15,3.284849785571286e-44
1680,8.08589808631614e-50,0,0,0,0,0,0,0,0,0,0,9.99109095695466e-46,9.99109095695466e-46,0,57,0.6,0,15,1.998299050371795e-45
1710,4.94451735968663e-51,0,0,0,0,0,0,0,0,0,0,6.078971752806451e-47,6.078971752806451e-47,0,58,0.6,0,15,1.215843795734887e-46
1740,3.02216405757814e-52,0,0,0,0,0,0,0,0,0,0,3.69923160791829e-48,3.69923160791829e-48,0,59,0.6,0,15,7.398765432242338e-48
1770,1.84639695697447e-53,0,0,0,0,0,0,0,0,0,0,2.25138377019429e-49,2.25138377019429e-49,0,60,0.6,0,15,4.5029521800842775e-49
1800,1.1276084708113899e-54,0,0,0,0,0,0,0,0,0,0,1.37036774843472e-50,1.37036774843472e-50,0,61,0.6,0,15,2.740848257716521e-50
1830,6.88382929557587e-56,0,0,0,0,0,0,0,0,0,0,8.34195465087623e-52,8.34195465087623e-52,0,62,0.6,0,15,1.6684597684682018e-51
1860,4.2009908813917397e-57,0,0,0,0,0,0,0,0,0,0,5.07850195942365e-53,5.07850195942365e-53,0,63,0.6,0,15,1.0157424017935439e-52
1890,2.5629126783369602e-58,0,0,0,0,0,0,0,0,0,0,3.09196811036217e-54,3.09196811036217e-54,0,64,0.6,0,15,6.184192511992174e-54
1920,1.56309754558207e-59,0,0,0,0,0,0,0,0,0,0,1.88261229926787e-55,1.88261229926787e-55,0,65,0.6,0,15,3.765380908290298e-55
1950,9.530542746992041e-61,0,0,0,0,0,0,0,0,0,0,1.1463272609010698e-56,1.1463272609010698e-56,0,66,0.6,0,15,2.2927498272296094e-56
1980,5.80947527447026e-62,0,0,0,0,0,0,0,0,0,0,6.98029736511672e-58,6.98029736511672e-58,0,67,0.6,0,15,1.3961175677760888e-57
0,250,0,0,0,0,0,0,0,0,0,0,0,0,0,1,0.6,0,16,250
30,250.000322400697,0,0,0,0,0,0,0,0,0,0,0,0,0,2,0.6,0,16,250.000322400697
60,250.000090984018,0,0,0,0,0,0,0,0,0,0,0,0,0,3,0.6,0,16,250.000090984018
90,250.000018876751,0,0,0,0,0,0,0,0,0,0,0,0,0,4,0.6,0,16,250.000018876751
120,223.941792435524,0,0,0,0,0,0,0,0,0,0,29.9839455073625,29.9839455073625,0,5,0.6,0,16,283.909683450249
150,161.301280958211,0,0,0,0,0,0,0,0,0,0,55.6005335798084,55.6005335798084,0,6,0.6,0,16,272.5023481178278
180,114.940598255439,0,0,0,0,0,0,0,0,0,0,66.7344845999416,66.7344845999416,0,7,0.6,0,16,248.4095674553222
210,80.4564130106,0,0,0,0,0,0,0,0,0,0,70.7277135008549,70.7277135008549,0,8,0.6,0,16,221.91184001230982
240,54.0060374913727,0,0,0,0,0,0,0,0,0,0,70.11314588696,70.11314588696,0,9,0.6,0,16,194.2323292652927
270,33.898105845073,0,0,0,0,0,0,0,0,0,0,65.816260842818,65.816260842818,0,10,0.6,0,16,165.53062753070898
300,19.3204100985354,0,0,0,0,0,0,0,0,0,0,58.6306112433989,58.6306112433989,0,11,0.6,0,16,136.5816325853332
330,9.63664449286152,0,0,0,0,0,0,0,0,0,0,49.664336345931,49.664336345931,0,12,0.6,0,16,108.96531718472352
360,4.00687219649988,0,0,0,0,0,0,0,0,0,0,40.4527825680025,40.4527825680025,0,13,0.6,0,16,84.91243733250488
390,1.30231936962335,0,0,0,0,0,0,0,0,0,0,32.6864206089381,32.6864206089381,0,14,0.6,0,16,66.67516058749955
420,0.306183349556682,0,0,0,0,0,0,0,0,0,0,27.5615963355991,27.5615963355991,0,15,0.6,0,16,55.42937602075488
450,0.049170293979733,0,0,0,0,0,0,0,0,0,0,25.1226540077098,25.1226540077098,0,16,0.6,0,16,50.29447830939934
480,0.00558838090120621,0,0,0,0,0,0,0,0,0,0,24.3554112067469,24.3554112067469,0,17,0.6,0,16,48.71641079439501
510,5.0688576321636e-4,0,0,0,0,0,0,0,0,0,0,24.1993634615629,24.1993634615629,0,18,0.6,0,16,48.399233808889015
540,4.05901892318257e-5,0,0,0,0,0,0,0,0,0,0,24.1770866069633,24.1770866069633,0,19,0.6,0,16,48.35421380411583
570,3.02796368816862e-6,0,0,0,0,0,0,0,0,0,0,24.1745703365058,24.1745703365058,0,20,0.6,0,16,48.34914370097528
600,2.42684696298041e-7,0,0,0,0,0,0,0,0,0,0,1.42759398605006,1.42759398605006,0,21,0.6,0,16,2.855188214784816
630,2.71155059681459e-8,0,0,0,0,0,0,0,0,0,0,0.0843075542063278,0.0843075542063278,0,22,0.6,0,16,0.16861513552816157
660,2.6741611837372604e-9,0,0,0,0,0,0,0,0,0,0,0.0049792003056044,0.0049792003056044,0,23,0.6,0,16,0.009958403285369984
690,2.2372800869432501e-10,0,0,0,0,0,0,0,0,0,0,2.9409598581044e-4,2.9409598581044e-4,0,24,0.6,0,16,5.881921953488886e-4
720,1.71080113237234e-11,0,0,0,0,0,0,0,0,0,0,1.73722122946292e-5,1.73722122946292e-5,0,25,0.6,0,16,3.474444169726972e-5
750,1.24043067005444e-12,0,0,0,0,0,0,0,0,0,0,1.02626048253148e-6,1.02626048253148e-6,0,26,0.6,0,16,2.05252220549363e-6
780,8.6845048220379e-14,0,0,0,0,0,0,0,0,0,0,6.06312453112961e-8,6.06312453112961e-8,0,27,0.6,0,16,1.212625774676404e-7
810,5.931410894806561e-15,0,0,0,0,0,0,0,0,0,0,3.5823806574128204e-9,3.5823806574128204e-9,0,28,0.6,0,16,7.164767246236535e-9
840,3.97697370932323e-16,0,0,0,0,0,0,0,0,0,0,2.11681685570766e-10,2.11681685570766e-10,0,29,0.6,0,16,4.2336376883890293e-10
870,2.6286984440614e-17,0,0,0,0,0,0,0,0,0,0,1.2509244811004398e-11,1.2509244811004398e-11,0,30,0.6,0,16,2.5018515908993238e-11
900,1.7178372512943499e-18,0,0,0,0,0,0,0,0,0,0,7.39290434336037e-13,7.39290434336037e-13,0,31,0.6,0,16,1.4785825865093252e-12
930,1.1122134343536e-19,0,0,0,0,0,0,0,0,0,0,4.36953474926689e-14,4.36953474926689e-14,0,32,0.6,0,16,8.739080620668124e-14
960,7.14562406679855e-21,0,0,0,0,0,0,0,0,0,0,2.5828033660671504e-15,2.5828033660671504e-15,0,33,0.6,0,16,5.165613877758367e-15
990,4.56100216234347e-22,0,0,0,0,0,0,0,0,0,0,1.52680452515084e-16,1.52680452515084e-16,0,34,0.6,0,16,3.0536136113038423e-16
1020,2.8950606294045896e-23,0,0,0,0,0,0,0,0,0,0,9.026333740378579e-18,9.026333740378579e-18,0,35,0.6,0,16,1.8052696431363452e-17
1050,1.82876932710068e-24,0,0,0,0,0,0,0,0,0,0,5.33672824148318e-19,5.33672824148318e-19,0,36,0.6,0,16,1.067347477065963e-18
1080,1.15034718522198e-25,0,0,0,0,0,0,0,0,0,0,3.1555453975332597e-20,3.1555453975332597e-20,0,37,0.6,0,16,6.311102298538372e-20
1110,7.20917280288943e-27,0,0,0,0,0,0,0,0,0,0,1.86598996891018e-21,1.86598996891018e-21,0,38,0.6,0,16,3.731987146993163e-21
1140,4.50307970577755e-28,0,0,0,0,0,0,0,0,0,0,1.10351840749245e-22,1.10351840749245e-22,0,39,0.6,0,16,2.2070413180646053e-22
1170,2.80449019051482e-29,0,0,0,0,0,0,0,0,0,0,6.52657201480923e-24,6.52657201480923e-24,0,40,0.6,0,16,1.3053172074520365e-23
1200,1.74199818699985e-30,0,0,0,0,0,0,0,0,0,0,3.8603423915347295e-25,3.8603423915347295e-25,0,41,0.6,0,16,7.720702203051329e-25
1230,1.07944805426532e-31,0,0,0,0,0,0,0,0,0,0,2.2835026162272e-26,2.2835026162272e-26,0,42,0.6,0,16,4.5670160269349423e-26
1260,6.67439140478298e-33,0,0,0,0,0,0,0,0,0,0,1.35086530486063e-27,1.35086530486063e-27,0,43,0.6,0,16,2.7017372841126646e-27
1290,4.11870351255256e-34,0,0,0,0,0,0,0,0,0,0,7.99203306692505e-29,7.99203306692505e-29,0,44,0.6,0,16,1.5984107320885224e-28
1320,2.5370028128044e-35,0,0,0,0,0,0,0,0,0,0,4.72864841879188e-30,4.72864841879188e-30,0,45,0.6,0,16,9.457322207611888e-30
1350,1.56011564951575e-36,0,0,0,0,0,0,0,0,0,0,2.7980220797615896e-31,2.7980220797615896e-31,0,46,0.6,0,16,5.596059760679674e-31
1380,9.57909599988144e-38,0,0,0,0,0,0,0,0,0,0,1.6557678085240201e-32,1.6557678085240201e-32,0,47,0.6,0,16,3.31154519614404e-32
1410,5.87319344921363e-39,0,0,0,0,0,0,0,0,0,0,9.79899952875658e-34,9.79899952875658e-34,0,48,0.6,0,16,1.9598057789447653e-33
1440,3.5962584492546695e-40,0,0,0,0,0,0,0,0,0,0,5.799597538842389e-35,5.799597538842389e-35,0,49,0.6,0,16,1.159923104026927e-34
1470,2.19935029644047e-41,0,0,0,0,0,0,0,0,0,0,3.43279289754774e-36,3.43279289754774e-36,0,50,0.6,0,16,6.865607788598444e-36
1500,1.3435100597132099e-42,0,0,0,0,0,0,0,0,0,0,2.03203309719461e-37,2.03203309719461e-37,0,51,0.6,0,16,4.064079629489818e-37
1530,8.19828521747462e-44,0,0,0,0,0,0,0,0,0,0,1.20294889306429e-38,1.20294889306429e-38,0,52,0.6,0,16,2.4059059844137977e-38
1560,4.9977004367835193e-45,0,0,0,0,0,0,0,0,0,0,7.1219118353283e-40,7.1219118353283e-40,0,53,0.6,0,16,1.4243873647660969e-39
1590,3.0437524992943503e-46,0,0,0,0,0,0,0,0,0,0,4.21675930965001e-41,4.21675930965001e-41,0,54,0.6,0,16,8.433549056825013e-41
1620,1.8521016180425502e-47,0,0,0,0,0,0,0,0,0,0,2.4968566901775597e-42,2.4968566901775597e-42,0,55,0.6,0,16,4.9937319013713e-42
1650,1.12605341293029e-48,0,0,0,0,0,0,0,0,0,0,1.4785662240975597e-43,1.4785662240975597e-43,0,56,0.6,0,16,2.9571437087292487e-43
1680,6.84088594417225e-50,0,0,0,0,0,0,0,0,0,0,8.756288833312649e-45,8.756288833312649e-45,0,57,0.6,0,16,1.751264607548474e-44
1710,4.15282561984307e-51,0,0,0,0,0,0,0,0,0,0,5.1859852386010605e-46,5.1859852386010605e-46,0,58,0.6,0,16,1.037201200545832e-45
1740,2.51924466114572e-52,0,0,0,0,0,0,0,0,0,0,3.07166703250958e-47,3.07166703250958e-47,0,59,0.6,0,16,6.143359257465771e-47
1770,1.52724350719343e-53,0,0,0,0,0,0,0,0,0,0,1.8194847423768298e-48,1.8194847423768298e-48,0,60,0.6,0,16,3.6389847571887314e-48
1800,9.252781302344299e-55,0,0,0,0,0,0,0,0,0,0,1.07783895367101e-49,1.07783895367101e-49,0,61,0.6,0,16,2.155687160123322e-49
1830,5.602425268447159e-56,0,0,0,0,0,0,0,0,0,0,6.38543161589189e-51,6.38543161589189e-51,0,62,0.6,0,16,1.2770919256036464e-50
1860,3.3902546970414995e-57,0,0,0,0,0,0,0,0,0,0,3.78318268912165e-52,3.78318268912165e-52,0,63,0.6,0,16,7.56639928079027e-52
1890,2.05046747550605e-58,0,0,0,0,0,0,0,0,0,0,2.24158279593792e-53,2.24158279593792e-53,0,64,0.6,0,16,4.483186096550595e-53
1920,1.23950637357642e-59,0,0,0,0,0,0,0,0,0,0,1.3282579088587498e-54,1.3282579088587498e-54,0,65,0.6,0,16,2.656528212781235e-54
1950,7.489110600810141e-61,0,0,0,0,0,0,0,0,0,0,7.871181504440719e-56,7.871181504440719e-56,0,66,0.6,0,16,1.5742437899987447e-55
1980,4.5227953084757295e-62,0,0,0,0,0,0,0,0,0,0,4.66473597082593e-57,4.66473597082593e-57,0,67,0.6,0,16,9.329517169604944e-57
0,250,0,0,0,0,0,0,0,0,0,0,0,0,0,1,0.6,0,6,250
30,250.000322400697,0,0,0,0,0,0,0,0,0,0,0,0,0,2,0.6,0,6,250.000322400697
60,250.000090984018,0,0,0,0,0,0,0,0,0,0,0,0,0,3,0.6,0,6,250.000090984018
90,250.000018876751,0,0,0,0,0,0,0,0,0,0,0,0,0,4,0.6,0,6,250.000018876751
120,223.941792435524,0,0,0,0,0,0,0,0,0,0,29.9839455073625,29.9839455073625,0,5,0.6,0,6,283.909683450249
150,161.301280958211,0,0,0,0,0,0,0,0,0,0,55.6005335798084,55.6005335798084,0,6,0.6,0,6,272.5023481178278
180,114.940598255439,0,0,0,0,0,0,0,0,0,0,66.7344845999416,66.7344845999416,0,7,0.6,0,6,248.4095674553222
210,80.4564130106,0,0,0,0,0,0,0,0,0,0,70.7277135008549,70.7277135008549,0,8,0.6,0,6,221.91184001230982
240,54.0060374913727,0,0,0,0,0,0,0,0,0,0,70.11314588696,70.11314588696,0,9,0.6,0,6,194.2323292652927
270,33.898105845073,0,0,0,0,0,0,0,0,0,0,65.816260842818,65.816260842818,0,10,0.6,0,6,165.53062753070898
300,25.5175165890052,0,0,0,0,0,0,0,0,0,0,45.461041833613,45.461041833613,0,11,0.6,0,6,116.4396002562312
330,26.0142224082903,0,0,0,0,0,0,0,0,0,0,42.1919844516054,42.1919844516054,0,12,0.6,0,6,110.39819131150111
360,29.9254713260429,0,0,0,0,0,0,0,0,0,0,42.8497028247716,42.8497028247716,0,13,0.6,0,6,115.62487697558609
390,35.4600972012736,0,0,0,0,0,0,0,0,0,0,44.3995439607352,44.3995439607352,0,14,0.6,0,6,124.259185122744
420,42.6346281651906,0,0,0,0,0,0,0,0,0,0,46.0047411966523,46.0047411966523,0,15,0.6,0,6,134.64411055849519
450,51.6581037683002,0,0,0,0,0,0,0,0,0,0,47.2414835876326,47.2414835876326,0,16,0.6,0,6,146.1410709435654
480,62.9068952370955,0,0,0,0,0,0,0,0,0,0,47.8133384791657,47.8133384791657,0,17,0.6,0,6,158.5335721954269
510,76.7688003125522,0,0,0,0,0,0,0,0,0,0,47.39476190428,47.39476190428,0,18,0.6,0,6,171.5583241211122
540,93.5201506340398,0,0,0,0,0,0,0,0,0,0,45.6592937362851,45.6592937362851,0,19,0.6,0,6,184.83873810660998
570,113.131348415238,0,0,0,0,0,0,0,0,0,0,42.3575642295773,42.3575642295773,0,20,0.6,0,6,197.84647687439258
600,135.038594707977,0,0,0,0,0,0,0,0,0,0,37.4570865438511,37.4570865438511,0,21,0.6,0,6,209.95276779567922
630,158.00558832318401,0,0,0,0,0,0,0,0,0,0,31.2757859235042,31.2757859235042,0,22,0.6,0,6,220.55716017019242
660,180.266066522741,0,0,0,0,0,0,0,0,0,0,24.4939298426387,24.4939298426387,0,23,0.6,0,6,229.2539262080184
690,200.017102942821,0,0,0,0,0,0,0,0,0,0,17.9611228556963,17.9611228556963,0,24,0.6,0,6,235.9393486542136
720,216.025978533665,0,0,0,0,0,0,0,0,0,0,12.3818157477798,12.3818157477798,0,25,0.6,0,6,240.7896100292246
750,227.9508712549,0,0,0,0,0,0,0,0,0,0,8.09514518348412,8.09514518348412,0,26,0.6,0,6,244.14116162186824
780,236.212993193343,0,0,0,0,0,0,0,0,0,0,5.07608928732344,5.07608928732344,0,27,0.6,0,6,246.3651717679899
810,241.616816518184,0,0,0,0,0,0,0,0,0,0,3.08730037434465,3.08730037434465,0,28,0.6,0,6,247.7914172668733
840,245.002474845538,0,0,0,0,0,0,0,0,0,0,1.83882821596396,1.83882821596396,0,29,0.6,0,6,248.6801312774659
870,247.060263770618,0,0,0,0,0,0,0,0,0,0,1.08040663821862,1.08040663821862,0,30,0.6,0,6,249.22107704705525
900,248.285617412651,0,0,0,0,0,0,0,0,0,0,0.629407182745879,0.629407182745879,0,31,0.6,0,6,249.54443177814275
930,249.005628131132,0,0,0,0,0,0,0,0,0,0,0.364776020452497,0.364776020452497,0,32,0.6,0,6,249.735180172037
960,249.425164515831,0,0,0,0,0,0,0,0,0,0,0.210756330541716,0.210756330541716,0,33,0.6,0,6,249.84667717691443
990,249.668359753069,0,0,0,0,0,0,0,0,0,0,0.121547822255056,0.121547822255056,0,34,0.6,0,6,249.91145539757912
1020,249.8088944575,0,0,0,0,0,0,0,0,0,0,0.0700252385982436,0.0700252385982436,0,35,0.6,0,6,249.9489449346965
1050,249.889953873517,0,0,0,0,0,0,0,0,0,0,0.040317707222637,0.040317707222637,0,36,0.6,0,6,249.97058928796227
1080,249.93665705258,0,0,0,0,0,0,0,0,0,0,0.0232050883563225,0.0232050883563225,0,37,0.6,0,6,249.98306722929263
1110,249.963548257384,0,0,0,0,0,0,0,0,0,0,0.0133530936669299,0.0133530936669299,0,38,0.6,0,6,249.99025444471786
1140,249.979026140181,0,0,0,0,0,0,0,0,0,0,0.00768297536848185,0.00768297536848185,0,39,0.6,0,6,249.99439209091796
1170,249.987932876307,0,0,0,0,0,0,0,0,0,0,0.00442025729623409,0.00442025729623409,0,40,0.6,0,6,249.99677339089948
1200,249.99305760752,0,0,0,0,0,0,0,0,0,0,0.0025430137918918,0.0025430137918918,0,41,0.6,0,6,249.9981436351038
1230,249.996006046293,0,0,0,0,0,0,0,0,0,0,0.00146298587004652,0.00146298587004652,0,42,0.6,0,6,249.9989320180331
1260,249.997702316281,0,0,0,0,0,0,0,0,0,0,8.4163916693492e-4,8.4163916693492e-4,0,43,0.6,0,6,249.99938559461486
1290,249.998678175976,0,0,0,0,0,0,0,0,0,0,4.8418186229627e-4,4.8418186229627e-4,0,44,0.6,0,6,249.9996465397006
1320,249.999239577721,0,0,0,0,0,0,0,0,0,0,2.7854106922548e-4,2.7854106922548e-4,0,45,0.6,0,6,249.99979665985944
1350,249.999562543618,0,0,0,0,0,0,0,0,0,0,1.6023924572853e-4,1.6023924572853e-4,0,46,0.6,0,6,249.99988302210946
1380,249.999748340139,0,0,0,0,0,0,0,0,0,0,9.21823830494014e-5,9.21823830494014e-5,0,47,0.6,0,6,249.9999327049051
1410,249.999855225282,0,0,0,0,0,0,0,0,0,0,5.30306092529338e-5,5.30306092529338e-5,0,48,0.6,0,6,249.9999612865005
1440,249.999916714143,0,0,0,0,0,0,0,0,0,0,3.05073931451102e-5,3.05073931451102e-5,0,49,0.6,0,6,249.9999777289293
1470,249.999952087409,0,0,0,0,0,0,0,0,0,0,1.7550256330879e-5,1.7550256330879e-5,0,50,0.6,0,6,249.99998718792168
1500,249.999972436906,0,0,0,0,0,0,0,0,0,0,1.00962887283507e-5,1.00962887283507e-5,0,51,0.6,0,6,249.99999262948347
1530,249.99998414354,0,0,0,0,0,0,0,0,0,0,5.80817938358919e-6,5.80817938358919e-6,0,52,0.6,0,6,249.99999575989875
1560,249.999990878118,0,0,0,0,0,0,0,0,0,0,3.34132144288797e-6,3.34132144288797e-6,0,53,0.6,0,6,249.9999975607609
1590,249.999994752376,0,0,0,0,0,0,0,0,0,0,1.92219074480003e-6,1.92219074480003e-6,0,54,0.6,0,6,249.9999985967575
1620,249.999996981154,0,0,0,0,0,0,0,0,0,0,1.10579519505394e-6,1.10579519505394e-6,0,55,0.6,0,6,249.99999919274438
1650,249.999998263322,0,0,0,0,0,0,0,0,0,0,6.36140302293896e-7,6.36140302293896e-7,0,56,0.6,0,6,249.9999995356026
1680,249.999999000927,0,0,0,0,0,0,0,0,0,0,3.65957895041748e-7,3.65957895041748e-7,0,57,0.6,0,6,249.99999973284278
1710,249.999999425255,0,0,0,0,0,0,0,0,0,0,2.10527740543469e-7,2.10527740543469e-7,0,58,0.6,0,6,249.9999998463105
1740,249.999999669362,0,0,0,0,0,0,0,0,0,0,1.21112100753777e-7,1.21112100753777e-7,0,59,0.6,0,6,249.9999999115862
1770,249.999999809791,0,0,0,0,0,0,0,0,0,0,6.96731979141555e-8,6.96731979141555e-8,0,60,0.6,0,6,249.9999999491374
1800,249.999999890577,0,0,0,0,0,0,0,0,0,0,4.00814986643428e-8,4.00814986643428e-8,0,61,0.6,0,6,249.99999997074
1830,249.999999937051,0,0,0,0,0,0,0,0,0,0,2.30580278027496e-8,2.30580278027496e-8,0,62,0.6,0,6,249.99999998316704
1860,249.999999963787,0,0,0,0,0,0,0,0,0,0,1.32647895852531e-8,1.32647895852531e-8,0,63,0.6,0,6,249.99999999031658
1890,249.999999979167,0,0,0,0,0,0,0,0,0,0,7.63094936937521e-9,7.63094936937521e-9,0,64,0.6,0,6,249.9999999944289
1920,249.999999988016,0,0,0,0,0,0,0,0,0,0,4.38992174732884e-9,4.38992174732884e-9,0,65,0.6,0,6,249.99999999679582
1950,249.999999993106,0,0,0,0,0,0,0,0,0,0,2.52542796631102e-9,2.52542796631102e-9,0,66,0.6,0,6,249.99999999815685
1980,249.999999996034,0,0,0,0,0,0,0,0,0,0,1.45282462421211e-9,1.45282462421211e-9,0,67,0.6,0,6,249.99999999893964
0,250,0,0,0,0,0,0,0,0,0,0,0,0,0,1,0.6,0,7,250
30,250.000322400697,0,0,0,0,0,0,0,0,0,0,0,0,0,2,0.6,0,7,250.000322400697
60,250.000090984018,0,0,0,0,0,0,0,0,0,0,0,0,0,3,0.6,0,7,250.000090984018
90,250.000018876751,0,0,0,0,0,0,0,0,0,0,0,0,0,4,0.6,0,7,250.000018876751
120,223.941792435524,0,0,0,0,0,0,0,0,0,0,29.9839455073625,29.9839455073625,0,5,0.6,0,7,283.909683450249
150,161.301280958211,0,0,0,0,0,0,0,0,0,0,55.6005335798084,55.6005335798084,0,6,0.6,0,7,272.5023481178278
180,114.940598255439,0,0,0,0,0,0,0,0,0,0,66.7344845999416,66.7344845999416,0,7,0.6,0,7,248.4095674553222
210,80.4564130106,0,0,0,0,0,0,0,0,0,0,70.7277135008549,70.7277135008549,0,8,0.6,0,7,221.91184001230982
240,54.0060374913727,0,0,0,0,0,0,0,0,0,0,70.11314588696,70.11314588696,0,9,0.6,0,7,194.2323292652927
270,33.898105845073,0,0,0,0,0,0,0,0,0,0,65.816260842818,65.816260842818,0,10,0.6,0,7,165.53062753070898
300,19.3204100985354,0,0,0,0,0,0,0,0,0,0,58.6306112433989,58.6306112433989,0,11,0.6,0,7,136.5816325853332
330,13.3365749039328,0,0,0,0,0,0,0,0,0,0,36.3878391721365,36.3878391721365,0,12,0.6,0,7,86.1122532482058
360,12.6056838622115,0,0,0,0,0,0,0,0,0,0,32.8466512418181,32.8466512418181,0,13,0.6,0,7,78.29898634584771
390,13.9066173081253,0,0,0,0,0,0,0,0,0,0,33.1351421223721,33.1351421223721,0,14,0.6,0,7,80.17690155286951
420,15.8509548936913,0,0,0,0,0,0,0,0,0,0,34.5848163939723,34.5848163939723,0,15,0.6,0,7,85.02058768163589
450,18.3993530522672,0,0,0,0,0,0,0,0,0,0,36.4573538815937,36.4573538815937,0,16,0.6,0,7,91.3140608154546
480,21.5512444937172,0,0,0,0,0,0,0,0,0,0,38.4709925372457,38.4709925372457,0,17,0.6,0,7,98.49322956820859
510,25.4425684179263,0,0,0,0,0,0,0,0,0,0,40.5468562242087,40.5468562242087,0,18,0.6,0,7,106.5362808663437
540,30.2592800973895,0,0,0,0,0,0,0,0,0,0,42.5945578672348,42.5945578672348,0,19,0.6,0,7,115.4483958318591
570,36.2486290466829,0,0,0,0,0,0,0,0,0,0,44.5168952758891,44.5168952758891,0,20,0.6,0,7,125.2824195984611
600,43.7203182906638,0,0,0,0,0,0,0,0,0,0,46.1707385754386,46.1707385754386,0,21,0.6,0,7,136.061795441541
630,53.0451861745642,0,0,0,0,0,0,0,0,0,0,47.3587040979799,47.3587040979799,0,22,0.6,0,7,147.762594370524
660,64.6346798655584,0,0,0,0,0,0,0,0,0,0,47.8201144451629,47.8201144451629,0,23,0.6,0,7,160.2749087558842
690,78.8811180456621,0,0,0,0,0,0,0,0,0,0,47.2419545447916,47.2419545447916,0,24,0.6,0,7,173.3650271352453
720,96.034741852432,0,0,0,0,0,0,0,0,0,0,45.3044398834195,45.3044398834195,0,25,0.6,0,7,186.64362161927102
750,116.007197432344,0,0,0,0,0,0,0,0,0,0,41.7797492607256,41.7797492607256,0,26,0.6,0,7,199.5666959537952
780,138.147002245091,0,0,0,0,0,0,0,0,0,0,36.6768814535927,36.6768814535927,0,27,0.6,0,7,211.5007651522764
810,161.128936957207,0,0,0,0,0,0,0,0,0,0,30.3667949128531,30.3667949128531,0,28,0.6,0,7,221.8625267829132
840,183.146210357049,0,0,0,0,0,0,0,0,0,0,23.5687630073764,23.5687630073764,0,29,0.6,0,7,230.2837363718018
870,202.440422559764,0,0,0,0,0,0,0,0,0,0,17.1313860455958,17.1313860455958,0,30,0.6,0,7,236.7031946509556
900,217.891745510345,0,0,0,0,0,0,0,0,0,0,11.7176820423732,11.7176820423732,0,31,0.6,0,7,241.3271095950914
930,229.278893867356,0,0,0,0,0,0,0,0,0,0,7.6121726739804,7.6121726739804,0,32,0.6,0,7,244.5032392153168
960,237.099607597239,0,0,0,0,0,0,0,0,0,0,4.7503591701909,4.7503591701909,0,33,0.6,0,7,246.6003259376208
990,242.180571653516,0,0,0,0,0,0,0,0,0,0,2.8794592219445,2.8794592219445,0,34,0.6,0,7,247.939490097405
1020,245.348609015448,0,0,0,0,0,0,0,0,0,0,1.71120257076606,1.71120257076606,0,35,0.6,0,7,248.77101415698013
1050,247.267755876906,0,0,0,0,0,0,0,0,0,0,1.00399374883406,1.00399374883406,0,36,0.6,0,7,249.27574337457412
1080,248.408058358833,0,0,0,0,0,0,0,0,0,0,0.584382307073696,0.584382307073696,0,37,0.6,0,7,249.57682297298038
1110,249.077160993654,0,0,0,0,0,0,0,0,0,0,0.33850472483442,0.33850472483442,0,38,0.6,0,7,249.75417044332283
1140,249.466697220871,0,0,0,0,0,0,0,0,0,0,0.195517272661862,0.195517272661862,0,39,0.6,0,7,249.85773176619472
1170,249.692383338578,0,0,0,0,0,0,0,0,0,0,0.112738799106466,0.112738799106466,0,40,0.6,0,7,249.91786093679093
1200,249.822759013375,0,0,0,0,0,0,0,0,0,0,0.0649434509385653,0.0649434509385653,0,41,0.6,0,7,249.95264591525213
1230,249.897944755446,0,0,0,0,0,0,0,0,0,0,0.0373895549636947,0.0373895549636947,0,42,0.6,0,7,249.97272386537338
1260,249.941259020615,0,0,0,0,0,0,0,0,0,0,0.0215190214761697,0.0215190214761697,0,43,0.6,0,7,249.98429706356734
1290,249.966197332725,0,0,0,0,0,0,0,0,0,0,0.0123826170178967,0.0123826170178967,0,44,0.6,0,7,249.99096256676077
1320,249.980550649073,0,0,0,0,0,0,0,0,0,0,0.00712450915205255,0.00712450915205255,0,45,0.6,0,7,249.9947996673771
1350,249.988810077082,0,0,0,0,0,0,0,0,0,0,0.00409892675369969,0.00409892675369969,0,46,0.6,0,7,249.9970079305894
1380,249.99356230318,0,0,0,0,0,0,0,0,0,0,0.00235814037836029,0.00235814037836029,0,47,0.6,0,7,249.99827858393672
1410,249.99629640706,0,0,0,0,0,0,0,0,0,0,0.0013566259201096,0.0013566259201096,0,48,0.6,0,7,249.9990096589002
1440,249.997869361292,0,0,0,0,0,0,0,0,0,0,7.8045050204774e-4,7.8045050204774e-4,0,49,0.6,0,7,249.9994302622961
1470,249.998774275604,0,0,0,0,0,0,0,0,0,0,4.4898065085321e-4,4.4898065085321e-4,0,50,0.6,0,7,249.99967223690572
1500,249.999294862511,0,0,0,0,0,0,0,0,0,0,2.582903401246e-4,2.582903401246e-4,0,51,0.6,0,7,249.99981144319125
1530,249.999594348016,0,0,0,0,0,0,0,0,0,0,1.4858936016304e-4,1.4858936016304e-4,0,52,0.6,0,7,249.99989152673632
1560,249.999766636609,0,0,0,0,0,0,0,0,0,0,8.54804286219082e-5,8.54804286219082e-5,0,53,0.6,0,7,249.99993759746624
1590,249.999865750876,0,0,0,0,0,0,0,0,0,0,4.91751102073518e-5,4.91751102073518e-5,0,54,0.6,0,7,249.99996410109642
1620,249.9999227693,0,0,0,0,0,0,0,0,0,0,2.82894044024561e-5,2.82894044024561e-5,0,55,0.6,0,7,249.9999793481088
1650,249.999955570815,0,0,0,0,0,0,0,0,0,0,1.62742940105554e-5,1.62742940105554e-5,0,56,0.6,0,7,249.999988119403
1680,249.999974440836,0,0,0,0,0,0,0,0,0,0,9.36225463464004e-6,9.36225463464004e-6,0,57,0.6,0,7,249.99999316534527
1710,249.999985296358,0,0,0,0,0,0,0,0,0,0,5.38590519134965e-6,5.38590519134965e-6,0,58,0.6,0,7,249.9999960681684
1740,249.999991541309,0,0,0,0,0,0,0,0,0,0,3.09839611103741e-6,3.09839611103741e-6,0,59,0.6,0,7,249.9999977381012
1770,249.999995133896,0,0,0,0,0,0,0,0,0,0,1.7824409931381e-6,1.7824409931381e-6,0,60,0.6,0,7,249.99999869877797
1800,249.999997200635,0,0,0,0,0,0,0,0,0,0,1.02540015225678e-6,1.02540015225678e-6,0,61,0.6,0,7,249.9999992514353
1830,249.999998389585,0,0,0,0,0,0,0,0,0,0,5.89890754743012e-7,5.89890754743012e-7,0,62,0.6,0,7,249.9999995693665
1860,249.999999073563,0,0,0,0,0,0,0,0,0,0,3.39351520431074e-7,3.39351520431074e-7,0,63,0.6,0,7,249.99999975226604
1890,249.99999946704,0,0,0,0,0,0,0,0,0,0,1.95221662905942e-7,1.95221662905942e-7,0,64,0.6,0,7,249.99999985748332
1920,249.9999996934,0,0,0,0,0,0,0,0,0,0,1.12306842042861e-7,1.12306842042861e-7,0,65,0.6,0,7,249.99999991801369
1950,249.999999823619,0,0,0,0,0,0,0,0,0,0,6.46077211380369e-8,6.46077211380369e-8,0,66,0.6,0,7,249.99999995283443
1980,249.999999898532,0,0,0,0,0,0,0,0,0,0,3.7167438353184e-8,3.7167438353184e-8,0,67,0.6,0,7,249.99999997286687
0,250,0,0,0,0,0,0,0,0,0,0,0,0,0,1,0.6,0,8,250
30,250.000322400697,0,0,0,0,0,0,0,0,0,0,0,0,0,2,0.6,0,8,250.000322400697
60,250.000090984018,0,0,0,0,0,0,0,0,0,0,0,0,0,3,0.6,0,8,250.000090984018
90,250.000018876751,0,0,0,0,0,0,0,0,0,0,0,0,0,4,0.6,0,8,250.000018876751
120,223.941792435524,0,0,0,0,0,0,0,0,0,0,29.9839455073625,29.9839455073625,0,5,0.6,0,8,283.909683450249
150,161.301280958211,0,0,0,0,0,0,0,0,0,0,55.6005335798084,55.6005335798084,0,6,0.6,0,8,272.5023481178278
180,114.940598255439,0,0,0,0,0,0,0,0,0,0,66.7344845999416,66.7344845999416,0,7,0.6,0,8,248.4095674553222
210,80.4564130106,0,0,0,0,0,0,0,0,0,0,70.7277135008549,70.7277135008549,0,8,0.6,0,8,221.91184001230982
240,54.0060374913727,0,0,0,0,0,0,0,0,0,0,70.11314588696,70.11314588696,0,9,0.6,0,8,194.2323292652927
270,33.898105845073,0,0,0,0,0,0,0,0,0,0,65.816260842818,65.816260842818,0,10,0.6,0,8,165.53062753070898
300,19.3204100985354,0,0,0,0,0,0,0,0,0,0,58.6306112433989,58.6306112433989,0,11,0.6,0,8,136.5816325853332
330,9.63664449286152,0,0,0,0,0,0,0,0,0,0,49.664336345931,49.664336345931,0,12,0.6,0,8,108.96531718472352
360,5.8363129845248,0,0,0,0,0,0,0,0,0,0,25.6696635400765,25.6696635400765,0,13,0.6,0,8,57.1756400646778
390,4.93527060042563,0,0,0,0,0,0,0,0,0,0,21.9460003443014,21.9460003443014,0,14,0.6,0,8,48.82727128902843
420,5.14403688585576,0,0,0,0,0,0,0,0,0,0,21.3560308228342,21.3560308228342,0,15,0.6,0,8,47.85609853152416
450,5.57163511446272,0,0,0,0,0,0,0,0,0,0,21.9988642638243,21.9988642638243,0,16,0.6,0,8,49.56936364211132
480,6.1831801845898,0,0,0,0,0,0,0,0,0,0,23.030118806521,23.030118806521,0,17,0.6,0,8,52.2434177976318
510,6.91420303221239,0,0,0,0,0,0,0,0,0,0,24.2428860011737,24.2428860011737,0,18,0.6,0,8,55.399975034559795
540,7.77909993542826,0,0,0,0,0,0,0,0,0,0,25.5871123232523,25.5871123232523,0,19,0.6,0,8,58.95332458193286
570,8.79504408798663,0,0,0,0,0,0,0,0,0,0,27.0351605237049,27.0351605237049,0,20,0.6,0,8,62.86536513539643
600,9.99337358169829,0,0,0,0,0,0,0,0,0,0,28.5898195165285,28.5898195165285,0,21,0.6,0,8,67.1730126147553
630,11.4142907827859,0,0,0,0,0,0,0,0,0,0,30.2499792271687,30.2499792271687,0,22,0.6,0,8,71.9142492371233
660,13.1097725834671,0,0,0,0,0,0,0,0,0,0,32.0169183483208,32.0169183483208,0,23,0.6,0,8,77.1436092801087
690,15.146455538234,0,0,0,0,0,0,0,0,0,0,33.8871648009087,33.8871648009087,0,24,0.6,0,8,82.9207851400514
720,17.6099960221215,0,0,0,0,0,0,0,0,0,0,35.8515467912236,35.8515467912236,0,25,0.6,0,8,89.31308960456869
750,20.6108380743707,0,0,0,0,0,0,0,0,0,0,37.89108293823,37.89108293823,0,26,0.6,0,8,96.3930039508307
780,24.2914951001428,0,0,0,0,0,0,0,0,0,0,39.9723158946836,39.9723158946836,0,27,0.6,0,8,104.23612688950999
810,28.8353909942822,0,0,0,0,0,0,0,0,0,0,42.0404550067472,42.0404550067472,0,28,0.6,0,8,112.91630100777661
840,34.4766063800961,0,0,0,0,0,0,0,0,0,0,44.0103114653568,44.0103114653568,0,29,0.6,0,8,122.4972293108097
870,41.5085387468517,0,0,0,0,0,0,0,0,0,0,45.7549843613019,45.7549843613019,0,30,0.6,0,8,133.0185074694555
900,50.2866177716412,0,0,0,0,0,0,0,0,0,0,47.0937264632554,47.0937264632554,0,31,0.6,0,8,144.474070698152
930,61.2151323416817,0,0,0,0,0,0,0,0,0,0,47.7832896939811,47.7832896939811,0,32,0.6,0,8,156.7817117296439
960,74.700801653306,0,0,0,0,0,0,0,0,0,0,47.5223568579224,47.5223568579224,0,33,0.6,0,8,169.74551536915078
990,91.0493391193933,0,0,0,0,0,0,0,0,0,0,45.9856424926949,45.9856424926949,0,34,0.6,0,8,183.0206241047831
1020,110.287874523264,0,0,0,0,0,0,0,0,0,0,42.9071246638333,42.9071246638333,0,35,0.6,0,8,196.10212385093058
1050,131.938349855452,0,0,0,0,0,0,0,0,0,0,38.2158150959807,38.2158150959807,0,36,0.6,0,8,208.3699800474134
1080,154.85644325176,0,0,0,0,0,0,0,0,0,0,32.176897310044,32.176897310044,0,37,0.6,0,8,219.210237871848
1110,177.326280309981,0,0,0,0,0,0,0,0,0,0,25.4277508005605,25.4277508005605,0,38,0.6,0,8,228.181781911102
1140,197.512343561799,0,0,0,0,0,0,0,0,0,0,18.8127060946995,18.8127060946995,0,39,0.6,0,8,235.13775575119803
1170,214.074863449783,0,0,0,0,0,0,0,0,0,0,13.073464324205,13.073464324205,0,40,0.6,0,8,240.22179209819302
1200,226.548220824508,0,0,0,0,0,0,0,0,0,0,8.60416441319525,8.60416441319525,0,41,0.6,0,8,243.7565496508985
1230,235.269178074956,0,0,0,0,0,0,0,0,0,0,5.42252025819514,5.42252025819514,0,42,0.6,0,8,246.11421859134626
1260,241.01319576137,0,0,0,0,0,0,0,0,0,0,3.3097900428528,3.3097900428528,0,43,0.6,0,8,247.6327758470756
1290,244.630352501577,0,0,0,0,0,0,0,0,0,0,1.97604940276529,1.97604940276529,0,44,0.6,0,8,248.58245130710756
1320,246.836583349198,0,0,0,0,0,0,0,0,0,0,1.162797476055,1.162797476055,0,45,0.6,0,8,249.16217830130802
1350,248.15339069032,0,0,0,0,0,0,0,0,0,0,0.678040033316098,0.678040033316098,0,46,0.6,0,8,249.5094707569522
1380,248.928292579231,0,0,0,0,0,0,0,0,0,0,0.393182810206564,0.393182810206564,0,47,0.6,0,8,249.71465819964413
1410,249.380232186353,0,0,0,0,0,0,0,0,0,0,0.227244573113238,0.227244573113238,0,48,0.6,0,8,249.83472133257948
1440,249.642359089241,0,0,0,0,0,0,0,0,0,0,0.1310824956318,0.1310824956318,0,49,0.6,0,8,249.90452408050461
1470,249.79388522879,0,0,0,0,0,0,0,0,0,0,0.0755268363973383,0.0755268363973383,0,50,0.6,0,8,249.9449389015847
1500,249.881302014449,0,0,0,0,0,0,0,0,0,0,0.0434881549992248,0.0434881549992248,0,51,0.6,0,8,249.96827832444745
1530,249.931674008202,0,0,0,0,0,0,0,0,0,0,0.0250308047181408,0.0250308047181408,0,52,0.6,0,8,249.9817356176383
1560,249.960679679382,0,0,0,0,0,0,0,0,0,0,0.0144039946622167,0.0144039946622167,0,53,0.6,0,8,249.98948766870643
1590,249.977375263616,0,0,0,0,0,0,0,0,0,0,0.00828773682840342,0.00828773682840342,0,54,0.6,0,8,249.99395073727283
1620,249.98698294817,0,0,0,0,0,0,0,0,0,0,0.00476823005483213,0.00476823005483213,0,55,0.6,0,8,249.99651940827968
1650,249.992511063158,0,0,0,0,0,0,0,0,0,0,0.00274321706543119,0.00274321706543119,0,56,0.6,0,8,249.99799749728885
1680,249.995691607479,0,0,0,0,0,0,0,0,0,0,0.00157816580749689,0.00157816580749689,0,57,0.6,0,8,249.998847939094
1710,249.997521418566,0,0,0,0,0,0,0,0,0,0,9.079021284338e-4,9.079021284338e-4,0,58,0.6,0,8,249.99933722282287
1740,249.998574106811,0,0,0,0,0,0,0,0,0,0,5.2230232265494e-4,5.2230232265494e-4,0,59,0.6,0,8,249.9996187114563
1770,249.999179708104,0,0,0,0,0,0,0,0,0,0,3.0047121768586e-4,3.0047121768586e-4,0,60,0.6,0,8,249.99978065053938
1800,249.999528101627,0,0,0,0,0,0,0,0,0,0,1.7285527785378e-4,1.7285527785378e-4,0,61,0.6,0,8,249.9998738121827
1830,249.999728526306,0,0,0,0,0,0,0,0,0,0,9.94401450613208e-5,9.94401450613208e-5,0,62,0.6,0,8,249.99992740659613
1860,249.999843826777,0,0,0,0,0,0,0,0,0,0,5.72058538752493e-5,5.72058538752493e-5,0,63,0.6,0,8,249.99995823848477
1890,249.999910156817,0,0,0,0,0,0,0,0,0,0,3.29093251259512e-5,3.29093251259512e-5,0,64,0.6,0,8,249.99997597546727
1920,249.999948315117,0,0,0,0,0,0,0,0,0,0,1.89320374075617e-5,1.89320374075617e-5,0,65,0.6,0,8,249.9999861791918
1950,249.999970266786,0,0,0,0,0,0,0,0,0,0,1.08911981362682e-5,1.08911981362682e-5,0,66,0.6,0,8,249.99999204918225
1980,249.999982895116,0,0,0,0,0,0,0,0,0,0,6.26547385689342e-6,6.26547385689342e-6,0,67,0.6,0,8,249.99999542606372
0,250,0,0,0,0,0,0,0,0,0,0,0,0,0,1,0.6,0,9,250
30,250.000322400697,0,0,0,0,0,0,0,0,0,0,0,0,0,2,0.6,0,9,250.000322400697
60,250.000090984018,0,0,0,0,0,0,0,0,0,0,0,0,0,3,0.6,0,9,250.000090984018
90,250.000018876751,0,0,0,0,0,0,0,0,0,0,0,0,0,4,0.6,0,9,250.000018876751
120,223.941792435524,0,0,0,0,0,0,0,0,0,0,29.9839455073625,29.9839455073625,0,5,0.6,0,9,283.909683450249
150,161.301280958211,0,0,0,0,0,0,0,0,0,0,55.6005335798084,55.6005335798084,0,6,0.6,0,9,272.5023481178278
180,114.940598255439,0,0,0,0,0,0,0,0,0,0,66.7344845999416,66.7344845999416,0,7,0.6,0,9,248.4095674553222
210,80.4564130106,0,0,0,0,0,0,0,0,0,0,70.7277135008549,70.7277135008549,0,8,0.6,0,9,221.91184001230982
240,54.0060374913727,0,0,0,0,0,0,0,0,0,0,70.11314588696,70.11314588696,0,9,0.6,0,9,194.2323292652927
270,33.898105845073,0,0,0,0,0,0,0,0,0,0,65.816260842818,65.816260842818,0,10,0.6,0,9,165.53062753070898
300,19.3204100985354,0,0,0,0,0,0,0,0,0,0,58.6306112433989,58.6306112433989,0,11,0.6,0,9,136.5816325853332
330,9.63664449286152,0,0,0,0,0,0,0,0,0,0,49.664336345931,49.664336345931,0,12,0.6,0,9,108.96531718472352
360,4.00687219649988,0,0,0,0,0,0,0,0,0,0,40.4527825680025,40.4527825680025,0,13,0.6,0,9,84.91243733250488
390,1.98378019671284,0,0,0,0,0,0,0,0,0,0,15.2509345397331,15.2509345397331,0,14,0.6,0,9,32.48564927617904
420,1.41326975674369,0,0,0,0,0,0,0,0,0,0,11.8871050426284,11.8871050426284,0,15,0.6,0,9,25.187479842000492
450,1.35001598491527,0,0,0,0,0,0,0,0,0,0,10.6077707270302,10.6077707270302,0,16,0.6,0,9,22.56555743897567
480,1.36789367872895,0,0,0,0,0,0,0,0,0,0,10.5675402641835,10.5675402641835,0,17,0.6,0,9,22.50297420709595
510,1.44476952825955,0,0,0,0,0,0,0,0,0,0,10.7809630442476,10.7809630442476,0,18,0.6,0,9,23.006695616754747
540,1.54202320391769,0,0,0,0,0,0,0,0,0,0,11.1598114732486,11.1598114732486,0,19,0.6,0,9,23.86164615041489
570,1.65760593272827,0,0,0,0,0,0,0,0,0,0,11.6067756534252,11.6067756534252,0,20,0.6,0,9,24.871157239578668
600,1.78722254973587,0,0,0,0,0,0,0,0,0,0,12.0995899290693,12.0995899290693,0,21,0.6,0,9,25.98640240787447
630,1.93170752223335,0,0,0,0,0,0,0,0,0,0,12.6296417475477,12.6296417475477,0,22,0.6,0,9,27.19099101732875
660,2.09207192022196,0,0,0,0,0,0,0,0,0,0,13.1940147354966,13.1940147354966,0,23,0.6,0,9,28.48010139121516
690,2.27028843339227,0,0,0,0,0,0,0,0,0,0,13.7941617231664,13.7941617231664,0,24,0.6,0,9,29.85861187972507
720,2.46873794849134,0,0,0,0,0,0,0,0,0,0,14.4319157918187,14.4319157918187,0,25,0.6,0,9,31.33256953212874
750,2.69031681337786,0,0,0,0,0,0,0,0,0,0,15.1102218535855,15.1102218535855,0,26,0.6,0,9,32.91076052054886
780,2.93846119305264,0,0,0,0,0,0,0,0,0,0,15.8322580912506,15.8322580912506,0,27,0.6,0,9,34.60297737555384
810,3.21725117565822,0,0,0,0,0,0,0,0,0,0,16.6016537051707,16.6016537051707,0,28,0.6,0,9,36.42055858599962
840,3.5315445981304,0,0,0,0,0,0,0,0,0,0,17.4223534203896,17.4223534203896,0,29,0.6,0,9,38.376251438909605
870,3.88714885776996,0,0,0,0,0,0,0,0,0,0,18.2986709653332,18.2986709653332,0,30,0.6,0,9,40.48449078843636
900,4.29104124484578,0,0,0,0,0,0,0,0,0,0,19.2352784543998,19.2352784543998,0,31,0.6,0,9,42.76159815364538
930,4.75164817147712,0,0,0,0,0,0,0,0,0,0,20.2372141512233,20.2372141512233,0,32,0.6,0,9,45.22607647392372
960,5.27920255066793,0,0,0,0,0,0,0,0,0,0,21.3098655722128,21.3098655722128,0,33,0.6,0,9,47.89893369509353
990,5.88620256013218,0,0,0,0,0,0,0,0,0,0,22.4589301794544,22.4589301794544,0,34,0.6,0,9,50.80406291904097
1020,6.58800439783073,0,0,0,0,0,0,0,0,0,0,23.6903347864083,23.6903347864083,0,35,0.6,0,9,53.96867397064733
1050,7.40359225445769,0,0,0,0,0,0,0,0,0,0,25.0100940678415,25.0100940678415,0,36,0.6,0,9,57.42378039014069
1080,8.35658391598966,0,0,0,0,0,0,0,0,0,0,26.4240766492243,26.4240766492243,0,37,0.6,0,9,61.20473721443826
1110,9.47655034712896,0,0,0,0,0,0,0,0,0,0,27.9376332641957,27.9376332641957,0,38,0.6,0,9,65.35181687552036
1140,10.8007539900259,0,0,0,0,0,0,0,0,0,0,29.5550199387649,29.5550199387649,0,39,0.6,0,9,69.9107938675557
1170,12.3764441475046,0,0,0,0,0,0,0,0,0,0,31.2785184429524,31.2785184429524,0,40,0.6,0,9,74.93348103340941
1200,14.2638884133701,0,0,0,0,0,0,0,0,0,0,33.1071126220297,33.1071126220297,0,41,0.6,0,9,80.4781136574295
1230,16.5403625539181,0,0,0,0,0,0,0,0,0,0,35.034519302064,35.034519302064,0,42,0.6,0,9,86.6094011580461
1260,19.3053544099433,0,0,0,0,0,0,0,0,0,0,37.0462946456484,37.0462946456484,0,43,0.6,0,9,93.39794370124011
1290,22.6872268877786,0,0,0,0,0,0,0,0,0,0,39.1156466595068,39.1156466595068,0,44,0.6,0,9,100.91852020679221
1320,26.8514548268978,0,0,0,0,0,0,0,0,0,0,41.197507206726,41.197507206726,0,45,0.6,0,9,109.2464692403498
1350,32.0101396515611,0,0,0,0,0,0,0,0,0,0,43.2204244511057,43.2204244511057,0,46,0.6,0,9,118.4509885537725
1380,38.4314996628133,0,0,0,0,0,0,0,0,0,0,45.0761017880535,45.0761017880535,0,47,0.6,0,9,128.5837032389203
1410,46.4458808328279,0,0,0,0,0,0,0,0,0,0,46.607293959889,46.607293959889,0,48,0.6,0,9,139.6604687526059
1440,56.440747287301,0,0,0,0,0,0,0,0,0,0,47.5969211109419,47.5969211109419,0,49,0.6,0,9,151.6345895091848
1470,68.8305264831444,0,0,0,0,0,0,0,0,0,0,47.7655245126491,47.7655245126491,0,50,0.6,0,9,164.3615755084426
1500,83.9795507777882,0,0,0,0,0,0,0,0,0,0,46.7907738609753,46.7907738609753,0,51,0.6,0,9,177.56109849973882
1530,102.05539244291,0,0,0,0,0,0,0,0,0,0,44.3685367858918,44.3685367858918,0,52,0.6,0,9,190.79246601469362
1560,122.81449451345,0,0,0,0,0,0,0,0,0,0,40.3290700787156,40.3290700787156,0,53,0.6,0,9,203.4726346708812
1590,145.393628688715,0,0,0,0,0,0,0,0,0,0,34.7862028020626,34.7862028020626,0,54,0.6,0,9,214.96603429284022
1620,168.276694502313,0,0,0,0,0,0,0,0,0,0,28.232082102682998,28.232082102682998,0,55,0.6,0,9,224.740858707679
1650,189.60381037939,0,0,0,0,0,0,0,0,0,0,21.4590318551126,21.4590318551126,0,56,0.6,0,9,232.5218740896152
1680,207.76355167313,0,0,0,0,0,0,0,0,0,0,15.2894718717845,15.2894718717845,0,57,0.6,0,9,238.342495416699
1710,221.914344422549,0,0,0,0,0,0,0,0,0,0,10.2771498169108,10.2771498169108,0,58,0.6,0,9,242.46864405637058
1740,232.097748659905,0,0,0,0,0,0,0,0,0,0,6.58390735287189,6.58390735287189,0,59,0.6,0,9,245.26556336564877
1770,238.958825032602,0,0,0,0,0,0,0,0,0,0,4.06648746315913,4.06648746315913,0,60,0.6,0,9,247.09179995892026
1800,243.352319453544,0,0,0,0,0,0,0,0,0,0,2.44737257021616,2.44737257021616,0,61,0.6,0,9,248.24706459397632
1830,246.063624416116,0,0,0,0,0,0,0,0,0,0,1.4476192101361,1.4476192101361,0,62,0.6,0,9,248.9588628363882
1860,247.694625502231,0,0,0,0,0,0,0,0,0,0,0.846842739197174,0.846842739197174,0,63,0.6,0,9,249.38831098062533
1890,248.659292637558,0,0,0,0,0,0,0,0,0,0,0.492024931833985,0.492024931833985,0,64,0.6,0,9,249.64334250122596
1920,249.22369716374,0,0,0,0,0,0,0,0,0,0,0.284700300325106,0.284700300325106,0,65,0.6,0,9,249.7930977643902
1950,249.551692288045,0,0,0,0,0,0,0,0,0,0,0.16433627832297,0.16433627832297,0,66,0.6,0,9,249.88036484469092
1980,249.741517038472,0,0,0,0,0,0,0,0,0,0,0.0947242896407838,0.0947242896407838,0,67,0.6,0,9,249.93096561775357
0,250,0,0,0,0,0,0,0,0,0,0,0,0,0,1,0.6,1e-4,10,250
30,250.000322400697,0,0,0,0,0,0,0,0,0,0,0,0,0,2,0.6,1e-4,10,250.000322400697
60,250.000090984018,0,0,0,0,0,0,0,0,0,0,0,0,0,3,0.6,1e-4,10,250.000090984018
90,250.000018876751,0,0,0,0,0,0,0,0,0,0,0,0,0,4,0.6,1e-4,10,250.000018876751
120,223.936445386138,0,0,0,0,0,0,0,0,0,0,29.9828987693828,29.9828987693828,0.00649922366872269,5,0.6,1e-4,10,283.9087421485723
150,161.29115607847,0,0,0,0,0,0,0,0,0,0,55.5954280667802,55.5945294211704,0.0221641830239975,6,0.6,1e-4,10,272.50327774944463
180,114.925514791487,0,0,0,0,0,0,0,0,0,0,66.7251778523362,66.7230815780019,0.0482082074665182,7,0.6,1e-4,10,248.42198242929163
210,80.438524968485,0,0,0,0,0,0,0,0,0,0,70.7153328783695,70.7122081556947,0.0912123317143671,8,0.6,1e-4,10,221.95727833426355
240,53.9921740136816,0,0,0,0,0,0,0,0,0,0,70.1046872589317,70.1008979637692,0.163054374123668,9,0.6,1e-4,10,194.36081361050617
270,33.9038126742164,0,0,0,0,0,0,0,0,0,0,65.8382112172711,65.8342073108568,0.28749752392528,10,0.6,1e-4,10,165.86372872626956
300,19.3748680168131,0,0,0,0,0,0,0,0,0,0,58.7681519855482,58.7644074233454,0.511539991434024,11,0.6,1e-4,10,137.41896741714072
330,9.78405528595665,0,0,0,0,0,0,0,0,0,0,50.1626339885904,50.1595416516936,0.928374451777252,12,0.6,1e-4,10,111.0346053780179
360,4.29303773194413,0,0,0,0,0,0,0,0,0,0,41.9384106496933,41.9361278462159,1.71749185712594,13,0.6,1e-4,10,89.88506808497928
390,1.72938767336424,0,0,0,0,0,0,0,0,0,0,36.4834611026124,36.481764999062,3.20279475242722,14,0.6,1e-4,10,77.89740852746587
420,1.27929480390264,0,0,0,0,0,0,0,0,0,0,21.5780586803121,21.5748437232998,4.72702786412329,15,0.6,1e-4,10,49.15922507163783
450,1.51031149644803,0,0,0,0,0,0,0,0,0,0,26.714131909742,26.7092303740327,21.1532036441928,16,0.6,1e-4,10,76.08687742441553
480,2.30351258544442,0,0,0,0,0,0,0,0,0,0,39.8158515626222,39.8085480926975,50.3436906436152,17,0.6,1e-4,10,132.27160288437932
510,2.58273693196206,0,0,0,0,0,0,0,0,0,0,44.2218361914322,44.2142109388255,87.7763897519416,18,0.6,1e-4,10,178.79517381416136
540,2.47762311518286,0,0,0,0,0,0,0,0,0,0,42.1290359850677,42.1223682659464,120.622853371135,19,0.6,1e-4,10,207.35188073733195
570,2.27541358897459,0,0,0,0,0,0,0,0,0,0,38.4695219490581,38.463978695407,144.504752965103,20,0.6,1e-4,10,223.71366719854268
600,2.03548025073623,0,0,0,0,0,0,0,0,0,0,34.2567546502836,34.2522394617311,162.281147882484,21,0.6,1e-4,10,232.8256222452349
630,1.81840707986945,0,0,0,0,0,0,0,0,0,0,30.4887828068331,30.4850795857323,175.37600569357,22,0.6,1e-4,10,238.16827516600483
660,1.62987822220175,0,0,0,0,0,0,0,0,0,0,27.241190948339,27.2381163259486,185.349927957547,23,0.6,1e-4,10,241.45911345403636
690,1.46996978058631,0,0,0,0,0,0,0,0,0,0,24.5014687611715,24.4988795127813,193.124253495482,24,0.6,1e-4,10,243.59457155002113
720,1.33458931393621,0,0,0,0,0,0,0,0,0,0,22.1916931781235,22.1894828517361,199.328006838724,25,0.6,1e-4,10,245.04377218251983
750,1.21956020359615,0,0,0,0,0,0,0,0,0,0,20.2358112506697,20.2339008811388,204.376307351922,26,0.6,1e-4,10,246.06557968732665
780,1.12117684483353,0,0,0,0,0,0,0,0,0,0,18.5677371931561,18.5660677663651,208.554574643495,27,0.6,1e-4,10,246.80955644784973
810,1.0363999331194,0,0,0,0,0,0,0,0,0,0,17.1338855673385,17.1324124031662,212.063455498846,28,0.6,1e-4,10,247.3661534024701
840,0.962791176005739,0,0,0,0,0,0,0,0,0,0,15.8915986533994,15.8902874394613,215.04763095882,29,0.6,1e-4,10,247.79230822768645
870,0.898409408483452,0,0,0,0,0,0,0,0,0,0,14.8071084934096,14.805932501967,217.613695706018,30,0.6,1e-4,10,248.12514610987805
900,0.841707843986867,0,0,0,0,0,0,0,0,0,0,13.8536269992975,13.8525651268282,219.841727019071,31,0.6,1e-4,10,248.38962698918354
930,0.791448274626479,0,0,0,0,0,0,0,0,0,0,13.0097877583852,13.0088231301705,221.792928629705,32,0.6,1e-4,10,248.60298779288718
960,0.746633091570557,0,0,0,0,0,0,0,0,0,0,12.2584283955538,12.2575473598611,223.514807213644,33,0.6,1e-4,10,248.77741606062943
990,0.706452685753084,0,0,0,0,0,0,0,0,0,0,11.5856571273241,11.5848485206681,225.044752540279,34,0.6,1e-4,10,248.92171087402428
1020,0.670245073239275,0,0,0,0,0,0,0,0,0,0,10.9801411216758,10.9793957249312,226.412562230836,35,0.6,1e-4,10,249.04234415068225
1050,0.637464930572763,0,0,0,0,0,0,0,0,0,0,10.4325635936222,10.4318737242232,227.642253824392,36,0.6,1e-4,10,249.14415607281015
1080,0.607659773952342,0,0,0,0,0,0,0,0,0,0,9.93520793297541,9.93456713540698,228.753386347078,37,0.6,1e-4,10,249.23082118941272
1110,0.580451539585347,0,0,0,0,0,0,0,0,0,0,9.48163726855391,9.48104007673408,229.762038361229,38,0.6,1e-4,10,249.30516724610234
1140,0.555522251305397,0,0,0,0,0,0,0,0,0,0,9.06644588984955,9.06588764273241,230.681541555304,39,0.6,1e-4,10,249.36939733919135
1170,0.532602792654441,0,0,0,0,0,0,0,0,0,0,8.6850650227806,8.68454171981295,231.523037795143,40,0.6,1e-4,10,249.42524733039102
1200,0.511464049408538,0,0,0,0,0,0,0,0,0,0,8.33360996405159,8.33311815079959,232.295906948967,41,0.6,1e-4,10,249.4740991132267
1230,0.491909873199047,0,0,0,0,0,0,0,0,0,0,8.00875889463199,8.0082955714819,233.008098928556,42,0.6,1e-4,10,249.51706326786893
1260,0.473771453387076,0,0,0,0,0,0,0,0,0,0,7.70765612699872,7.70721867567539,233.666393907396,43,0.6,1e-4,10,249.5550401634572
1290,0.456902785277256,0,0,0,0,0,0,0,0,0,0,7.42783433056112,7.42742045453055,234.276608100369,44,0.6,1e-4,10,249.58876567073793
1320,0.441176997593722,0,0,0,0,0,0,0,0,0,0,7.16715160075345,7.16675927653668,234.84375786665,45,0.6,1e-4,10,249.61884574153387
1350,0.426483357877539,0,0,0,0,0,0,0,0,0,0,6.92374021741011,6.92336765454094,235.372191606539,46,0.6,1e-4,10,249.64578283636757
1380,0.412724816197706,0,0,0,0,0,0,0,0,0,0,6.69596466951034,6.69561027739268,235.865696552753,47,0.6,1e-4,10,249.66999631585372
1410,0.399815978999464,0,0,0,0,0,0,0,0,0,0,6.48238707271931,6.48204943303088,236.327585830613,48,0.6,1e-4,10,249.69183831536265
1440,0.387681428732105,0,0,0,0,0,0,0,0,0,0,6.28173852138542,6.28141636497016,236.760769891713,49,0.6,1e-4,10,249.7116062068007
1470,0.376254323060743,0,0,0,0,0,0,0,0,0,0,6.09289523256854,6.09258741998466,237.167815482253,50,0.6,1e-4,10,249.72955245786693
1500,0.365475221402314,0,0,0,0,0,0,0,0,0,0,5.91485858157996,5.91456408664304,237.550994600001,51,0.6,1e-4,10,249.7458924896263
1530,0.355291097284887,0,0,0,0,0,0,0,0,0,0,5.74673831493082,5.74645621072477,237.912325359159,52,0.6,1e-4,10,249.76081098209949
1560,0.345654503385715,0,0,0,0,0,0,0,0,0,0,5.58773837112988,5.58746781806214,238.253606274749,53,0.6,1e-4,10,249.77446696732673
1590,0.336522862632105,0,0,0,0,0,0,0,0,0,0,5.43714485252621,5.43688508808499,238.576445165105,54,0.6,1e-4,10,249.78699796834832
1620,0.327857863879095,0,0,0,0,0,0,0,0,0,0,5.29431577986279,5.29406610979842,238.882283628797,55,0.6,1e-4,10,249.79852338233732
1650,0.319624944731048,0,0,0,0,0,0,0,0,0,0,5.15867233101542,5.15843212171834,239.172417863656,56,0.6,1e-4,10,249.8091472611208
1680,0.311792847293938,0,0,0,0,0,0,0,0,0,0,5.02969132077331,5.02945999266257,239.448016447586,57,0.6,1e-4,10,249.81896060831582
1710,0.304333235215764,0,0,0,0,0,0,0,0,0,0,4.90689872268801,4.90667574445605,239.710135584128,58,0.6,1e-4,10,249.82804328648783
1740,0.297220362435377,0,0,0,0,0,0,0,0,0,0,4.78986406942063,4.78964895300698,239.959732223115,59,0.6,1e-4,10,249.83646560797797
1770,0.290430785723243,0,0,0,0,0,0,0,0,0,0,4.67819559653489,4.67798789272241,240.197675392811,60,0.6,1e-4,10,249.84428966779154
1800,0.283943114444973,0,0,0,0,0,0,0,0,0,0,4.57153601776012,4.57133531230519,240.42475602062,61,0.6,1e-4,10,249.8515704651303
1830,0.277737792074637,0,0,0,0,0,0,0,0,0,0,4.46955883850836,4.4693647487302,240.641695471571,62,0.6,1e-4,10,249.8583568508842
1860,0.271796904880696,0,0,0,0,0,0,0,0,0,0,4.371965129745,4.37177730151149,240.849152995105,63,0.6,1e-4,10,249.86469233124217
1890,0.266104013942364,0,0,0,0,0,0,0,0,0,0,4.27848069686938,4.27829880192613,241.047732238994,64,0.6,1e-4,10,249.87061575173186
1920,0.260644007259768,0,0,0,0,0,0,0,0,0,0,4.18885358859772,4.18867732219531,241.23798696355,65,0.6,1e-4,10,249.8761618816028
1950,0.255402969221975,0,0,0,0,0,0,0,0,0,0,4.10285189938238,4.10268097816337,241.420426067944,66,0.6,1e-4,10,249.88136191471173
1980,0.250368065112682,0,0,0,0,0,0,0,0,0,0,4.02026182598582,4.02009598609853,241.595518023078,67,0.6,1e-4,10,249.88624390027502
0,250,0,0,0,0,0,0,0,0,0,0,0,0,0,1,0.6,1e-4,11,250
30,250.000322400697,0,0,0,0,0,0,0,0,0,0,0,0,0,2,0.6,1e-4,11,250.000322400697
60,250.000090984018,0,0,0,0,0,0,0,0,0,0,0,0,0,3,0.6,1e-4,11,250.000090984018
90,250.000018876751,0,0,0,0,0,0,0,0,0,0,0,0,0,4,0.6,1e-4,11,250.000018876751
120,223.936445386138,0,0,0,0,0,0,0,0,0,0,29.9828987693828,29.9828987693828,0.00649922366872269,5,0.6,1e-4,11,283.9087421485723
150,161.29115607847,0,0,0,0,0,0,0,0,0,0,55.5954280667802,55.5945294211704,0.0221641830239975,6,0.6,1e-4,11,272.50327774944463
180,114.925514791487,0,0,0,0,0,0,0,0,0,0,66.7251778523362,66.7230815780019,0.0482082074665182,7,0.6,1e-4,11,248.42198242929163
210,80.438524968485,0,0,0,0,0,0,0,0,0,0,70.7153328783695,70.7122081556947,0.0912123317143671,8,0.6,1e-4,11,221.95727833426355
240,53.9921740136816,0,0,0,0,0,0,0,0,0,0,70.1046872589317,70.1008979637692,0.163054374123668,9,0.6,1e-4,11,194.36081361050617
270,33.9038126742164,0,0,0,0,0,0,0,0,0,0,65.8382112172711,65.8342073108568,0.28749752392528,10,0.6,1e-4,11,165.86372872626956
300,19.3748680168131,0,0,0,0,0,0,0,0,0,0,58.7681519855482,58.7644074233454,0.511539991434024,11,0.6,1e-4,11,137.41896741714072
330,9.78405528595665,0,0,0,0,0,0,0,0,0,0,50.1626339885904,50.1595416516936,0.928374451777252,12,0.6,1e-4,11,111.0346053780179
360,4.29303773194413,0,0,0,0,0,0,0,0,0,0,41.9384106496933,41.9361278462159,1.71749185712594,13,0.6,1e-4,11,89.88506808497928
390,1.72938767336424,0,0,0,0,0,0,0,0,0,0,36.4834611026124,36.481764999062,3.20279475242722,14,0.6,1e-4,11,77.89740852746587
420,0.777649834497653,0,0,0,0,0,0,0,0,0,0,35.635820966805,35.6341369979466,5.9391219738541,15,0.6,1e-4,11,77.98672977310335
450,0.704812307411856,0,0,0,0,0,0,0,0,0,0,27.1917912644845,27.1875691220873,8.82180367212702,16,0.6,1e-4,11,63.90597636611068
480,0.798317471075458,0,0,0,0,0,0,0,0,0,0,31.7236719903213,31.7178602997589,34.3344394262884,17,0.6,1e-4,11,98.57428918744405
510,1.08460341186817,0,0,0,0,0,0,0,0,0,0,42.682234084605,42.6745559057166,67.5516357198592,18,0.6,1e-4,11,153.99302912204897
540,1.12263615256979,0,0,0,0,0,0,0,0,0,0,43.9936629612915,43.9863063627878,103.884784509166,19,0.6,1e-4,11,192.9873899858151
570,1.04201541451806,0,0,0,0,0,0,0,0,0,0,40.7225899742361,40.7163710314171,133.049578537799,20,0.6,1e-4,11,215.53055495797025
600,0.942162161123293,0,0,0,0,0,0,0,0,0,0,36.7360500970675,36.7309387060266,153.862887361823,21,0.6,1e-4,11,228.2720383260404
630,0.839256789565828,0,0,0,0,0,0,0,0,0,0,32.6621997514071,32.6580312889733,169.304923869256,22,0.6,1e-4,11,235.4644116992022
660,0.749337713398152,0,0,0,0,0,0,0,0,0,0,29.1173442472753,29.1139082047865,180.789214319566,23,0.6,1e-4,11,239.76980448502596
690,0.672449094031434,0,0,0,0,0,0,0,0,0,0,26.0946859896302,26.0918154325636,189.622623812692,24,0.6,1e-4,11,242.48157432891725
720,0.607540345881395,0,0,0,0,0,0,0,0,0,0,23.5483778506008,23.5459456451664,196.575513317643,25,0.6,1e-4,11,244.27737715929158
750,0.552628321556867,0,0,0,0,0,0,0,0,0,0,21.3978155411696,21.3957275934835,202.171555110561,26,0.6,1e-4,11,245.51772656677096
780,0.505915921415345,0,0,0,0,0,0,0,0,0,0,19.5708975914696,19.5690839319062,206.759582027323,27,0.6,1e-4,11,246.40547947211414
810,0.465883912071489,0,0,0,0,0,0,0,0,0,0,18.0070748476052,18.0054829057611,210.581697040291,28,0.6,1e-4,11,247.0601387057288
840,0.431309319790433,0,0,0,0,0,0,0,0,0,0,16.657807577064,16.6563973026928,213.809764576033,29,0.6,1e-4,11,247.55527877558023
870,0.401219004676695,0,0,0,0,0,0,0,0,0,0,15.4845840406051,15.4833244808892,216.568828695706,30,0.6,1e-4,11,247.937956221877
900,0.374840521658568,0,0,0,0,0,0,0,0,0,0,14.4569025075409,14.4557694037791,218.951773970236,31,0.6,1e-4,11,248.23928640321455
930,0.351558581510999,0,0,0,0,0,0,0,0,0,0,13.5505097361451,13.5494838240947,221.028896313222,32,0.6,1e-4,11,248.4804484549728
960,0.330880140643731,0,0,0,0,0,0,0,0,0,0,12.7459994703114,12.7450652639079,222.854283806818,33,0.6,1e-4,11,248.676228681681
990,0.312407265525364,0,0,0,0,0,0,0,0,0,0,12.0277283971689,12.0268733066877,224.470174640808,34,0.6,1e-4,11,248.83718361018998
1020,0.295816329377604,0,0,0,0,0,0,0,0,0,0,11.3829879546078,11.3822016386755,225.90999502915,35,0.6,1e-4,11,248.9710009518109
1050,0.280842111848025,0,0,0,0,0,0,0,0,0,0,10.8013729880462,10.800646871203,227.200517263125,36,0.6,1e-4,11,249.0833792342222
1080,0.267265623206662,0,0,0,0,0,0,0,0,0,0,10.2742992990391,10.2736262080194,228.363419042554,37,0.6,1e-4,11,249.17861017281916
1110,0.254904737228095,0,0,0,0,0,0,0,0,0,0,9.79463311777669,9.7940070040191909,229.416427801769,38,0.6,1e-4,11,249.25997266079298
1140,0.24360694095427,0,0,0,0,0,0,0,0,0,0,9.35640472355015,9.35582044911991,230.374172455209,39,0.6,1e-4,11,249.33000456883332
1170,0.233243684670765,0,0,0,0,0,0,0,0,0,0,8.95458554844543,8.95403871914336,231.24882564896,40,0.6,1e-4,11,249.39069360121957
1200,0.223705947545909,0,0,0,0,0,0,0,0,0,0,8.58491342857087,8.58440026255285,232.050593856196,41,0.6,1e-4,11,249.44361349486562
1230,0.21490073239134,0,0,0,0,0,0,0,0,0,0,8.24375460220235,8.24327182560482,232.788095499822,42,0.6,1e-4,11,249.49002266002051
1260,0.206748275246059,0,0,0,0,0,0,0,0,0,0,7.92799394482109,7.92753870813162,233.468655666819,43,0.6,1e-4,11,249.53093659501775
1290,0.199179808687831,0,0,0,0,0,0,0,0,0,0,7.6349470539809,7.63451686449398,234.09853798894,44,0.6,1e-4,11,249.5671817161027
1320,0.192135757043754,0,0,0,0,0,0,0,0,0,0,7.3622893604656,7.36188202732108,234.683128691767,45,0.6,1e-4,11,249.59943583659742
1350,0.185564270775715,0,0,0,0,0,0,0,0,0,0,7.10799859890924,7.10761218805515,235.227083876174,46,0.6,1e-4,11,249.62825893391408
1380,0.179420029000577,0,0,0,0,0,0,0,0,0,0,6.87030783153868,6.86994062858326,235.734448279099,47,0.6,1e-4,11,249.65411676822154
1410,0.173663255356351,0,0,0,0,0,0,0,0,0,0,6.64766686273429,6.64731734211543,236.208751722001,48,0.6,1e-4,11,249.6773991822071
1440,0.168258904681333,0,0,0,0,0,0,0,0,0,0,6.43871036722459,6.43837716647321,236.653087964436,49,0.6,1e-4,11,249.69843440281514
1470,0.163175987274751,0,0,0,0,0,0,0,0,0,0,6.24223142252895,6.24191332066676,237.07017957873,50,0.6,1e-4,11,249.71750030920046
1500,0.158387004611995,0,0,0,0,0,0,0,0,0,0,6.05715941692744,6.05685531624079,237.462431640203,51,0.6,1e-4,11,249.73483337798322
1530,0.153867475848527,0,0,0,0,0,0,0,0,0,0,5.88254151978756,5.88225043037465,237.83197640937,52,0.6,1e-4,11,249.75063583538073
1560,0.149595538670152,0,0,0,0,0,0,0,0,0,0,5.71752706766268,5.71724809427132,238.18071071349,53,0.6,1e-4,11,249.76508141409414
1590,0.145551611333924,0,0,0,0,0,0,0,0,0,0,5.56135434910847,5.56108667987564,238.510327376209,54,0.6,1e-4,11,249.77832001652703
1620,0.141718105316284,0,0,0,0,0,0,0,0,0,0,5.41333937248272,5.41308226926115,238.822341767656,55,0.6,1e-4,11,249.79048151471616
1650,0.138079180009972,0,0,0,0,0,0,0,0,0,0,5.27286628070133,5.27261907071639,239.118114332875,56,0.6,1e-4,11,249.8016788643027
1680,0.134620532513985,0,0,0,0,0,0,0,0,0,0,5.1393791399771,5.13914120860428,239.398869788976,57,0.6,1e-4,11,249.81201067007134
1710,0.131329216836189,0,0,0,0,0,0,0,0,0,0,5.01237487971521,5.01214566420501,239.665713549613,58,0.6,1e-4,11,249.8215633103694
1740,0.128193487848217,0,0,0,0,0,0,0,0,0,0,4.89139720082762,4.89117618483517,239.91964583125,59,0.6,1e-4,11,249.830412704761
1770,0.125202666152181,0,0,0,0,0,0,0,0,0,0,4.7760313019352,4.77581801073592,240.161573812737,60,0.6,1e-4,11,249.8386257915603
1800,0.122347020680789,0,0,0,0,0,0,0,0,0,0,4.66589929892498,4.66569329521715,240.392322153456,61,0.6,1e-4,11,249.84626176827894
1830,0.11961766638967,0,0,0,0,0,0,0,0,0,0,4.56065623441335,4.56045711462469,240.612642121914,62,0.6,1e-4,11,249.85337313734172
1860,0.117006474838429,0,0,0,0,0,0,0,0,0,0,4.45998659083971,4.4597939818683,240.823219543618,63,0.6,1e-4,11,249.86000659116442
1890,0.114505995815137,0,0,0,0,0,0,0,0,0,0,4.36360123496435,4.3634147912949,241.024681742016,64,0.6,1e-4,11,249.86620376409041
1920,0.112109388453356,0,0,0,0,0,0,0,0,0,0,4.27123473308365,4.27105413422934,241.21760361779,65,0.6,1e-4,11,249.87200187355634
1950,0.109810360533559,0,0,0,0,0,0,0,0,0,0,4.1826429857923,4.18246793401966,241.402512988332,66,0.6,1e-4,11,249.87743426867752
1980,0.107603114861927,0,0,0,0,0,0,0,0,0,0,4.09760113900015,4.09743135730092,241.579895290039,67,0.6,1e-4,11,249.882530901202
0,250,0,0,0,0,0,0,0,0,0,0,0,0,0,1,0.6,1e-4,12,250
30,250.000322400697,0,0,0,0,0,0,0,0,0,0,0,0,0,2,0.6,1e-4,12,250.000322400697
60,250.000090984018,0,0,0,0,0,0,0,0,0,0,0,0,0,3,0.6,1e-4,12,250.000090984018
90,250.000018876751,0,0,0,0,0,0,0,0,0,0,0,0,0,4,0.6,1e-4,12,250.000018876751
120,223.936445386138,0,0,0,0,0,0,0,0,0,0,29.9828987693828,29.9828987693828,0.00649922366872269,5,0.6,1e-4,12,283.9087421485723
150,161.29115607847,0,0,0,0,0,0,0,0,0,0,55.5954280667802,55.5945294211704,0.0221641830239975,6,0.6,1e-4,12,272.50327774944463
180,114.925514791487,0,0,0,0,0,0,0,0,0,0,66.7251778523362,66.7230815780019,0.0482082074665182,7,0.6,1e-4,12,248.42198242929163
210,80.438524968485,0,0,0,0,0,0,0,0,0,0,70.7153328783695,70.7122081556947,0.0912123317143671,8,0.6,1e-4,12,221.95727833426355
240,53.9921740136816,0,0,0,0,0,0,0,0,0,0,70.1046872589317,70.1008979637692,0.163054374123668,9,0.6,1e-4,12,194.36081361050617
270,33.9038126742164,0,0,0,0,0,0,0,0,0,0,65.8382112172711,65.8342073108568,0.28749752392528,10,0.6,1e-4,12,165.86372872626956
300,19.3748680168131,0,0,0,0,0,0,0,0,0,0,58.7681519855482,58.7644074233454,0.511539991434024,11,0.6,1e-4,12,137.41896741714072
330,9.78405528595665,0,0,0,0,0,0,0,0,0,0,50.1626339885904,50.1595416516936,0.928374451777252,12,0.6,1e-4,12,111.0346053780179
360,4.29303773194413,0,0,0,0,0,0,0,0,0,0,41.9384106496933,41.9361278462159,1.71749185712594,13,0.6,1e-4,12,89.88506808497928
390,1.72938767336424,0,0,0,0,0,0,0,0,0,0,36.4834611026124,36.481764999062,3.20279475242722,14,0.6,1e-4,12,77.89740852746587
420,0.777649834497653,0,0,0,0,0,0,0,0,0,0,35.635820966805,35.6341369979466,5.9391219738541,15,0.6,1e-4,12,77.98672977310335
450,0.432254133412829,0,0,0,0,0,0,0,0,0,0,39.1787549700086,39.1764849045182,10.8325076831733,16,0.6,1e-4,12,89.62000169111292
480,0.411648686916079,0,0,0,0,0,0,0,0,0,0,34.5306687924148,34.5252995111379,16.2954724323665,17,0.6,1e-4,12,85.76308942283528
510,0.434920551672875,0,0,0,0,0,0,0,0,0,0,36.7718018122627,36.7652174037733,48.9903382585984,18,0.6,1e-4,12,122.96227802630727
540,0.526371009489185,0,0,0,0,0,0,0,0,0,0,44.4183876113721,44.4106761292721,82.636782808485,19,0.6,1e-4,12,171.99221755861836
570,0.511774680833451,0,0,0,0,0,0,0,0,0,0,43.0875914100798,43.0806686875503,116.631058461871,20,0.6,1e-4,12,203.31109324033457
600,0.467598941726899,0,0,0,0,0,0,0,0,0,0,39.3213605537057,39.3155973521436,142.195239776514,21,0.6,1e-4,12,221.2997966240902
630,0.41889794578218,0,0,0,0,0,0,0,0,0,0,35.1901615037381,35.1854493985867,160.678149821294,22,0.6,1e-4,12,231.47265866940097
660,0.372891756169432,0,0,0,0,0,0,0,0,0,0,31.2979942059668,31.294137458143,174.381299277664,23,0.6,1e-4,12,237.34632269794324
690,0.333273656061806,0,0,0,0,0,0,0,0,0,0,27.952326709416,27.9491310969222,184.700483256828,24,0.6,1e-4,12,240.93521471922801
720,0.299671781507612,0,0,0,0,0,0,0,0,0,0,25.1179714699271,25.1152866821437,192.708550797588,25,0.6,1e-4,12,243.2414807311664
750,0.271330822713599,0,0,0,0,0,0,0,0,0,0,22.7295854666913,22.7272986078582,199.066759454059,26,0.6,1e-4,12,244.79497435132208
780,0.247328685673674,0,0,0,0,0,0,0,0,0,0,20.7083205376271,20.7063479823434,204.221544582473,27,0.6,1e-4,12,245.88354178811718
810,0.22686690472568,0,0,0,0,0,0,0,0,0,0,18.9862491369422,18.9845284609031,208.474511304641,28,0.6,1e-4,12,246.67215580721196
840,0.209287935350151,0,0,0,0,0,0,0,0,0,0,17.5075686883884,17.5060527332322,212.036793297737,29,0.6,1e-4,12,247.25970265470775
870,0.194066843162538,0,0,0,0,0,0,0,0,0,0,16.2278076376842,16.2264602690197,215.059659321932,30,0.6,1e-4,12,247.70799407179845
900,0.180787231046752,0,0,0,0,0,0,0,0,0,0,15.1117327109255,15.11052584448,217.654045425354,31,0.6,1e-4,12,248.05709121180627
930,0.169118606815728,0,0,0,0,0,0,0,0,0,0,14.1314062597377,14.1303177676672,219.902949300353,32,0.6,1e-4,12,248.3337919345736
960,0.15879737529233,0,0,0,0,0,0,0,0,0,0,13.2645629339071,13.2635751572376,221.869586953628,33,0.6,1e-4,12,248.55652242006502
990,0.149611885211088,0,0,0,0,0,0,0,0,0,0,12.493336569045,12.4924352475674,223.602878761017,34,0.6,1e-4,12,248.73826246284048
1020,0.141390911152827,0,0,0,0,0,0,0,0,0,0,11.8032814941771,11.8024549863893,225.141225231687,35,0.6,1e-4,12,248.88835262340623
1050,0.133994854813794,0,0,0,0,0,0,0,0,0,0,11.1826259990257,11.1818647058913,226.515157851181,36,0.6,1e-4,12,249.01364341091178
1080,0.127309026073625,0,0,0,0,0,0,0,0,0,0,10.6217029068686,10.6209988406172,227.749234364515,37,0.6,1e-4,12,249.1192451380744
1110,0.121238494842818,0,0,0,0,0,0,0,0,0,0,10.1125136674075,10.1118601248844,228.863416353459,38,0.6,1e-4,12,249.20902864059371
1140,0.115704124799451,0,0,0,0,0,0,0,0,0,0,9.64839277673238,9.64778408906721,229.874085668296,39,0.6,1e-4,12,249.28596665889503
1170,0.110639497628848,0,0,0,0,0,0,0,0,0,0,9.22374770846381,9.22317904713135,230.794804752136,40,0.6,1e-4,12,249.35237100536
1200,0.105988510966833,0,0,0,0,0,0,0,0,0,0,8.83385592225681,8.83332314729144,231.636892591033,41,0.6,1e-4,12,249.41006017154808
1230,0.101703488897168,0,0,0,0,0,0,0,0,0,0,8.47470526484945,8.47420480491708,232.409866080578,42,0.6,1e-4,12,249.4604796392417
1260,0.0977436849129584,0,0,0,0,0,0,0,0,0,0,8.14286757593413,8.1423963327299,233.121781890934,43,0.6,1e-4,12,249.50478948451098
1290,0.094074087442894,0,0,0,0,0,0,0,0,0,0,7.83539787877796,7.83495315018041,233.77950389339,44,0.6,1e-4,12,249.54392900979127
1320,0.0906644602615833,0,0,0,0,0,0,0,0,0,0,7.54975342290359,7.54933284072349,234.388914285104,45,0.6,1e-4,12,249.57866500899266
1350,0.0874885665090652,0,0,0,0,0,0,0,0,0,0,7.28372823842446,7.28332971760845,234.955081693963,46,0.6,1e-4,12,249.60962821650497
1380,0.0845235372168249,0,0,0,0,0,0,0,0,0,0,7.03539989379818,7.03502159069533,235.48239609878,47,0.6,1e-4,12,249.63734112049033
1410,0.0817493543201938,0,0,0,0,0,0,0,0,0,0,6.80308591839813,6.80272619625213,235.974677923717,48,0.6,1e-4,12,249.66223939268744
1440,0.079148424955842,0,0,0,0,0,0,0,0,0,0,6.58530792877129,6.58496532901467,236.435266866543,49,0.6,1e-4,12,249.6846885492848
1470,0.0767052289951424,0,0,0,0,0,0,0,0,0,0,6.38076193353143,6.38043515177036,236.867094699409,50,0.6,1e-4,12,249.70499701370593
1500,0.0744060256820752,0,0,0,0,0,0,0,0,0,0,6.18829362329914,6.18798148911456,237.272745301327,51,0.6,1e-4,12,249.72342643942278
1530,0.0722386082428833,0,0,0,0,0,0,0,0,0,0,6.00687770567438,6.0065791655469,237.654504448644,52,0.6,1e-4,12,249.74019992810815
1560,0.0701920976441623,0,0,0,0,0,0,0,0,0,0,5.83560054045479,5.8353146432611,238.014401336561,53,0.6,1e-4,12,249.75550861792107
1590,0.0682567684658468,0,0,0,0,0,0,0,0,0,0,5.67364548155548,5.67337136619321,238.354243383642,54,0.6,1e-4,12,249.76951699985653
1620,0.0664239012509542,0,0,0,0,0,0,0,0,0,0,5.5202804499639,5.52001733474711,238.675645548373,55,0.6,1e-4,12,249.78236723433497
1650,0.064685656788224,0,0,0,0,0,0,0,0,0,0,5.37484735447573,5.37459452801064,238.980055137281,56,0.6,1e-4,12,249.79418267655558
1680,0.0630349686467914,0,0,0,0,0,0,0,0,0,0,5.23675304981844,5.23650986312248,239.26877289002,57,0.6,1e-4,12,249.8050707716077
1710,0.0614654509663405,0,0,0,0,0,0,0,0,0,0,5.10546157952864,5.10522743919807,239.542970974786,58,0.6,1e-4,12,249.81512544447904
1740,0.0599713190516692,0,0,0,0,0,0,0,0,0,0,4.98048749697944,4.9802618592455,239.80370840765,59,0.6,1e-4,12,249.8244290829266
1770,0.0585473207576173,0,0,0,0,0,0,0,0,0,0,4.86139009482419,4.86117246036472,240.051944314402,60,0.6,1e-4,12,249.83305419034852
1800,0.0571886770021538,0,0,0,0,0,0,0,0,0,0,4.74776840279934,4.74755831219551,240.288549377773,61,0.6,1e-4,12,249.84106476976999
1830,0.055891030030014,0,0,0,0,0,0,0,0,0,0,4.63925683782969,4.63905386757546,240.514315752226,62,0.6,1e-4,12,249.84851748766116
1860,0.0546503982805199,0,0,0,0,0,0,0,0,0,0,4.5355214098761,4.53532516886296,240.729965679594,63,0.6,1e-4,12,249.85546265661358
1890,0.0534631369019385,0,0,0,0,0,0,0,0,0,0,4.43625640287442,4.43606652928613,240.936158999235,64,0.6,1e-4,12,249.8619450682975
1920,0.0523259031093821,0,0,0,0,0,0,0,0,0,0,4.34118146314928,4.34099762171143,241.133499714185,65,0.6,1e-4,12,249.8680047021551
1950,0.0512356257105125,0,0,0,0,0,0,0,0,0,0,4.25003903841007,4.24986091794785,241.322541748435,66,0.6,1e-4,12,249.87367733050343
1980,0.0501894782284311,0,0,0,0,0,0,0,0,0,0,4.16259211929351,4.16241943055759,241.503794008885,67,0.6,1e-4,12,249.87899503696454
0,250,0,0,0,0,0,0,0,0,0,0,0,0,0,1,0.6,1e-4,13,250
30,250.000322400697,0,0,0,0,0,0,0,0,0,0,0,0,0,2,0.6,1e-4,13,250.000322400697
60,250.000090984018,0,0,0,0,0,0,0,0,0,0,0,0,0,3,0.6,1e-4,13,250.000090984018
90,250.000018876751,0,0,0,0,0,0,0,0,0,0,0,0,0,4,0.6,1e-4,13,250.000018876751
120,223.936445386138,0,0,0,0,0,0,0,0,0,0,29.9828987693828,29.9828987693828,0.00649922366872269,5,0.6,1e-4,13,283.9087421485723
150,161.29115607847,0,0,0,0,0,0,0,0,0,0,55.5954280667802,55.5945294211704,0.0221641830239975,6,0.6,1e-4,13,272.50327774944463
180,114.925514791487,0,0,0,0,0,0,0,0,0,0,66.7251778523362,66.7230815780019,0.0482082074665182,7,0.6,1e-4,13,248.42198242929163
210,80.438524968485,0,0,0,0,0,0,0,0,0,0,70.7153328783695,70.7122081556947,0.0912123317143671,8,0.6,1e-4,13,221.95727833426355
240,53.9921740136816,0,0,0,0,0,0,0,0,0,0,70.1046872589317,70.1008979637692,0.163054374123668,9,0.6,1e-4,13,194.36081361050617
270,33.9038126742164,0,0,0,0,0,0,0,0,0,0,65.8382112172711,65.8342073108568,0.28749752392528,10,0.6,1e-4,13,165.86372872626956
300,19.3748680168131,0,0,0,0,0,0,0,0,0,0,58.7681519855482,58.7644074233454,0.511539991434024,11,0.6,1e-4,13,137.41896741714072
330,9.78405528595665,0,0,0,0,0,0,0,0,0,0,50.1626339885904,50.1595416516936,0.928374451777252,12,0.6,1e-4,13,111.0346053780179
360,4.29303773194413,0,0,0,0,0,0,0,0,0,0,41.9384106496933,41.9361278462159,1.71749185712594,13,0.6,1e-4,13,89.88506808497928
390,1.72938767336424,0,0,0,0,0,0,0,0,0,0,36.4834611026124,36.481764999062,3.20279475242722,14,0.6,1e-4,13,77.89740852746587
420,0.777649834497653,0,0,0,0,0,0,0,0,0,0,35.635820966805,35.6341369979466,5.9391219738541,15,0.6,1e-4,13,77.98672977310335
450,0.432254133412829,0,0,0,0,0,0,0,0,0,0,39.1787549700086,39.1764849045182,10.8325076831733,16,0.6,1e-4,13,89.62000169111292
480,0.268408696398428,0,0,0,0,0,0,0,0,0,0,45.2996582141983,45.2964924128192,18.8836192357034,17,0.6,1e-4,13,109.74817855911932
510,0.25042923730631,0,0,0,0,0,0,0,0,0,0,41.1969958907912,41.1907794900788,27.4098057202944,18,0.6,1e-4,13,110.04801033847072
540,0.247429647411313,0,0,0,0,0,0,0,0,0,0,40.8136512331737,40.8066389037612,63.8487092000091,19,0.6,1e-4,13,145.7164289843553
570,0.272431839198667,0,0,0,0,0,0,0,0,0,0,44.8871437066669,44.8797202019817,96.4379204747473,20,0.6,1e-4,13,186.47721622259456
600,0.254417315231141,0,0,0,0,0,0,0,0,0,0,41.8821710536158,41.8757681127011,127.352724051416,21,0.6,1e-4,13,211.36508053296404
630,0.230089636341506,0,0,0,0,0,0,0,0,0,0,37.8498804305942,37.8445927850567,149.842500933741,22,0.6,1e-4,13,225.7670637857334
660,0.20512717010189,0,0,0,0,0,0,0,0,0,0,33.7267629045113,33.7224423538742,166.340247776496,23,0.6,1e-4,13,233.99458020498338
690,0.182727731340374,0,0,0,0,0,0,0,0,0,0,30.0295557519864,30.0260024327115,178.620727335607,24,0.6,1e-4,13,238.85901325164528
720,0.163601913074402,0,0,0,0,0,0,0,0,0,0,26.8756930003296,26.8727324842365,187.979476040186,25,0.6,1e-4,13,241.89150343782651
750,0.147448335192218,0,0,0,0,0,0,0,0,0,0,24.2133428140505,24.2108417311826,195.30508466824,26,0.6,1e-4,13,243.8767175486653
780,0.133814920040775,0,0,0,0,0,0,0,0,0,0,21.9673790555738,21.9652378767926,201.168342127956,27,0.6,1e-4,13,245.23477398036317
810,0.122246580057609,0,0,0,0,0,0,0,0,0,0,20.0622995612098,20.0604443235214,205.953842498888,28,0.6,1e-4,13,246.1988329636768
840,0.112359366588107,0,0,0,0,0,0,0,0,0,0,18.4345662509466,18.4329414713614,209.925029843903,29,0.6,1e-4,13,246.9048969327991
870,0.1038422091998,0,0,0,0,0,0,0,0,0,0,17.0327533825956,17.0313169026149,213.267908073526,30,0.6,1e-4,13,247.4358205679363
900,0.0964478476241946,0,0,0,0,0,0,0,0,0,0,15.8160181575775,15.814737486504,216.116918950622,31,0.6,1e-4,13,247.8441224423277
930,0.0899803364247453,0,0,0,0,0,0,0,0,0,0,14.7520129772545,14.750862722957,218.571400692523,32,0.6,1e-4,13,248.16425672915926
960,0.0842839834168928,0,0,0,0,0,0,0,0,0,0,13.8150475321703,13.8140075849089,220.706176432985,33,0.6,1e-4,13,248.41951553348107
990,0.0792343615702612,0,0,0,0,0,0,0,0,0,0,12.984598363206,12.9836525984293,222.57857822404,34,0.6,1e-4,13,248.62606354724556
1020,0.0747313179483068,0,0,0,0,0,0,0,0,0,0,12.2441512257781,12.2432865658008,224.233211865708,35,0.6,1e-4,13,248.79538097523522
1050,0.0706936160162292,0,0,0,0,0,0,0,0,0,0,11.5803147458327,11.5795204720923,225.705260593666,36,0.6,1e-4,13,248.93578942760723
1080,0.0670548483600172,0,0,0,0,0,0,0,0,0,0,10.9821447227626,10.9814119651007,227.022820278915,37,0.6,1e-4,13,249.0534318151383
1110,0.0637603141171026,0,0,0,0,0,0,0,0,0,0,10.4406282002531,10.4399495528451,228.208579315775,38,0.6,1e-4,13,249.15291738299032
1140,0.0607646228939987,0,0,0,0,0,0,0,0,0,0,9.94828774966309,9.94765697871364,229.281046501092,39,0.6,1e-4,13,249.2377558523627
1170,0.0580298450471155,0,0,0,0,0,0,0,0,0,0,9.49887610115336,9.49828791990979,230.255461666879,40,0.6,1e-4,13,249.31065553298927
1200,0.0555240739641749,0,0,0,0,0,0,0,0,0,0,9.08713886820759,9.08658876194927,231.14448007422,41,0.6,1e-4,13,249.37373177834104
1230,0.0532203005327018,0,0,0,0,0,0,0,0,0,0,8.70862884640947,8.70811293495865,231.958693094475,42,0.6,1e-4,13,249.42865517637583
1260,0.0510955255947672,0,0,0,0,0,0,0,0,0,0,8.35955961379348,8.35907454250033,232.707028819198,43,0.6,1e-4,13,249.47675850108658
1290,0.049130055033466,0,0,0,0,0,0,0,0,0,0,8.03668928182457,8.03623213437905,233.397063506315,44,0.6,1e-4,13,249.51911497755208
1320,0.0473069359849907,0,0,0,0,0,0,0,0,0,0,7.73722753828951,7.73679576642402,234.035266048821,45,0.6,1e-4,13,249.55659628951952
1350,0.0456115028667988,0,0,0,0,0,0,0,0,0,0,7.45876081019069,7.45835217657067,234.627191592095,46,0.6,1e-4,13,249.58991608172315
1380,0.0440310094507837,0,0,0,0,0,0,0,0,0,0,7.19919162120015,7.19880415269819,235.177636158267,47,0.6,1e-4,13,249.61966294161613
1410,0.0425543288128357,0,0,0,0,0,0,0,0,0,0,6.95668914422067,6.95632109343088,235.690761092609,48,0.6,1e-4,13,249.64632565907337
1440,0.0411717071786526,0,0,0,0,0,0,0,0,0,0,6.72964864163916,6.72929845497969,236.170193951316,49,0.6,1e-4,13,249.6703127551135
1470,0.0398745608367582,0,0,0,0,0,0,0,0,0,0,6.51665800633705,6.51632429745688,236.61911084855,50,0.6,1e-4,13,249.6919677131807
1500,0.0386553076756688,0,0,0,0,0,0,0,0,0,0,6.3164700105189,6.3161515380035,237.040304100494,51,0.6,1e-4,13,249.71158095669207
1530,0.0375072267205222,0,0,0,0,0,0,0,0,0,0,6.12797916961552,6.12767481819839,237.436238126203,52,0.6,1e-4,13,249.72939934073742
1560,0.0364243404391887,0,0,0,0,0,0,0,0,0,0,5.95020235871843,5.94991112336875,237.809095905923,53,0.6,1e-4,13,249.74563372844935
1590,0.0354013156643757,0,0,0,0,0,0,0,0,0,0,5.78226249664747,5.78198346903038,238.160817798476,54,0.6,1e-4,13,249.7604650798182
1620,0.0344333798142418,0,0,0,0,0,0,0,0,0,0,5.62337475068573,5.62310710759026,238.493134138381,55,0.6,1e-4,13,249.77404937647125
1650,0.0335162497471523,0,0,0,0,0,0,0,0,0,0,5.47283482275672,5.47257781616389,238.80759274048,56,0.6,1e-4,13,249.78652162914776
1680,0.0326460710994001,0,0,0,0,0,0,0,0,0,0,5.33000896246379,5.32976191098817,239.105582212875,57,0.6,1e-4,13,249.79799915742635
1710,0.0318193663602192,0,0,0,0,0,0,0,0,0,0,5.19432541928472,5.19408770077166,239.388351802019,58,0.6,1e-4,13,249.8085842884356
1740,0.0310329902605586,0,0,0,0,0,0,0,0,0,0,5.06526709933304,5.0650381444322,239.657028354891,59,0.6,1e-4,13,249.8183665889168
1770,0.0302840913093249,0,0,0,0,0,0,0,0,0,0,4.94236523450953,4.9421445210768304,239.912630873449,60,0.6,1e-4,13,249.82742472034468
1800,0.0295700785172607,0,0,0,0,0,0,0,0,0,0,4.82519390590207,4.82498095410728,240.1560830494,61,0.6,1e-4,13,249.83582798792662
1830,0.0288885925151112,0,0,0,0,0,0,0,0,0,0,4.71336529073477,4.7131596587721996,240.388224097692,62,0.6,1e-4,13,249.84363763971407
1860,0.0282374804076195,0,0,0,0,0,0,0,0,0,0,4.60652552439852,4.60632680471545,240.609818151205,63,0.6,1e-4,13,249.85090796072657
1890,0.027614773814658,0,0,0,0,0,0,0,0,0,0,4.50435108718556,4.50415890315618,240.821562433967,64,0.6,1e-4,13,249.8576871981234
1920,0.0270186696405212,0,0,0,0,0,0,0,0,0,0,4.40654564013368,4.40635964311805,241.024094393646,65,0.6,1e-4,13,249.86401834653827
1950,0.0264475131860318,0,0,0,0,0,0,0,0,0,0,4.31283724651784,4.3126571132543,241.217997944173,66,0.6,1e-4,13,249.86993981713115
1980,0.0258997832787798,0,0,0,0,0,0,0,0,0,0,4.22297592552215,4.22280135580965,241.40380894498,67,0.6,1e-4,13,249.8754860095906
0,250,0,0,0,0,0,0,0,0,0,0,0,0,0,1,0.6,1e-4,14,250
30,250.000322400697,0,0,0,0,0,0,0,0,0,0,0,0,0,2,0.6,1e-4,14,250.000322400697
60,250.000090984018,0,0,0,0,0,0,0,0,0,0,0,0,0,3,0.6,1e-4,14,250.000090984018
90,250.000018876751,0,0,0,0,0,0,0,0,0,0,0,0,0,4,0.6,1e-4,14,250.000018876751
120,223.936445386138,0,0,0,0,0,0,0,0,0,0,29.9828987693828,29.9828987693828,0.00649922366872269,5,0.6,1e-4,14,283.9087421485723
150,161.29115607847,0,0,0,0,0,0,0,0,0,0,55.5954280667802,55.5945294211704,0.0221641830239975,6,0.6,1e-4,14,272.50327774944463
180,114.925514791487,0,0,0,0,0,0,0,0,0,0,66.7251778523362,66.7230815780019,0.0482082074665182,7,0.6,1e-4,14,248.42198242929163
210,80.438524968485,0,0,0,0,0,0,0,0,0,0,70.7153328783695,70.7122081556947,0.0912123317143671,8,0.6,1e-4,14,221.95727833426355
240,53.9921740136816,0,0,0,0,0,0,0,0,0,0,70.1046872589317,70.1008979637692,0.163054374123668,9,0.6,1e-4,14,194.36081361050617
270,33.9038126742164,0,0,0,0,0,0,0,0,0,0,65.8382112172711,65.8342073108568,0.28749752392528,10,0.6,1e-4,14,165.86372872626956
300,19.3748680168131,0,0,0,0,0,0,0,0,0,0,58.7681519855482,58.7644074233454,0.511539991434024,11,0.6,1e-4,14,137.41896741714072
330,9.78405528595665,0,0,0,0,0,0,0,0,0,0,50.1626339885904,50.1595416516936,0.928374451777252,12,0.6,1e-4,14,111.0346053780179
360,4.29303773194413,0,0,0,0,0,0,0,0,0,0,41.9384106496933,41.9361278462159,1.71749185712594,13,0.6,1e-4,14,89.88506808497928
390,1.72938767336424,0,0,0,0,0,0,0,0,0,0,36.4834611026124,36.481764999062,3.20279475242722,14,0.6,1e-4,14,77.89740852746587
420,0.777649834497653,0,0,0,0,0,0,0,0,0,0,35.635820966805,35.6341369979466,5.9391219738541,15,0.6,1e-4,14,77.98672977310335
450,0.432254133412829,0,0,0,0,0,0,0,0,0,0,39.1787549700086,39.1764849045182,10.8325076831733,16,0.6,1e-4,14,89.62000169111292
480,0.268408696398428,0,0,0,0,0,0,0,0,0,0,45.2996582141983,45.2964924128192,18.8836192357034,17,0.6,1e-4,14,109.74817855911932
510,0.174786345137272,0,0,0,0,0,0,0,0,0,0,52.0688840212221,52.0648551929063,30.2047163941924,18,0.6,1e-4,14,134.51324195345808
540,0.154742933068238,0,0,0,0,0,0,0,0,0,0,46.1985670546049,46.1919584501915,40.85911960279,19,0.6,1e-4,14,133.40438804065465
570,0.144963871127994,0,0,0,0,0,0,0,0,0,0,43.3657182086509,43.3586805972336,77.9293967268607,20,0.6,1e-4,14,164.7987594038732
600,0.14880900596855,0,0,0,0,0,0,0,0,0,0,44.451257401918,44.4443305601936,108.699987281425,21,0.6,1e-4,14,197.74438424950515
630,0.135745541920223,0,0,0,0,0,0,0,0,0,0,40.5432932880396,40.5374459651025,136.406111808111,22,0.6,1e-4,14,217.62259660317332
660,0.121878650134691,0,0,0,0,0,0,0,0,0,0,36.3824085154044,36.3775966557857,156.37375100346,23,0.6,1e-4,14,229.2556348247848
690,0.108450643448451,0,0,0,0,0,0,0,0,0,0,32.3651256298566,32.3611837789452,171.175007414217,24,0.6,1e-4,14,236.00976746646725
720,0.0967385426503273,0,0,0,0,0,0,0,0,0,0,28.8612028300514,28.8579432285807,182.276639071353,25,0.6,1e-4,14,240.09252367263542
750,0.0867961347582932,0,0,0,0,0,0,0,0,0,0,25.8884304377299,25.8856991179869,190.825671542248,26,0.6,1e-4,14,242.68659723272307
780,0.0784125733995738,0,0,0,0,0,0,0,0,0,0,23.3824039330344,23.3800839694477,197.572758541864,27,0.6,1e-4,14,244.4136590177457
810,0.0713270387735906,0,0,0,0,0,0,0,0,0,0,21.2649179307418,21.2629221450597,203.012622732394,28,0.6,1e-4,14,245.6117898469691
840,0.0653009628966991,0,0,0,0,0,0,0,0,0,0,19.4644002629773,19.4626635677811,207.480009638879,29,0.6,1e-4,14,246.4723744325341
870,0.0601368424667485,0,0,0,0,0,0,0,0,0,0,17.9216848692384,17.9201581618516,211.206934494856,30,0.6,1e-4,14,247.10891436841274
900,0.0556762532310445,0,0,0,0,0,0,0,0,0,0,16.5893345835837,16.5879803282948,214.35860520972,31,0.6,1e-4,14,247.59159637482955
930,0.0517935598593233,0,0,0,0,0,0,0,0,0,0,15.4297470797141,15.4285361801677,217.055407035403,32,0.6,1e-4,14,247.96548385514413
960,0.0483891797737095,0,0,0,0,0,0,0,0,0,0,14.4131268405603,14.4120364334484,219.386919357313,33,0.6,1e-4,14,248.2604718110954
990,0.0453838563477283,0,0,0,0,0,0,0,0,0,0,13.5157660373761,13.5147779247853,221.421039791937,34,0.6,1e-4,14,248.49696761044612
1020,0.0427141032216175,0,0,0,0,0,0,0,0,0,0,12.7186781619491,12.7177776852183,223.210085375693,35,0.6,1e-4,14,248.68925532608202
1050,0.0403286872062855,0,0,0,0,0,0,0,0,0,0,12.0065439416719,12.0057191621224,224.794964561577,36,0.6,1e-4,14,248.84755635257758
1080,0.038185940717236,0,0,0,0,0,0,0,0,0,0,11.366906258064,11.3661473531853,226.208090169021,37,0.6,1e-4,14,248.97932972098755
1110,0.0362517119266105,0,0,0,0,0,0,0,0,0,0,10.7895563316942,10.7888551443973,227.475451579556,38,0.6,1e-4,14,249.0901147675741
1140,0.0344977970008029,0,0,0,0,0,0,0,0,0,0,10.2660644053419,10.2654141033227,228.618114073152,39,0.6,1e-4,14,249.1840903788174
1170,0.0329007348700095,0,0,0,0,0,0,0,0,0,0,9.78941904179831,9.78881385710149,229.653320534647,40,0.6,1e-4,14,249.26445416841682
1200,0.0314408747470215,0,0,0,0,0,0,0,0,0,0,9.35374810833321,9.35318313604134,230.595312465472,41,0.6,1e-4,14,249.33368458459358
1230,0.0301016495958162,0,0,0,0,0,0,0,0,0,0,8.95410142408497,8.95357246510373,231.455949761597,42,0.6,1e-4,14,249.3937253003815
1260,0.0288690059496007,0,0,0,0,0,0,0,0,0,0,8.58628020843327,8.58578364552873,232.245184162467,43,0.6,1e-4,14,249.44611702237862
1290,0.0277309531769439,0,0,0,0,0,0,0,0,0,0,8.2467022771569,8.24623497632894,232.971424895062,44,0.6,1e-4,14,249.49209310172478
1320,0.0266772046262297,0,0,0,0,0,0,0,0,0,0,7.93229473057762,7.9318539619289,233.641823929555,45,0.6,1e-4,14,249.53264982668773
1350,0.0256988899366619,0,0,0,0,0,0,0,0,0,0,7.64040793296512,7.63999130670992,234.262500615819,46,0.6,1e-4,14,249.5685987454307
1380,0.0247883228589356,0,0,0,0,0,0,0,0,0,0,7.36874609675386,7.36835151108745,234.838720130552,47,0.6,1e-4,14,249.60060606125225
1410,0.023938812671713,0,0,0,0,0,0,0,0,0,0,7.11531090611006,7.11493650444531,235.375036387557,48,0.6,1e-4,14,249.6292226107841
1440,0.0231445100670926,0,0,0,0,0,0,0,0,0,0,6.8783554488901,6.87799958454978,235.875407358725,49,0.6,1e-4,14,249.65490690223197
1470,0.0224002804662331,0,0,0,0,0,0,0,0,0,0,6.65634635109036,6.65600755797654,236.343288794182,50,0.6,1e-4,14,249.67804298371513
1500,0.0217015993005271,0,0,0,0,0,0,0,0,0,0,6.44793247907605,6.44760944716426,236.781710895691,51,0.6,1e-4,14,249.69895442123183
1530,0.021044464988349,0,0,0,0,0,0,0,0,0,0,6.25191893238817,6.25161048714143,237.193341436938,52,0.6,1e-4,14,249.71791532145596
1560,0.0204253262498417,0,0,0,0,0,0,0,0,0,0,6.06724532295258,6.06695040793947,237.580538032662,53,0.6,1e-4,14,249.7351590898039
1590,0.0198410211035659,0,0,0,0,0,0,0,0,0,0,5.89296754635499,5.89268520850189,237.945391662559,54,0.6,1e-4,14,249.75088543851945
1620,0.0192887254313391,0,0,0,0,0,0,0,0,0,0,5.72824241313743,5.72797179015838,238.289763103144,55,0.6,1e-4,14,249.76526603187114
1650,0.0187659094197672,0,0,0,0,0,0,0,0,0,0,5.57231463435447,5.57205494399036,238.615313574425,56,0.6,1e-4,14,249.7784490621896
1680,0.0182703005174506,0,0,0,0,0,0,0,0,0,0,5.42450575447413,5.42425628524286,238.923530641034,57,0.6,1e-4,14,249.79056298126844
1710,0.017799851807042,0,0,0,0,0,0,0,0,0,0,5.28420470252241,5.28396480573669,239.215750200096,58,0.6,1e-4,14,249.80171956016216
1740,0.0173527148973032,0,0,0,0,0,0,0,0,0,0,5.15085969396733,5.15062877682066,239.493175225935,59,0.6,1e-4,14,249.8120164116203
1770,0.0169272166042422,0,0,0,0,0,0,0,0,0,0,5.02397126485605,5.02374878441266,239.756891814167,60,0.6,1e-4,14,249.82153908003997
1800,0.0165218388215443,0,0,0,0,0,0,0,0,0,0,4.90308625892897,4.90287171688203,240.00788296676,61,0.6,1e-4,14,249.83036278139255
1830,0.0161352010859354,0,0,0,0,0,0,0,0,0,0,4.78779261995378,4.78758555803865,240.247040479283,62,0.6,1e-4,14,249.83855385836137
1860,0.0157660454282677,0,0,0,0,0,0,0,0,0,0,4.67771486697946,4.67751486294794,240.475175227235,63,0.6,1e-4,14,249.8461710025907
1890,0.0154132231702136,0,0,0,0,0,0,0,0,0,0,4.57251015086719,4.57231681494375,240.693026096582,64,0.6,1e-4,14,249.85326628556317
1920,0.0150756833827759,0,0,0,0,0,0,0,0,0,0,4.47186480728893,4.47167777904228,240.901267761808,65,0.6,1e-4,14,249.85988603152197
1950,0.0147524627689084,0,0,0,0,0,0,0,0,0,0,4.37549133516299,4.37531028073699,241.10051748073,66,0.6,1e-4,14,249.86607155939888
1980,0.0144426767704305,0,0,0,0,0,0,0,0,0,0,4.28312574081844,4.28295035047465,241.29134104766,67,0.6,1e-4,14,249.87185981572352
0,250,0,0,0,0,0,0,0,0,0,0,0,0,0,1,0.6,1e-4,15,250
30,250.000322400697,0,0,0,0,0,0,0,0,0,0,0,0,0,2,0.6,1e-4,15,250.000322400697
60,250.000090984018,0,0,0,0,0,0,0,0,0,0,0,0,0,3,0.6,1e-4,15,250.000090984018
90,250.000018876751,0,0,0,0,0,0,0,0,0,0,0,0,0,4,0.6,1e-4,15,250.000018876751
120,223.936445386138,0,0,0,0,0,0,0,0,0,0,29.9828987693828,29.9828987693828,0.00649922366872269,5,0.6,1e-4,15,283.9087421485723
150,161.29115607847,0,0,0,0,0,0,0,0,0,0,55.5954280667802,55.5945294211704,0.0221641830239975,6,0.6,1e-4,15,272.50327774944463
180,114.925514791487,0,0,0,0,0,0,0,0,0,0,66.7251778523362,66.7230815780019,0.0482082074665182,7,0.6,1e-4,15,248.42198242929163
210,80.438524968485,0,0,0,0,0,0,0,0,0,0,70.7153328783695,70.7122081556947,0.0912123317143671,8,0.6,1e-4,15,221.95727833426355
240,53.9921740136816,0,0,0,0,0,0,0,0,0,0,70.1046872589317,70.1008979637692,0.163054374123668,9,0.6,1e-4,15,194.36081361050617
270,33.9038126742164,0,0,0,0,0,0,0,0,0,0,65.8382112172711,65.8342073108568,0.28749752392528,10,0.6,1e-4,15,165.86372872626956
300,19.3748680168131,0,0,0,0,0,0,0,0,0,0,58.7681519855482,58.7644074233454,0.511539991434024,11,0.6,1e-4,15,137.41896741714072
330,9.78405528595665,0,0,0,0,0,0,0,0,0,0,50.1626339885904,50.1595416516936,0.928374451777252,12,0.6,1e-4,15,111.0346053780179
360,4.29303773194413,0,0,0,0,0,0,0,0,0,0,41.9384106496933,41.9361278462159,1.71749185712594,13,0.6,1e-4,15,89.88506808497928
390,1.72938767336424,0,0,0,0,0,0,0,0,0,0,36.4834611026124,36.481764999062,3.20279475242722,14,0.6,1e-4,15,77.89740852746587
420,0.777649834497653,0,0,0,0,0,0,0,0,0,0,35.635820966805,35.6341369979466,5.9391219738541,15,0.6,1e-4,15,77.98672977310335
450,0.432254133412829,0,0,0,0,0,0,0,0,0,0,39.1787549700086,39.1764849045182,10.8325076831733,16,0.6,1e-4,15,89.62000169111292
480,0.268408696398428,0,0,0,0,0,0,0,0,0,0,45.2996582141983,45.2964924128192,18.8836192357034,17,0.6,1e-4,15,109.74817855911932
510,0.174786345137272,0,0,0,0,0,0,0,0,0,0,52.0688840212221,52.0648551929063,30.2047163941924,18,0.6,1e-4,15,134.51324195345808
540,0.114014311365173,0,0,0,0,0,0,0,0,0,0,57.9159914783812,57.9113909253233,43.4728873343504,19,0.6,1e-4,15,159.41428404942008
570,0.0954734237887135,0,0,0,0,0,0,0,0,0,0,49.3382706911026,49.3316871287752,54.5060268164987,20,0.6,1e-4,15,153.2714580601652
600,0.0860557647699055,0,0,0,0,0,0,0,0,0,0,44.5645172765817,44.5577556388507,90.258833697415,21,0.6,1e-4,15,179.4671623776173
630,0.0842659208979151,0,0,0,0,0,0,0,0,0,0,43.5653476803307,43.5589935175717,118.906924635883,22,0.6,1e-4,15,206.11553175468333
660,0.0758488759740084,0,0,0,0,0,0,0,0,0,0,39.2207471502972,39.2154368973305,143.784309615399,23,0.6,1e-4,15,222.2963425390007
690,0.0677935171388559,0,0,0,0,0,0,0,0,0,0,35.0408039168781,35.0364340719471,161.749378751996,24,0.6,1e-4,15,231.89441025796006
720,0.0603108561173679,0,0,0,0,0,0,0,0,0,0,31.1678801130184,31.1642852581312,175.175104688403,25,0.6,1e-4,15,237.56758091566996
750,0.0538851908644592,0,0,0,0,0,0,0,0,0,0,27.8412641597693,27.8382749493567,185.330953369173,26,0.6,1e-4,15,241.06437766916343
780,0.0484500943464165,0,0,0,0,0,0,0,0,0,0,25.0285489519399,25.0260304929247,193.22089507361,27,0.6,1e-4,15,243.323924612821
810,0.0438678177634421,0,0,0,0,0,0,0,0,0,0,22.6575084300631,22.6553585304858,199.493580238108,28,0.6,1e-4,15,244.85031501642032
840,0.0399883388530144,0,0,0,0,0,0,0,0,0,0,20.6504245819761,20.6485668598514,204.583166677749,29,0.6,1e-4,15,245.92214645842952
870,0.0366812416870483,0,0,0,0,0,0,0,0,0,0,18.9396664538951,18.9380435732078,208.785490205156,30,0.6,1e-4,15,246.69988147394596
900,0.0338400054376453,0,0,0,0,0,0,0,0,0,0,17.4700465198672,17.4686149700877,212.307595625496,31,0.6,1e-4,15,247.28009712088854
930,0.0313796868985155,0,0,0,0,0,0,0,0,0,0,16.1975664874018,16.196292811923,215.298059793576,32,0.6,1e-4,15,247.7232987797993
960,0.0292329918456837,0,0,0,0,0,0,0,0,0,0,15.0873789901459,15.0862371108948,217.865924232582,33,0.6,1e-4,15,248.06877332546838
990,0.0273465352102669,0,0,0,0,0,0,0,0,0,0,14.1118443330787,14.1108136535891,220.09283526368,34,0.6,1e-4,15,248.34283978555806
1020,0.0256777498064317,0,0,0,0,0,0,0,0,0,0,13.2489270503941,13.2479911003175,222.04102264005,35,0.6,1e-4,15,248.56361854056803
1050,0.0241924602751157,0,0,0,0,0,0,0,0,0,0,12.4809380421383,12.4800834978188,223.758674551992,36,0.6,1e-4,15,248.7438885522242
1080,0.0228630191898644,0,0,0,0,0,0,0,0,0,0,11.7935685965255,11.7927845644424,225.283639065463,37,0.6,1e-4,15,248.89285524562078
1110,0.0216668848884256,0,0,0,0,0,0,0,0,0,0,11.1751535445665,11.1744310303943,226.646024758996,38,0.6,1e-4,15,249.0172762188452
1140,0.0205855363122425,0,0,0,0,0,0,0,0,0,0,10.6161091484659,10.6154406587471,227.870061316948,39,0.6,1e-4,15,249.12219666047326
1170,0.019603641905577,0,0,0,0,0,0,0,0,0,0,10.1085026688207,10.1078819085444,228.975452739477,40,0.6,1e-4,15,249.21144095874766
1200,0.0187084194778414,0,0,0,0,0,0,0,0,0,0,9.64572088182898,9.64514252221571,229.978376378526,41,0.6,1e-4,15,249.28794820204854
1230,0.0178891398529568,0,0,0,0,0,0,0,0,0,0,9.22221308593658,9.22167258422475,230.892230660178,42,0.6,1e-4,15,249.35400547019228
1260,0.0171367392556362,0,0,0,0,0,0,0,0,0,0,8.83329043044284,8.83278388862925,231.728201780565,43,0.6,1e-4,15,249.41141283889272
1290,0.0164435144046698,0,0,0,0,0,0,0,0,0,0,8.47496807731408,8.47449213038929,232.495698190639,44,0.6,1e-4,15,249.46160191274703
1320,0.0158028809267468,0,0,0,0,0,0,0,0,0,0,8.14384015209727,8.14339187884035,233.202687283493,45,0.6,1e-4,15,249.50572219535735
1350,0.0152091805835827,0,0,0,0,0,0,0,0,0,0,7.83697996898775,7.83655682018157,233.855958882835,46,0.6,1e-4,15,249.54470485258793
1380,0.0146575263930903,0,0,0,0,0,0,0,0,0,0,7.55185987451214,7.55145961473255,234.461333342043,47,0.6,1e-4,15,249.57931035768078
1410,0.0141436773732761,0,0,0,0,0,0,0,0,0,0,7.28628642628221,7.28590708635355,235.023827302321,48,0.6,1e-4,15,249.61016449233003
1440,0.013663936601504,0,0,0,0,0,0,0,0,0,0,7.03834764071504,7.0379874786147,235.547786776686,49,0.6,1e-4,15,249.63778583261723
1470,0.0132150677468872,0,0,0,0,0,0,0,0,0,0,6.80636980252312,6.80602727102908,236.036994795674,50,0.6,1e-4,15,249.66260693697308
1500,0.0127942263333762,0,0,0,0,0,0,0,0,0,0,6.58888189839556,6.58855561815356,236.494759083766,51,0.6,1e-4,15,249.68499082664852
1530,0.0123989028220304,0,0,0,0,0,0,0,0,0,0,6.38458616759799,6.38427490457404,236.923983937616,52,0.6,1e-4,15,249.70524391261006
1560,0.0120268752328108,0,0,0,0,0,0,0,0,0,0,6.19233358940677,6.19203623591062,237.32722951458,53,0.6,1e-4,15,249.72362621513022
1590,0.0116761695098254,0,0,0,0,0,0,0,0,0,0,6.01110337768684,6.01081893632049,237.706761019367,54,0.6,1e-4,15,249.74035950288416
1620,0.0113450262064285,0,0,0,0,0,0,0,0,0,0,5.83998574576624,5.83971331578221,238.064589732443,55,0.6,1e-4,15,249.7556338201979
1650,0.011031872355251,0,0,0,0,0,0,0,0,0,0,5.6781673542071,5.67790611986238,238.402507409533,56,0.6,1e-4,15,249.76961275595772
1680,0.0107352976133073,0,0,0,0,0,0,0,0,0,0,5.52491897058826,5.52466819115978,238.722115263697,57,0.6,1e-4,15,249.78243772305834
1710,0.0104540339488528,0,0,0,0,0,0,0,0,0,0,5.37958496178859,5.37934396297827,239.024848495778,58,0.6,1e-4,15,249.7942314544937
1740,0.0101869382758792,0,0,0,0,0,0,0,0,0,0,5.24157431132327,5.24134247783099,239.311997147834,59,0.6,1e-4,15,249.80510087526415
1770,0.00993297755254665,0,0,0,0,0,0,0,0,0,0,5.11035291142934,5.11012968051146,239.584723904405,60,0.6,1e-4,15,249.81513947389834
1800,0.00969121594786048,0,0,0,0,0,0,0,0,0,0,4.98543692515028,4.98522178101348,239.84407934838,61,0.6,1e-4,15,249.82442927049163
1830,0.00946080375142671,0,0,0,0,0,0,0,0,0,0,4.8663870501663,4.86617951907235,240.09101508464,62,0.6,1e-4,15,249.83304245763006
1860,0.00924096775789567,0,0,0,0,0,0,0,0,0,0,4.75280354550244,4.75260319147991,240.326395069959,63,0.6,1e-4,15,249.84104277469925
1890,0.00903100290363927,0,0,0,0,0,0,0,0,0,0,4.64432190601605,4.64412832709255,240.551005427817,64,0.6,1e-4,15,249.84848666382922
1920,0.00883026497053051,0,0,0,0,0,0,0,0,0,0,4.54060908888066,4.54042191376272,240.765562978522,65,0.6,1e-4,15,249.85542424613593
1950,0.00863816420215823,0,0,0,0,0,0,0,0,0,0,4.44136021204655,4.44117909718583,240.970722675957,66,0.6,1e-4,15,249.86190014939154
1980,0.00845415970277674,0,0,0,0,0,0,0,0,0,0,4.34629565757763,4.34612028457164,241.167084110517,67,0.6,1e-4,15,249.86795421236906
0,250,0,0,0,0,0,0,0,0,0,0,0,0,0,1,0.6,1e-4,16,250
30,250.000322400697,0,0,0,0,0,0,0,0,0,0,0,0,0,2,0.6,1e-4,16,250.000322400697
60,250.000090984018,0,0,0,0,0,0,0,0,0,0,0,0,0,3,0.6,1e-4,16,250.000090984018
90,250.000018876751,0,0,0,0,0,0,0,0,0,0,0,0,0,4,0.6,1e-4,16,250.000018876751
120,223.936445386138,0,0,0,0,0,0,0,0,0,0,29.9828987693828,29.9828987693828,0.00649922366872269,5,0.6,1e-4,16,283.9087421485723
150,161.29115607847,0,0,0,0,0,0,0,0,0,0,55.5954280667802,55.5945294211704,0.0221641830239975,6,0.6,1e-4,16,272.50327774944463
180,114.925514791487,0,0,0,0,0,0,0,0,0,0,66.7251778523362,66.7230815780019,0.0482082074665182,7,0.6,1e-4,16,248.42198242929163
210,80.438524968485,0,0,0,0,0,0,0,0,0,0,70.7153328783695,70.7122081556947,0.0912123317143671,8,0.6,1e-4,16,221.95727833426355
240,53.9921740136816,0,0,0,0,0,0,0,0,0,0,70.1046872589317,70.1008979637692,0.163054374123668,9,0.6,1e-4,16,194.36081361050617
270,33.9038126742164,0,0,0,0,0,0,0,0,0,0,65.8382112172711,65.8342073108568,0.28749752392528,10,0.6,1e-4,16,165.86372872626956
300,19.3748680168131,0,0,0,0,0,0,0,0,0,0,58.7681519855482,58.7644074233454,0.511539991434024,11,0.6,1e-4,16,137.41896741714072
330,9.78405528595665,0,0,0,0,0,0,0,0,0,0,50.1626339885904,50.1595416516936,0.928374451777252,12,0.6,1e-4,16,111.0346053780179
360,4.29303773194413,0,0,0,0,0,0,0,0,0,0,41.9384106496933,41.9361278462159,1.71749185712594,13,0.6,1e-4,16,89.88506808497928
390,1.72938767336424,0,0,0,0,0,0,0,0,0,0,36.4834611026124,36.481764999062,3.20279475242722,14,0.6,1e-4,16,77.89740852746587
420,0.777649834497653,0,0,0,0,0,0,0,0,0,0,35.635820966805,35.6341369979466,5.9391219738541,15,0.6,1e-4,16,77.98672977310335
450,0.432254133412829,0,0,0,0,0,0,0,0,0,0,39.1787549700086,39.1764849045182,10.8325076831733,16,0.6,1e-4,16,89.62000169111292
480,0.268408696398428,0,0,0,0,0,0,0,0,0,0,45.2996582141983,45.2964924128192,18.8836192357034,17,0.6,1e-4,16,109.74817855911932
510,0.174786345137272,0,0,0,0,0,0,0,0,0,0,52.0688840212221,52.0648551929063,30.2047163941924,18,0.6,1e-4,16,134.51324195345808
540,0.114014311365173,0,0,0,0,0,0,0,0,0,0,57.9159914783812,57.9113909253233,43.4728873343504,19,0.6,1e-4,16,159.41428404942008
570,0.0730104320365371,0,0,0,0,0,0,0,0,0,0,62.0738102623996,62.0690058141826,56.7019424583115,20,0.6,1e-4,16,180.91776896693023
600,0.0584176785417412,0,0,0,0,0,0,0,0,0,0,51.0060644927574,50.9997653530889,66.6101938858885,21,0.6,1e-4,16,168.67444141027656
630,0.0512960216936916,0,0,0,0,0,0,0,0,0,0,44.872671765239,44.8663253527723,100.299814676089,22,0.6,1e-4,16,190.090107815794
660,0.048742087455832,0,0,0,0,0,0,0,0,0,0,42.5692339181507,42.5634274543144,126.920219800477,23,0.6,1e-4,16,212.10162326039793
690,0.0435442063206863,0,0,0,0,0,0,0,0,0,0,38.0406656638202,38.0358300229603,149.544278355513,24,0.6,1e-4,16,225.6643182486142
720,0.0388243362772418,0,0,0,0,0,0,0,0,0,0,33.9057153608292,33.9017276942748,165.978158470519,25,0.6,1e-4,16,233.82442586190024
750,0.0345584124530328,0,0,0,0,0,0,0,0,0,0,30.1765845167043,30.1732887352874,178.344081655511,26,0.6,1e-4,16,238.7285133199557
780,0.0309265905248162,0,0,0,0,0,0,0,0,0,0,27.0007872731709,26.9980326130995,187.770940453643,27,0.6,1e-4,16,241.80068693043822
810,0.0278605910100301,0,0,0,0,0,0,0,0,0,0,24.3205050240783,24.318172874712,195.147290768756,28,0.6,1e-4,16,243.81382925855632
840,0.0252741616772818,0,0,0,0,0,0,0,0,0,0,22.0596416642976,22.0576420974306,201.047495031085,29,0.6,1e-4,16,245.19005295449048
870,0.0230806211311985,0,0,0,0,0,0,0,0,0,0,20.1423999122136,20.1406654373958,205.859940811758,30,0.6,1e-4,16,246.1660867824986
900,0.0212067474671243,0,0,0,0,0,0,0,0,0,0,18.5046809216533,18.5031605989839,209.851196891473,31,0.6,1e-4,16,246.88024515957733
930,0.0195932735289819,0,0,0,0,0,0,0,0,0,0,17.0946366728343,17.0932916293523,213.209285710414,32,0.6,1e-4,16,247.4168072861296
960,0.0181930946775368,0,0,0,0,0,0,0,0,0,0,15.8710639792504,15.8698641641771,216.070025820393,33,0.6,1e-4,16,247.82914705849802
990,0.0169689014190797,0,0,0,0,0,0,0,0,0,0,14.8013332029413,14.8002550767238,218.53368832411,34,0.6,1e-4,16,248.15224550519417
1020,0.0158910630039128,0,0,0,0,0,0,0,0,0,0,13.8595332290954,13.8585581158777,220.675745693013,35,0.6,1e-4,16,248.40972810099
1050,0.0149359109931078,0,0,0,0,0,0,0,0,0,0,13.0249688060127,13.0240817097226,222.553990282948,36,0.6,1e-4,16,248.6179767096764
1080,0.0140844036842584,0,0,0,0,0,0,0,0,0,0,12.2809915614689,12.2801803056522,224.21336055297,37,0.6,1e-4,16,248.78861682377536
1110,0.0133211031079523,0,0,0,0,0,0,0,0,0,0,11.6141048463025,11.6133594415409,225.689284236596,38,0.6,1e-4,16,248.93006962754734
1140,0.0126333949418226,0,0,0,0,0,0,0,0,0,0,11.0132812550899,11.0125934280069,227.0100396916,39,0.6,1e-4,16,249.04854776963865
1170,0.012010892854466,0,0,0,0,0,0,0,0,0,0,10.4694415740732,10.4688044123913,228.198453417505,40,0.6,1e-4,16,249.14871029682396
1200,0.0114449816652086,0,0,0,0,0,0,0,0,0,0,9.97505520391127,9.97446288584911,229.273140052989,41,0.6,1e-4,16,249.2341031244146
1230,0.010928464849706,0,0,0,0,0,0,0,0,0,0,9.52383187817447,9.52327946386709,230.249421481112,42,0.6,1e-4,16,249.30746128800325
1260,0.0104552906895246,0,0,0,0,0,0,0,0,0,0,9.11048218094935,9.1099654500035,231.140017241027,43,0.6,1e-4,16,249.3709201626694
1290,0.0100203379827792,0,0,0,0,0,0,0,0,0,0,8.7305301637662,8.73004548751201,231.955569545355,44,0.6,1e-4,16,249.426165534616
1320,0.00961924713712645,0,0,0,0,0,0,0,0,0,0,8.38016565576088,8.37970989587035,232.7050470562,45,0.6,1e-4,16,249.47454185496835
1350,0.0092482860731526,0,0,0,0,0,0,0,0,0,0,8.0561270179871,8.05569744532845,233.396058671456,46,0.6,1e-4,16,249.5171314208447
1380,0.00890424301501493,0,0,0,0,0,0,0,0,0,0,7.75560741089561,7.75520164006326,234.035099742752,47,0.6,1e-4,16,249.5548130367259
1410,0.00858434019449502,0,0,0,0,0,0,0,0,0,0,7.47617934967396,7.47579528576878,234.627747014108,48,0.6,1e-4,16,249.58830598974524
1440,0.00828616393501224,0,0,0,0,0,0,0,0,0,0,7.21573358235423,7.21536937741682,235.178814254132,49,0.6,1e-4,16,249.61820337783806
1470,0.00800760765210404,0,0,0,0,0,0,0,0,0,0,6.9724292616223,6.97208327873203,235.69247747814,50,0.6,1e-4,16,249.64499762614645
1500,0.00774682510641899,0,0,0,0,0,0,0,0,0,0,6.74465308065715,6.74432386416405,236.172376438081,51,0.6,1e-4,16,249.66910020800862
1530,0.0075021918465164,0,0,0,0,0,0,0,0,0,0,6.53098556922826,6.53067181992514,236.621697440695,52,0.6,1e-4,16,249.6908570216949
1560,0.0072722732338347,0,0,0,0,0,0,0,0,0,0,6.33017314429211,6.32987369859289,237.043241362922,53,0.6,1e-4,16,249.71056047904085
1590,0.00705579778886352,0,0,0,0,0,0,0,0,0,0,6.14110481251786,6.14081862490424,237.439479847518,54,0.6,1e-4,16,249.72845908272896
1620,0.00685163486335356,0,0,0,0,0,0,0,0,0,0,5.96279265461935,5.96251878277016,237.812601996892,55,0.6,1e-4,16,249.74476506914488
1650,0.00665877584848153,0,0,0,0,0,0,0,0,0,0,5.79435540071144,5.79409299284567,238.164553379819,56,0.6,1e-4,16,249.7596605492246
1680,0.00647631828809921,0,0,0,0,0,0,0,0,0,0,5.63500454512947,5.63475282918591,238.49706878169,57,0.6,1e-4,16,249.77330247429347
1710,0.00630345239053864,0,0,0,0,0,0,0,0,0,0,5.48403255787683,5.4837908322251,238.811699833625,58,0.6,1e-4,16,249.78582667611747
1740,0.00613944953011874,0,0,0,0,0,0,0,0,0,0,5.34080283526761,5.34057046070195,239.109838427191,59,0.6,1e-4,16,249.79735117269067
1770,0.00598365240665346,0,0,0,0,0,0,0,0,0,0,5.20474109979123,5.20451749260392,239.392736643086,60,0.6,1e-4,16,249.80797888788783
1800,0.00583546659253775,0,0,0,0,0,0,0,0,0,0,5.07532801279986,5.07511263876704,239.661523782317,61,0.6,1e-4,16,249.81779990047644
1830,0.00569435324590687,0,0,0,0,0,0,0,0,0,0,4.95209280638896,4.95188517553068,239.917220977858,62,0.6,1e-4,16,249.82689331302353
1860,0.00555982280761528,0,0,0,0,0,0,0,0,0,0,4.83460777515615,4.83440743715607,240.160753777046,63,0.6,1e-4,16,249.83532881216584
1890,0.00543142953142588,0,0,0,0,0,0,0,0,0,0,4.72248349618854,4.72229003637784,240.392963014887,64,0.6,1e-4,16,249.8431679769848
1920,0.00530876672243282,0,0,0,0,0,0,0,0,0,0,4.61536466803688,4.6151777038621304,240.614614242158,65,0.6,1e-4,16,249.85046538077947
1950,0.00519146257959574,0,0,0,0,0,0,0,0,0,0,4.51292647766526,4.51274565557318,240.826405926779,66,0.6,1e-4,16,249.85726952259702
1980,0.00507917655530385,0,0,0,0,0,0,0,0,0,0,4.41487141926197,4.41469641194442,241.02897661008,67,0.6,1e-4,16,249.8636236178417
0,250,0,0,0,0,0,0,0,0,0,0,0,0,0,1,0.6,1e-4,6,250
30,250.000322400697,0,0,0,0,0,0,0,0,0,0,0,0,0,2,0.6,1e-4,6,250.000322400697
60,250.000090984018,0,0,0,0,0,0,0,0,0,0,0,0,0,3,0.6,1e-4,6,250.000090984018
90,250.000018876751,0,0,0,0,0,0,0,0,0,0,0,0,0,4,0.6,1e-4,6,250.000018876751
120,223.936445386138,0,0,0,0,0,0,0,0,0,0,29.9828987693828,29.9828987693828,0.00649922366872269,5,0.6,1e-4,6,283.9087421485723
150,161.29115607847,0,0,0,0,0,0,0,0,0,0,55.5954280667802,55.5945294211704,0.0221641830239975,6,0.6,1e-4,6,272.50327774944463
180,114.925514791487,0,0,0,0,0,0,0,0,0,0,66.7251778523362,66.7230815780019,0.0482082074665182,7,0.6,1e-4,6,248.42198242929163
210,80.438524968485,0,0,0,0,0,0,0,0,0,0,70.7153328783695,70.7122081556947,0.0912123317143671,8,0.6,1e-4,6,221.95727833426355
240,53.9921740136816,0,0,0,0,0,0,0,0,0,0,70.1046872589317,70.1008979637692,0.163054374123668,9,0.6,1e-4,6,194.36081361050617
270,33.9038126742164,0,0,0,0,0,0,0,0,0,0,65.8382112172711,65.8342073108568,0.28749752392528,10,0.6,1e-4,6,165.86372872626956
300,25.5738854378443,0,0,0,0,0,0,0,0,0,0,45.5921934421246,45.5869438255078,0.469862747263251,11,0.6,1e-4,6,117.22288545273994
330,26.148063404718,0,0,0,0,0,0,0,0,0,0,42.4282005122882,42.4217280181431,1.29206538189122,12,0.6,1e-4,6,112.29005731704052
360,30.2454469220255,0,0,0,0,0,0,0,0,0,0,43.3605268982714,43.353622835031,3.26313490432979,13,0.6,1e-4,6,120.22273155965769
390,35.8734197681495,0,0,0,0,0,0,0,0,0,0,45.0786646040979,45.0715854356541,8.09211218750743,14,0.6,1e-4,6,134.11578199540892
420,42.4889986476095,0,0,0,0,0,0,0,0,0,0,46.3663370872354,46.3592531867087,17.7241183566567,15,0.6,1e-4,6,152.9387072782103
450,48.8404275100462,0,0,0,0,0,0,0,0,0,0,46.05328450811,46.0465224160549,33.6470277109878,16,0.6,1e-4,6,174.5872621451989
480,53.4646749043646,0,0,0,0,0,0,0,0,0,0,43.6351453075721,43.6290727463296,54.7418318499842,17,0.6,1e-4,6,195.4707248082505
510,55.5981741476332,0,0,0,0,0,0,0,0,0,0,39.5863437087003,39.5811893695908,77.7281373904739,18,0.6,1e-4,6,212.4938446163982
540,55.5254524351748,0,0,0,0,0,0,0,0,0,0,34.894205323135,34.8899871359623,99.4185115588998,19,0.6,1e-4,6,224.7281564531719
570,54.0336226711079,0,0,0,0,0,0,0,0,0,0,30.3471099539602,30.3437075239854,118.165438186702,20,0.6,1e-4,6,232.8898783357555
600,51.8439664711999,0,0,0,0,0,0,0,0,0,0,26.3233374422826,26.3205894050809,133.682252708372,21,0.6,1e-4,6,238.1701460269354
630,49.4264170535995,0,0,0,0,0,0,0,0,0,0,22.9132741562779,22.9110327447134,146.334846305764,22,0.6,1e-4,6,241.58557026035479
660,47.0334754082564,0,0,0,0,0,0,0,0,0,0,20.0728599244022,20.0710073825453,156.656597576668,23,0.6,1e-4,6,243.8339402918719
690,44.7816459946189,0,0,0,0,0,0,0,0,0,0,17.7155068532381,17.7139543432065,165.141753008665,24,0.6,1e-4,6,245.3528601997285
720,42.7139640535478,0,0,0,0,0,0,0,0,0,0,15.7526194635553,15.7513011006763,172.190532266249,25,0.6,1e-4,6,246.40841688402838
750,40.8372386658865,0,0,0,0,0,0,0,0,0,0,14.1074171555548,14.1062840455603,178.111484695492,26,0.6,1e-4,6,247.1624245624936
780,39.1418971707439,0,0,0,0,0,0,0,0,0,0,12.7175052001529,12.7165207336674,183.138943476015,27,0.6,1e-4,6,247.71486658057918
810,37.6119638681012,0,0,0,0,0,0,0,0,0,0,11.5334919252479,11.5326283491487,187.45088126217,28,0.6,1e-4,6,248.12896540466778
840,36.2298624374179,0,0,0,0,0,0,0,0,0,0,10.5166229887665,10.5158589764831,191.183384907805,29,0.6,1e-4,6,248.4457293104725
870,34.9786025846975,0,0,0,0,0,0,0,0,0,0,9.63649673897226,9.63581567849467,194.441524391852,30,0.6,1e-4,6,248.69243939401642
900,33.8426741557818,0,0,0,0,0,0,0,0,0,0,8.86916315250381,8.86855193454056,197.30729580443,31,0.6,1e-4,6,248.88768504725618
930,32.8083176879812,0,0,0,0,0,0,0,0,0,0,8.19563237935676,8.19508053135642,199.845386767653,32,0.6,1e-4,6,249.04441736634737
960,31.8635061449496,0,0,0,0,0,0,0,0,0,0,7.60073372035424,7.60023278041098,202.107371812683,33,0.6,1e-4,6,249.17184445839783
990,30.9978038809988,0,0,0,0,0,0,0,0,0,0,7.07225103381905,7.07179409232991,204.134786513699,34,0.6,1e-4,6,249.27663552084675
1020,30.2021839095923,0,0,0,0,0,0,0,0,0,0,6.60026864982616,6.59985000971922,205.961400396551,35,0.6,1e-4,6,249.36370296568867
1050,29.4688417675302,0,0,0,0,0,0,0,0,0,0,6.17667518768348,6.17629010944787,207.614914096607,36,0.6,1e-4,6,249.43672116126857
1080,28.7910228052033,0,0,0,0,0,0,0,0,0,0,5.79478522859803,5.79442973669885,209.11823945186,37,0.6,1e-4,6,249.49847722236018
1110,28.1628691005201,0,0,0,0,0,0,0,0,0,0,5.44904899692248,5.4487197311831,210.490474694129,38,0.6,1e-4,6,249.5511125227547
1140,27.5792870761833,0,0,0,0,0,0,0,0,0,0,5.13482799879458,5.13452209910156,211.74765458054,39,0.6,1e-4,6,249.59629175461944
1170,27.0358345847543,0,0,0,0,0,0,0,0,0,0,4.84822035754101,4.84793537351722,212.903332784015,40,0.6,1e-4,6,249.63532309982753
1200,26.5286253196031,0,0,0,0,0,0,0,0,0,0,4.58592383192982,4.58565765151308,213.969038068531,41,0.6,1e-4,6,249.669244871577
1230,26.054248193594,0,0,0,0,0,0,0,0,0,0,4.34512760374145,4.34487839622186,214.954634614934,42,0.6,1e-4,6,249.69888880849132
1260,25.6096994311849,0,0,0,0,0,0,0,0,0,0,4.12342618495609,4.12319235517498,215.868608909158,43,0.6,1e-4,6,249.724926880474
1290,25.1923253549624,0,0,0,0,0,0,0,0,0,0,3.91875045266975,3.91853060391232,216.718299884968,44,0.6,1e-4,6,249.74790629651247
1320,24.7997741206719,0,0,0,0,0,0,0,0,0,0,3.72931203944463,3.72910494316067,217.510084863217,45,0.6,1e-4,6,249.7682759664942
1350,24.4299549210529,0,0,0,0,0,0,0,0,0,0,3.55355820900998,3.55336277993979,218.249530791518,46,0.6,1e-4,6,249.78640670152066
1380,24.0810034192439,0,0,0,0,0,0,0,0,0,0,3.39013501875494,3.38995029436635,218.941518044836,47,0.6,1e-4,6,249.80260677720116
1410,23.7512523810116,0,0,0,0,0,0,0,0,0,0,3.23785707349968,3.23768219688738,219.590342376968,48,0.6,1e-4,6,249.81713402836667
1440,23.4392066516429,0,0,0,0,0,0,0,0,0,0,3.09568255433841,3.09551675992295,220.199799358853,49,0.6,1e-4,6,249.83020532475726
1470,23.1435217707952,0,0,0,0,0,0,0,0,0,0,2.96269249423381,2.96253509573806,220.773254690784,50,0.6,1e-4,6,249.84200405155107
1500,22.8629856407128,0,0,0,0,0,0,0,0,0,0,2.8380734919585,2.83792387224837,221.313703052414,51,0.6,1e-4,6,249.85268605733367
1530,22.5965027638388,0,0,0,0,0,0,0,0,0,0,2.72110322504321,2.72096082750281,221.823817599203,52,0.6,1e-4,6,249.86238441558783
1560,22.3430806485594,0,0,0,0,0,0,0,0,0,0,2.61113825316896,2.61100257434531,222.3059917847,53,0.6,1e-4,6,249.8712132607737
1590,22.1018180497386,0,0,0,0,0,0,0,0,0,0,2.50760370521103,2.50747428851489,222.762374854121,54,0.6,1e-4,6,249.8792708975855
1620,21.8718947664964,0,0,0,0,0,0,0,0,0,0,2.40998452280332,2.40986095309239,223.194902093146,55,0.6,1e-4,6,249.8866423355381
1650,21.6525627655485,0,0,0,0,0,0,0,0,0,0,2.31781799599683,2.31769989489988,223.605320709895,56,0.6,1e-4,6,249.8934013663402
1680,21.4431384362078,0,0,0,0,0,0,0,0,0,0,2.23068737621464,2.23057439808049,223.995212064807,57,0.6,1e-4,6,249.89961227530992
1710,21.242995814311598,0,0,0,0,0,0,0,0,0,0,2.14821639119014,2.14810821956546,224.366010833154,58,0.6,1e-4,6,249.9053312582212
1740,21.0515606381162,0,0,0,0,0,0,0,0,0,0,2.07006451814798,2.0699608627049,224.719021580784,59,0.6,1e-4,6,249.91060759975306
1770,20.8683051205655,0,0,0,0,0,0,0,0,0,0,1.99592289685761,1.99582349070508,225.055433149898,60,0.6,1e-4,6,249.91548465802617
1800,20.6927433400985,0,0,0,0,0,0,0,0,0,0,1.92551078467051,1.92541538199425,225.376331183838,61,0.6,1e-4,6,249.92000069060126
1830,20.5244271669593,0,0,0,0,0,0,0,0,0,0,1.85857247226135,1.85848084624631,225.682709064834,62,0.6,1e-4,6,249.92418955030095
1860,20.3629426543327,0,0,0,0,0,0,0,0,0,0,1.79487459232228,1.79478653331857,225.975477493637,63,0.6,1e-4,6,249.92808127361053
1890,20.2079068339931,0,0,0,0,0,0,0,0,0,0,1.73420376452373,1.73411907842333,226.25547290317,64,0.6,1e-4,6,249.93170258011014
1920,20.0589648648505,0,0,0,0,0,0,0,0,0,0,1.67636452914263,1.67628303593881,226.523464867943,65,0.6,1e-4,6,249.93507729787495
1950,19.9157874901138,0,0,0,0,0,0,0,0,0,0,1.62117752924971,1.6210990617555,226.780162645928,66,0.6,1e-4,6,249.938226727047
1980,19.7780687649776,0,0,0,0,0,0,0,0,0,0,1.56847790754692,1.56840231025247,227.026220968818,67,0.6,1e-4,6,249.941169951595
0,250,0,0,0,0,0,0,0,0,0,0,0,0,0,1,0.6,1e-4,7,250
30,250.000322400697,0,0,0,0,0,0,0,0,0,0,0,0,0,2,0.6,1e-4,7,250.000322400697
60,250.000090984018,0,0,0,0,0,0,0,0,0,0,0,0,0,3,0.6,1e-4,7,250.000090984018
90,250.000018876751,0,0,0,0,0,0,0,0,0,0,0,0,0,4,0.6,1e-4,7,250.000018876751
120,223.936445386138,0,0,0,0,0,0,0,0,0,0,29.9828987693828,29.9828987693828,0.00649922366872269,5,0.6,1e-4,7,283.9087421485723
150,161.29115607847,0,0,0,0,0,0,0,0,0,0,55.5954280667802,55.5945294211704,0.0221641830239975,6,0.6,1e-4,7,272.50327774944463
180,114.925514791487,0,0,0,0,0,0,0,0,0,0,66.7251778523362,66.7230815780019,0.0482082074665182,7,0.6,1e-4,7,248.42198242929163
210,80.438524968485,0,0,0,0,0,0,0,0,0,0,70.7153328783695,70.7122081556947,0.0912123317143671,8,0.6,1e-4,7,221.95727833426355
240,53.9921740136816,0,0,0,0,0,0,0,0,0,0,70.1046872589317,70.1008979637692,0.163054374123668,9,0.6,1e-4,7,194.36081361050617
270,33.9038126742164,0,0,0,0,0,0,0,0,0,0,65.8382112172711,65.8342073108568,0.28749752392528,10,0.6,1e-4,7,165.86372872626956
300,19.3748680168131,0,0,0,0,0,0,0,0,0,0,58.7681519855482,58.7644074233454,0.511539991434024,11,0.6,1e-4,7,137.41896741714072
330,13.5213764703448,0,0,0,0,0,0,0,0,0,0,36.9689166401963,36.964310374493,0.847941115616465,12,0.6,1e-4,7,88.30254460065056
360,13.0953546780779,0,0,0,0,0,0,0,0,0,0,34.1146282048161,34.1090808620116,2.6827658242973502,13,0.6,1e-4,7,84.00182956920295
390,15.330551552163,0,0,0,0,0,0,0,0,0,0,36.569092640542,36.562882668151,7.48024683335269,14,0.6,1e-4,7,95.9427736942087
420,18.6605149782748,0,0,0,0,0,0,0,0,0,0,40.8680217814268,40.8611655540452,19.7840996519014,15,0.6,1e-4,7,120.1738019656482
450,22.0734736310866,0,0,0,0,0,0,0,0,0,0,44.4725989420633,44.465368279945,41.7366076415712,16,0.6,1e-4,7,152.74804849466608
480,23.9635502374938,0,0,0,0,0,0,0,0,0,0,44.7421156329477,44.7352134240217,70.4389071348769,17,0.6,1e-4,7,183.8797864293401
510,23.9888786020684,0,0,0,0,0,0,0,0,0,0,41.9602004880585,41.9541735454102,99.2973282006892,18,0.6,1e-4,7,207.2005808362263
540,22.8238612201992,0,0,0,0,0,0,0,0,0,0,37.7915037000697,37.7864995552552,124.001769932813,19,0.6,1e-4,7,222.4036344083371
570,21.1660538052236,0,0,0,0,0,0,0,0,0,0,33.4711601040931,33.4670765661199,143.65045422102,20,0.6,1e-4,7,231.7547446964566
600,19.4379658254283,0,0,0,0,0,0,0,0,0,0,29.5622024410266,29.5588631888568,158.91975310651,21,0.6,1e-4,7,237.4787845618217
630,17.8227891952908,0,0,0,0,0,0,0,0,0,0,26.2100791999925,26.2073191813778,170.824276175375,22,0.6,1e-4,7,241.0644637520361
660,16.379858850023,0,0,0,0,0,0,0,0,0,0,23.3905873832012,23.3882750264206,180.231638805635,23,0.6,1e-4,7,243.3903600652798
690,15.1137031166402,0,0,0,0,0,0,0,0,0,0,21.0274720829589,21.0255080850072,187.789539536285,24,0.6,1e-4,7,244.9562228208913
720,14.0086557296227,0,0,0,0,0,0,0,0,0,0,19.0396867932862,19.0379972422282,193.961647285794,25,0.6,1e-4,7,246.04798705093108
750,13.0436229418867,0,0,0,0,0,0,0,0,0,0,17.3563100119119,17.3548397232546,199.078613817703,26,0.6,1e-4,7,246.8333864947562
780,12.1979123927748,0,0,0,0,0,0,0,0,0,0,15.9194113047839,15.9181186483067,203.378612190079,27,0.6,1e-4,7,247.4140545359444
810,11.4531968475092,0,0,0,0,0,0,0,0,0,0,14.682896089011,14.6817492459648,207.035835728711,28,0.6,1e-4,7,247.853677911196
840,10.7939194560655,0,0,0,0,0,0,0,0,0,0,13.6103854982818,13.6093598119389,210.179797906239,29,0.6,1e-4,7,248.19346267252521
870,10.2071154102794,0,0,0,0,0,0,0,0,0,0,12.6731568424048,12.6722329465608,212.908357481093,30,0.6,1e-4,7,248.46086268033798
900,9.68205488217981,0,0,0,0,0,0,0,0,0,0,11.8484274056235,11.8475898937251,215.296586508507,31,0.6,1e-4,7,248.67465869003541
930,9.20986708664853,0,0,0,0,0,0,0,0,0,0,11.1180051611433,11.1172416297114,217.402891877236,32,0.6,1e-4,7,248.8480057547392
960,8.78320263866765,0,0,0,0,0,0,0,0,0,0,10.4672531619083,10.4665535144794,219.273306218856,33,0.6,1e-4,7,248.99031553391134
990,8.39594919195317,0,0,0,0,0,0,0,0,0,0,9.88430153337722,9.88365746751139,220.944542430784,34,0.6,1e-4,7,249.10845062362577
1020,8.04299900229247,0,0,0,0,0,0,0,0,0,0,9.35944842978232,9.35885305419616,222.446200743993,35,0.6,1e-4,7,249.20750123026394
1050,7.72006158312922,0,0,0,0,0,0,0,0,0,0,8.884703198588,8.88415074391404,223.802386164615,36,0.6,1e-4,7,249.29130169024626
1080,7.4235135780486,0,0,0,0,0,0,0,0,0,0,8.453436117565,8.45292171530386,225.032909652505,37,0.6,1e-4,7,249.36278106342246
1110,7.15027859902407,0,0,0,0,0,0,0,0,0,0,8.06010808080169,8.05962759253872,226.154191304886,38,0.6,1e-4,7,249.4242055772505
1140,6.89773090438509,0,0,0,0,0,0,0,0,0,0,7.70006049734498,7.69961038144431,227.179947380602,39,0.6,1e-4,7,249.47734916377635
1170,6.66361794713067,0,0,0,0,0,0,0,0,0,0,7.36935079096951,7.36892799751793,228.121718569257,40,0.6,1e-4,7,249.52361530487514
1200,6.44599784450999,0,0,0,0,0,0,0,0,0,0,7.06462265833402,7.06422454560075,228.98928029881,41,0.6,1e-4,7,249.56412534725476
1230,6.24318866244128,0,0,0,0,0,0,0,0,0,0,6.78300300365997,6.7826272711045,229.790964430002,42,0.6,1e-4,7,249.59978336720775
1260,6.05372708178465,0,0,0,0,0,0,0,0,0,0,6.52201949182442,6.52166412594927,230.533913698688,43,0.6,1e-4,7,249.63132439824633
1290,5.87633454255911,0,0,0,0,0,0,0,0,0,0,6.27953414997278,6.27919738023373,231.224284624907,44,0.6,1e-4,7,249.6593506976726
1320,5.70988937426848,0,0,0,0,0,0,0,0,0,0,6.05368954737504,6.05336981003087,231.867410575601,45,0.6,1e-4,7,249.6843593072754
1350,5.55340374026631,0,0,0,0,0,0,0,0,0,0,5.84286490035973,5.842560808638,232.467933755111,46,0.6,1e-4,7,249.70676320437505
1380,5.40600447206622,0,0,0,0,0,0,0,0,0,0,5.64564006011133,5.64535037943518,233.029912771457,47,0.6,1e-4,7,249.72690768306973
1410,5.26691706205286,0,0,0,0,0,0,0,0,0,0,5.46076580087252,5.46048942817102,233.556910859232,48,0.6,1e-4,7,249.7450831503284
1440,5.13545223293871,0,0,0,0,0,0,0,0,0,0,5.28713917433739,5.28687512067187,234.052068674063,49,0.6,1e-4,7,249.76153520201098
1470,5.01099461938227,0,0,0,0,0,0,0,0,0,0,5.12378296152298,5.12353033742267,234.518164698634,50,0.6,1e-4,7,249.7764726169619
1500,4.8929931889719,0,0,0,0,0,0,0,0,0,0,4.96982845712811,4.96958646015234,234.957665638125,51,0.6,1e-4,7,249.79007374437737
1530,4.78095310204664,0,0,0,0,0,0,0,0,0,0,4.82450097869153,4.8242688828317,235.372768677966,52,0.6,1e-4,7,249.80249164153588
1560,4.67442876696972,0,0,0,0,0,0,0,0,0,0,4.68710761506613,4.68688476167589,235.765437088727,53,0.6,1e-4,7,249.81385823243875
1590,4.5730178928584,0,0,0,0,0,0,0,0,0,0,4.5570268242312,4.55681261423221,236.137430362699,54,0.6,1e-4,7,249.82428769402082
1620,4.47635637798386,0,0,0,0,0,0,0,0,0,0,4.43369956553032,4.43349345268789,236.49032983275,55,0.6,1e-4,7,249.83387922895207
1650,4.38411390107291,0,0,0,0,0,0,0,0,0,0,4.31662171075457,4.31642319585451,236.825560540626,56,0.6,1e-4,7,249.84271934830798
1680,4.2959901060983,0,0,0,0,0,0,0,0,0,0,4.20533752563529,4.20514615142323,237.144409977093,57,0.6,1e-4,7,249.85088376024981
1710,4.21171129002459,0,0,0,0,0,0,0,0,0,0,4.09943405096683,4.09924939773521,237.448044201555,58,0.6,1e-4,7,249.85843894028164
1740,4.13102751830197,0,0,0,0,0,0,0,0,0,0,3.99853624280652,3.99835792453389,237.737521757084,59,0.6,1e-4,7,249.8654434427264
1770,4.0537101053936,0,0,0,0,0,0,0,0,0,0,3.90230275557789,3.90213041654088,238.013805723363,60,0.6,1e-4,7,249.87194900087536
1800,3.97954940784516,0,0,0,0,0,0,0,0,0,0,3.81042227165701,3.81025558344837,238.277774190736,61,0.6,1e-4,7,249.87800145368655
1830,3.90835288580613,0,0,0,0,0,0,0,0,0,0,3.7226102970992,3.7224489559958,238.530229390596,62,0.6,1e-4,7,249.8836415294971
1860,3.83994339583922,0,0,0,0,0,0,0,0,0,0,3.63860635630381,3.63845008093711,238.771905678233,63,0.6,1e-4,7,249.88890551131314
1890,3.77415768358943,0,0,0,0,0,0,0,0,0,0,3.55817152919994,3.55802005848895,239.003476532356,64,0.6,1e-4,7,249.89382580363431
1920,3.71084504964723,0,0,0,0,0,0,0,0,0,0,3.48108628342269,3.48093937473524,239.225560709247,65,0.6,1e-4,7,249.89843141705217
1950,3.64986616591187,0,0,0,0,0,0,0,0,0,0,3.40714856130032,3.40700598881342,239.438727667927,66,0.6,1e-4,7,249.9027483839526
1980,3.59109202308177,0,0,0,0,0,0,0,0,0,0,3.33617208757506,3.33603364080947,239.643502364754,67,0.6,1e-4,7,249.9068001162203
0,250,0,0,0,0,0,0,0,0,0,0,0,0,0,1,0.6,1e-4,8,250
30,250.000322400697,0,0,0,0,0,0,0,0,0,0,0,0,0,2,0.6,1e-4,8,250.000322400697
60,250.000090984018,0,0,0,0,0,0,0,0,0,0,0,0,0,3,0.6,1e-4,8,250.000090984018
90,250.000018876751,0,0,0,0,0,0,0,0,0,0,0,0,0,4,0.6,1e-4,8,250.000018876751
120,223.936445386138,0,0,0,0,0,0,0,0,0,0,29.9828987693828,29.9828987693828,0.00649922366872269,5,0.6,1e-4,8,283.9087421485723
150,161.29115607847,0,0,0,0,0,0,0,0,0,0,55.5954280667802,55.5945294211704,0.0221641830239975,6,0.6,1e-4,8,272.50327774944463
180,114.925514791487,0,0,0,0,0,0,0,0,0,0,66.7251778523362,66.7230815780019,0.0482082074665182,7,0.6,1e-4,8,248.42198242929163
210,80.438524968485,0,0,0,0,0,0,0,0,0,0,70.7153328783695,70.7122081556947,0.0912123317143671,8,0.6,1e-4,8,221.95727833426355
240,53.9921740136816,0,0,0,0,0,0,0,0,0,0,70.1046872589317,70.1008979637692,0.163054374123668,9,0.6,1e-4,8,194.36081361050617
270,33.9038126742164,0,0,0,0,0,0,0,0,0,0,65.8382112172711,65.8342073108568,0.28749752392528,10,0.6,1e-4,8,165.86372872626956
300,19.3748680168131,0,0,0,0,0,0,0,0,0,0,58.7681519855482,58.7644074233454,0.511539991434024,11,0.6,1e-4,8,137.41896741714072
330,9.78405528595665,0,0,0,0,0,0,0,0,0,0,50.1626339885904,50.1595416516936,0.928374451777252,12,0.6,1e-4,8,111.0346053780179
360,6.2509091762815,0,0,0,0,0,0,0,0,0,0,27.7381592756562,27.7344941859986,1.52309054546833,13,0.6,1e-4,8,63.24665318340463
390,6.00957115503586,0,0,0,0,0,0,0,0,0,0,26.6125634109033,26.6080001358733,5.57068338235873,14,0.6,1e-4,8,64.80081808417118
420,8.07148036469827,0,0,0,0,0,0,0,0,0,0,33.6028196787211,33.5968310381996,16.2919165126579,15,0.6,1e-4,8,91.56304759427687
450,10.3624786238095,0,0,0,0,0,0,0,0,0,0,41.1173995195585,41.1102285383759,40.6738734397688,16,0.6,1e-4,8,133.2639801215127
480,11.647151064252,0,0,0,0,0,0,0,0,0,0,44.3508705877272,44.3435213578923,73.4105732230671,17,0.6,1e-4,8,173.7521162329386
510,11.6663330821834,0,0,0,0,0,0,0,0,0,0,42.9264384239061,42.9198425186003,105.153280880565,18,0.6,1e-4,8,202.6658949052548
540,10.9243274274276,0,0,0,0,0,0,0,0,0,0,39.1123731015129,39.1068615704644,131.208149680489,19,0.6,1e-4,8,220.3517117798939
570,9.95805150866873,0,0,0,0,0,0,0,0,0,0,34.8665920514145,34.8620870952621,151.045566212063,20,0.6,1e-4,8,230.7322968674083
600,8.99745758388494,0,0,0,0,0,0,0,0,0,0,30.927010493135,30.923325538186,166.035515672982,21,0.6,1e-4,8,236.88330928818795
630,8.13284023802518,0,0,0,0,0,0,0,0,0,0,27.5219250216083,27.5188782345045,177.491030173077,22,0.6,1e-4,8,240.664673667215
660,7.38132436961484,0,0,0,0,0,0,0,0,0,0,24.6449145305859,24.6423607478765,186.424411654456,23,0.6,1e-4,8,243.09301130253326
690,6.73575755185006,0,0,0,0,0,0,0,0,0,0,22.226020394785,22.223850174488,193.534764408999,24,0.6,1e-4,8,244.72039253012207
720,6.18175959044139,0,0,0,0,0,0,0,0,0,0,20.1856827463554,20.1838147605533,199.302125709487,25,0.6,1e-4,8,245.8533828068371
750,5.70459420621096,0,0,0,0,0,0,0,0,0,0,18.4533309911327,18.4517045716842,204.059009970937,26,0.6,1e-4,8,246.66863973996487
780,5.29125161290517,0,0,0,0,0,0,0,0,0,0,16.9709691385235,16.9695385333544,208.040330613531,27,0.6,1e-4,8,247.27208989831408
810,4.93087655855807,0,0,0,0,0,0,0,0,0,0,15.6923064051383,15.6910366421312,211.415504275413,28,0.6,1e-4,8,247.72972388124057
840,4.61460953297504,0,0,0,0,0,0,0,0,0,0,14.5807230658002,14.5795870353436,214.309188802221,29,0.6,1e-4,8,248.08410843633985
870,4.33527356499431,0,0,0,0,0,0,0,0,0,0,13.607247142441,13.6062235411303,216.814821623588,30,0.6,1e-4,8,248.3635658721536
900,4.08705632464537,0,0,0,0,0,0,0,0,0,0,12.7488537115238,12.747925581777,219.003629655716,31,0.6,1e-4,8,248.58746527366216
930,3.86523490126799,0,0,0,0,0,0,0,0,0,0,11.9871228349255,11.9862765160268,220.930744412094,32,0.6,1e-4,8,248.76937866431427
960,3.66595165337372,0,0,0,0,0,0,0,0,0,0,11.3072070191967,11.3064313842073,222.639433501919,33,0.6,1e-4,8,248.91902355869672
990,3.48603647223622,0,0,0,0,0,0,0,0,0,0,10.6970440898685,10.6963299832134,224.164082414081,34,0.6,1e-4,8,249.04349295939912
1020,3.32286740920752,0,0,0,0,0,0,0,0,0,0,10.1467578292923,10.1460976469121,225.532331464724,35,0.6,1e-4,8,249.1480543501359
1050,3.17426173863526,0,0,0,0,0,0,0,0,0,0,9.64820018237288,9.64758755443202,226.766631356759,36,0.6,1e-4,8,249.23668083219917
1080,3.03839071920068,0,0,0,0,0,0,0,0,0,0,9.19459972294809,9.19402927124239,227.885391938406,37,0.6,1e-4,8,249.31241165179716
1110,2.91371266635728,0,0,0,0,0,0,0,0,0,0,8.78028995219563,8.77975710263175,228.903841882356,38,0.6,1e-4,8,249.37760160354065
1140,2.79892014819941,0,0,0,0,0,0,0,0,0,0,8.40049780679496,8.39999864294347,229.834679968227,39,0.6,1e-4,8,249.43409656616484
1170,2.6928980921755,0,0,0,0,0,0,0,0,0,0,8.05117782936283,8.05070897698416,230.688574115335,40,0.6,1e-4,8,249.4833590138575
1200,2.59469035081468,0,0,0,0,0,0,0,0,0,0,7.72888119152772,7.72843972669797,231.474547798685,41,0.6,1e-4,8,249.52655906772537
1230,2.50347285645483,0,0,0,0,0,0,0,0,0,0,7.43065150199223,7.43023487738846,232.200282198251,42,0.6,1e-4,8,249.5646414340865
1260,2.4185319358329598,0,0,0,0,0,0,0,0,0,0,7.15394134440528,7.15354732969328,232.872354614114,43,0.6,1e-4,8,249.5983752240455
1290,2.33924668836845,0,0,0,0,0,0,0,0,0,0,6.89654497159897,6.89617160486853,233.496428191549,44,0.6,1e-4,8,249.62839145638495
1320,2.26507458349941,0,0,0,0,0,0,0,0,0,0,6.65654367888954,6.6561892268153,234.077404099085,45,0.6,1e-4,8,249.65521158828923
1350,2.19553962288723,0,0,0,0,0,0,0,0,0,0,6.43226119463776,6.43192411958462,234.619544497409,46,0.6,1e-4,8,249.67926943451863
1380,2.13022255804652,0,0,0,0,0,0,0,0,0,0,6.222227036721,6.22190596941709,235.126572597819,47,0.6,1e-4,8,249.7009281620036
1410,2.06875276445177,0,0,0,0,0,0,0,0,0,0,6.02514624348552,6.02483996018944,235.601754611322,48,0.6,1e-4,8,249.72049357944874
1440,2.01080145794351,0,0,0,0,0,0,0,0,0,0,5.83987423651172,5.83958163983102,236.047967278958,49,0.6,1e-4,8,249.73822461324426
1470,1.95607600463551,0,0,0,0,0,0,0,0,0,0,5.66539583872284,5.665115941417,236.467753842921,50,0.6,1e-4,8,249.75434162769636
1500,1.90431512621783,0,0,0,0,0,0,0,0,0,0,5.50080767585023,5.50053958708765,236.863370690845,51,0.6,1e-4,8,249.7690330800007
1530,1.85528484207158,0,0,0,0,0,0,0,0,0,0,5.3453033473328,5.34504626097606,237.236826428424,52,0.6,1e-4,8,249.78246087880444
1560,1.80877502058646,0,0,0,0,0,0,0,0,0,0,5.19816087565548,5.19791406023231,237.589914769552,53,0.6,1e-4,8,249.79476472602624
1590,1.76459643648022,0,0,0,0,0,0,0,0,0,0,5.0587320393037,5.05849482938547,237.924242350631,54,0.6,1e-4,8,249.80606565580038
1620,1.72257825025045,0,0,0,0,0,0,0,0,0,0,4.92643327017949,4.92620505894067,238.241252355848,55,0.6,1e-4,8,249.8164689352186
1650,1.68256584127892,0,0,0,0,0,0,0,0,0,0,4.80073785619309,4.80051808896588,238.542244668191,56,0.6,1e-4,8,249.8260664546289
1680,1.64441893842004,0,0,0,0,0,0,0,0,0,0,4.68116923736342,4.68095740603464,238.828393125466,57,0.6,1e-4,8,249.8349387072841
1710,1.60801000180105,0,0,0,0,0,0,0,0,0,0,4.56729522183267,4.56709085995641,239.100760353158,58,0.6,1e-4,8,249.84315643674813
1740,1.57322281755344,0,0,0,0,0,0,0,0,0,0,4.45872297879032,4.45852565731099,239.360310560437,59,0.6,1e-4,8,249.85078201409175
1770,1.53995127367728,0,0,0,0,0,0,0,0,0,0,4.35509468999659,4.35490401349475,239.607920617026,60,0.6,1e-4,8,249.85787059419462
1800,1.5080982905217999,0,0,0,0,0,0,0,0,0,0,4.25608376162409,4.25589936501136,239.844389673461,61,0.6,1e-4,8,249.86447109061825
1830,1.47757488368614,0,0,0,0,0,0,0,0,0,0,4.16139151445119,4.1612130600523,240.070447542578,62,0.6,1e-4,8,249.87062700076763
1860,1.44829934069283,0,0,0,0,0,0,0,0,0,0,4.0707442837881,4.07057145875778,240.28676202372301,63,0.6,1e-4,8,249.8763771069617
1890,1.42019649571389,0,0,0,0,0,0,0,0,0,0,3.98389087148013,3.98372338551053,240.493945321535,64,0.6,1e-4,8,249.88175607423955
1920,1.39319708905127,0,0,0,0,0,0,0,0,0,0,3.90060030137466,3.90043788465556,240.692559686795,65,0.6,1e-4,8,249.8867949618765
1950,1.36723720008648,0,0,0,0,0,0,0,0,0,0,3.82065983712297,3.82050223852253,240.883122386767,66,0.6,1e-4,8,249.891521662499
1980,1.34225774409175,0,0,0,0,0,0,0,0,0,0,3.74387322740762,3.7437202128461,241.066110095928,67,0.6,1e-4,8,249.89596128027347
0,250,0,0,0,0,0,0,0,0,0,0,0,0,0,1,0.6,1e-4,9,250
30,250.000322400697,0,0,0,0,0,0,0,0,0,0,0,0,0,2,0.6,1e-4,9,250.000322400697
60,250.000090984018,0,0,0,0,0,0,0,0,0,0,0,0,0,3,0.6,1e-4,9,250.000090984018
90,250.000018876751,0,0,0,0,0,0,0,0,0,0,0,0,0,4,0.6,1e-4,9,250.000018876751
120,223.936445386138,0,0,0,0,0,0,0,0,0,0,29.9828987693828,29.9828987693828,0.00649922366872269,5,0.6,1e-4,9,283.9087421485723
150,161.29115607847,0,0,0,0,0,0,0,0,0,0,55.5954280667802,55.5945294211704,0.0221641830239975,6,0.6,1e-4,9,272.50327774944463
180,114.925514791487,0,0,0,0,0,0,0,0,0,0,66.7251778523362,66.7230815780019,0.0482082074665182,7,0.6,1e-4,9,248.42198242929163
210,80.438524968485,0,0,0,0,0,0,0,0,0,0,70.7153328783695,70.7122081556947,0.0912123317143671,8,0.6,1e-4,9,221.95727833426355
240,53.9921740136816,0,0,0,0,0,0,0,0,0,0,70.1046872589317,70.1008979637692,0.163054374123668,9,0.6,1e-4,9,194.36081361050617
270,33.9038126742164,0,0,0,0,0,0,0,0,0,0,65.8382112172711,65.8342073108568,0.28749752392528,10,0.6,1e-4,9,165.86372872626956
300,19.3748680168131,0,0,0,0,0,0,0,0,0,0,58.7681519855482,58.7644074233454,0.511539991434024,11,0.6,1e-4,9,137.41896741714072
330,9.78405528595665,0,0,0,0,0,0,0,0,0,0,50.1626339885904,50.1595416516936,0.928374451777252,12,0.6,1e-4,9,111.0346053780179
360,4.29303773194413,0,0,0,0,0,0,0,0,0,0,41.9384106496933,41.9361278462159,1.71749185712594,13,0.6,1e-4,9,89.88506808497928
390,2.68036192077313,0,0,0,0,0,0,0,0,0,0,21.4475701875817,21.4445782783907,2.67769964170277,14,0.6,1e-4,9,48.2502100284483
420,2.90047072531055,0,0,0,0,0,0,0,0,0,0,24.0697219672433,24.065409810139,11.2642808779925,15,0.6,1e-4,9,62.29988338068535
450,4.5324738943365,0,0,0,0,0,0,0,0,0,0,36.1265019811619,36.1198878375265,31.604628008699,16,0.6,1e-4,9,108.3834917217239
480,5.54974978699862,0,0,0,0,0,0,0,0,0,0,43.2412666574984,43.2336760824895,66.1013756651322,17,0.6,1e-4,9,158.1260681921187
510,5.68791534438043,0,0,0,0,0,0,0,0,0,0,43.5433699432608,43.5362663339243,101.384431033446,18,0.6,1e-4,9,194.15198265501155
540,5.37954965882501,0,0,0,0,0,0,0,0,0,0,40.5916467811206,40.5855925789074,129.467857729489,19,0.6,1e-4,9,216.024646748342
570,4.875517054887,0,0,0,0,0,0,0,0,0,0,36.3738709874462,36.3689152411039,150.759154868735,20,0.6,1e-4,9,228.37745815217212
600,4.37560452924437,0,0,0,0,0,0,0,0,0,0,32.3427538661279,32.3387067725427,166.456158948923,21,0.6,1e-4,9,235.51322411683796
630,3.92545547249613,0,0,0,0,0,0,0,0,0,0,28.7916507803194,28.7883155491528,178.297683953528,22,0.6,1e-4,9,239.80310575549635
660,3.53785614101768,0,0,0,0,0,0,0,0,0,0,25.7779373439623,25.775151140369,187.424164502036,23,0.6,1e-4,9,242.515109127385
690,3.20783061060207,0,0,0,0,0,0,0,0,0,0,23.2395539269056,23.2371936131895,194.627014961537,24,0.6,1e-4,9,244.31159311223416
720,2.92702472044032,0,0,0,0,0,0,0,0,0,0,21.0982000396126,21.0961741485338,200.430231975736,25,0.6,1e-4,9,245.55163088432272
750,2.68701307683725,0,0,0,0,0,0,0,0,0,0,19.28085348207,19.2790939898151,205.191148033955,26,0.6,1e-4,9,246.43810858267733
780,2.48053096697056,0,0,0,0,0,0,0,0,0,0,17.7267672393964,17.7252230230021,209.158424809565,27,0.6,1e-4,9,247.09094603893405
810,2.30161499421036,0,0,0,0,0,0,0,0,0,0,16.3871669044843,16.3857990214582,212.509448790673,28,0.6,1e-4,9,247.58402971082586
840,2.14546540515512,0,0,0,0,0,0,0,0,0,0,15.2233941122151,15.2221724730788,215.373578966183,29,0.6,1e-4,9,247.96461095663201
870,2.00823881388519,0,0,0,0,0,0,0,0,0,0,14.2048501520921,14.2037511822387,217.847073093031,30,0.6,1e-4,9,248.263913241247
900,1.88685345749014,0,0,0,0,0,0,0,0,0,0,13.3072248470817,13.3062298319288,220.002861845397,31,0.6,1e-4,9,248.50316998189766
930,1.77882675537804,0,0,0,0,0,0,0,0,0,0,12.5110827567617,12.5101766572984,221.897104029225,32,0.6,1e-4,9,248.69719019866315
960,1.68214631948398,0,0,0,0,0,0,0,0,0,0,11.8007704597471,11.7999410537757,223.573677577041,33,0.6,1e-4,9,248.85653541004777
990,1.59516956335748,0,0,0,0,0,0,0,0,0,0,11.1635819243904,11.1628191755972,225.06731815085,34,0.6,1e-4,9,248.9888888141951
1020,1.51654613699531,0,0,0,0,0,0,0,0,0,0,10.5891226306252,10.5884182189586,226.405852712428,35,0.6,1e-4,9,249.0999396990071
1050,1.44515803523262,0,0,0,0,0,0,0,0,0,0,10.068823966082,10.0681709337992,227.61181560555,36,0.6,1e-4,9,249.1939685406638
1080,1.38007321752286,0,0,0,0,0,0,0,0,0,0,9.59557054243355,9.59496302414741,228.703635730593,37,0.6,1e-4,9,249.27424251469682
1110,1.32050951576689,0,0,0,0,0,0,0,0,0,0,9.16341236129338,9.16284537577716,229.696520859432,38,0.6,1e-4,9,249.34328811226945
1140,1.26580638162646,0,0,0,0,0,0,0,0,0,0,8.76734095256627,8.7668102405023,230.603124829962,39,0.6,1e-4,9,249.40308240465706
1170,1.21540262789856,0,0,0,0,0,0,0,0,0,0,8.40311399875443,8.40261589504611,231.434056895145,40,0.6,1e-4,9,249.4551894168441
1200,1.16881877555799,0,0,0,0,0,0,0,0,0,0,8.06711693882512,8.06664827118766,232.198274826031,41,0.6,1e-4,9,249.50085881160177
1230,1.12564296012344,0,0,0,0,0,0,0,0,0,0,7.75625296785837,7.75581097558924,232.903391373145,42,0.6,1e-4,9,249.54109827671607
1260,1.08551960582017,0,0,0,0,0,0,0,0,0,0,7.46785499417577,7.46743726256726,233.555915429047,43,0.6,1e-4,9,249.57672729161018
1290,1.04814026580563,0,0,0,0,0,0,0,0,0,0,7.19961469490529,7.19921910188932,234.161443465326,44,0.6,1e-4,9,249.60841752792624
1320,1.01323616842907,0,0,0,0,0,0,0,0,0,0,6.94952497860291,6.9491496510412,234.724812736015,45,0.6,1e-4,9,249.6367235340882
1350,0.980572115719756,0,0,0,0,0,0,0,0,0,0,6.71583303165677,6.71547630929622,235.250224817204,46,0.6,1e-4,9,249.66210627387676
1380,0.949941460317794,0,0,0,0,0,0,0,0,0,0,6.49700177453359,6.49666218009796,235.74134593669,47,0.6,1e-4,9,249.68495135163934
1410,0.921161947674186,0,0,0,0,0,0,0,0,0,0,6.29167804273072,6.29135425695918,236.201388999035,48,0.6,1e-4,9,249.7055832463991
1440,0.894072256524186,0,0,0,0,0,0,0,0,0,0,6.09866617765841,6.09835701835786,236.633181066857,49,0.6,1e-4,9,249.72427651939745
1470,0.868529106028117,0,0,0,0,0,0,0,0,0,0,5.91690599512335,5.91661039949783,237.039219205359,50,0.6,1e-4,9,249.74126470600828
1500,0.844404825257235,0,0,0,0,0,0,0,0,0,0,5.74545431587202,5.74517132554345,237.421716954371,51,0.6,1e-4,9,249.75674742104368
1530,0.821585301860492,0,0,0,0,0,0,0,0,0,0,5.58346941009462,5.58319815834587,237.782643204455,52,0.6,1e-4,9,249.770896074756
1560,0.799968243251344,0,0,0,0,0,0,0,0,0,0,5.43019783791243,5.42993753877528,238.123754880489,53,0.6,1e-4,9,249.78385850042807
1590,0.77946169659918,0,0,0,0,0,0,0,0,0,0,5.28496326959588,5.28471320847811,238.446624548638,54,0.6,1e-4,9,249.79576272331116
1620,0.759982784120571,0,0,0,0,0,0,0,0,0,0,5.14715694924194,5.14691647484448,238.752663839454,55,0.6,1e-4,9,249.80672004766097
1650,0.741456618262094,0,0,0,0,0,0,0,0,0,0,5.0162295288773,5.01599804619777,239.04314340552,56,0.6,1e-4,9,249.81682759885717
1680,0.723815367820103,0,0,0,0,0,0,0,0,0,0,4.89168405022061,4.89146101447536,239.319209994937,57,0.6,1e-4,9,249.8261704274531
1710,0.706997451212501,0,0,0,0,0,0,0,0,0,0,4.77306989150115,4.77285480282724,239.581901113562,58,0.6,1e-4,9,249.83482325910288
1740,0.690946837278789,0,0,0,0,0,0,0,0,0,0,4.65997752898256,4.65976992780456,239.832157662578,59,0.6,1e-4,9,249.8428519566439
1770,0.675612437349911,0,0,0,0,0,0,0,0,0,0,4.55203398886324,4.5518334518288,240.07083486902,60,0.6,1e-4,9,249.85031474706193
1800,0.660947575062958,0,0,0,0,0,0,0,0,0,0,4.44889888631757,4.44870502272132,240.298711771328,61,0.6,1e-4,9,249.85726325542984
1830,0.646909522626138,0,0,0,0,0,0,0,0,0,0,4.35026096561681,4.35007341424497,240.516499477184,62,0.6,1e-4,9,249.86374337967192
1860,0.633459094066505,0,0,0,0,0,0,0,0,0,0,4.2558350693111,4.2556534956498,240.724848374444,63,0.6,1e-4,9,249.8697960334714
1890,0.620560287495988,0,0,0,0,0,0,0,0,0,0,4.16535947598441,4.1651835697432,240.924354446268,64,0.6,1e-4,9,249.8754577794916
1920,0.608179969672395,0,0,0,0,0,0,0,0,0,0,4.07859355559844,4.07842302850802,241.115564817209,65,0.6,1e-4,9,249.88076137098784
1950,0.5962875971608,0,0,0,0,0,0,0,0,0,0,3.99531569930669,3.9951502831558,241.298982636985,66,0.6,1e-4,9,249.88573621660828
1980,0.584854969256546,0,0,0,0,0,0,0,0,0,0,3.91532148715194,3.91516093203326,241.475071392113,67,0.6,1e-4,9,249.89040878055474
0,250,0,0,0,0,0,0,0,0,0,0,0,0,0,1,0.7,0,10,250
30,250.000322400697,0,0,0,0,0,0,0,0,0,0,0,0,0,2,0.7,0,10,250.000322400697
60,250.000090984018,0,0,0,0,0,0,0,0,0,0,0,0,0,3,0.7,0,10,250.000090984018
90,250.000018876751,0,0,0,0,0,0,0,0,0,0,0,0,0,4,0.7,0,10,250.000018876751
120,220.569344517345,0,0,0,0,0,0,0,0,0,0,34.1788572653007,34.1788572653007,0,5,0.7,0,10,288.9270590479464
150,151.191816790091,0,0,0,0,0,0,0,0,0,0,61.9496799277883,61.9496799277883,0,6,0.7,0,10,275.0911766456676
180,101.259656050866,0,0,0,0,0,0,0,0,0,0,72.5075891041389,72.5075891041389,0,7,0.7,0,10,246.2748342591438
210,65.4601838024717,0,0,0,0,0,0,0,0,0,0,74.5583645865607,74.5583645865607,0,8,0.7,0,10,214.5769129755931
240,39.5702337754305,0,0,0,0,0,0,0,0,0,0,71.1374113058992,71.1374113058992,0,9,0.7,0,10,181.8450563872289
270,21.6055776257786,0,0,0,0,0,0,0,0,0,0,63.7484866044859,63.7484866044859,0,10,0.7,0,10,149.1025508347504
300,10.2188207935393,0,0,0,0,0,0,0,0,0,0,54.0525657531301,54.0525657531301,0,11,0.7,0,10,118.32395229979949
330,3.96815998135065,0,0,0,0,0,0,0,0,0,0,44.1239009156541,44.1239009156541,0,12,0.7,0,10,92.21596181265885
360,1.18061253033055,0,0,0,0,0,0,0,0,0,0,36.0488086984876,36.0488086984876,0,13,0.7,0,10,73.27822992730574
390,0.2490972147858,0,0,0,0,0,0,0,0,0,0,31.0683790378859,31.0683790378859,0,14,0.7,0,10,62.3858552905576
420,0.05228676379659,0,0,0,0,0,0,0,0,0,0,2.91179567833169,2.91179567833169,0,15,0.7,0,10,5.87587812045997
450,0.0158041351099725,0,0,0,0,0,0,0,0,0,0,0.918938421995726,0.918938421995726,0,16,0.7,0,10,1.8536809791014244
480,0.00593277734467765,0,0,0,0,0,0,0,0,0,0,0.367941356584729,0.367941356584729,0,17,0.7,0,10,0.7418154905141356
510,0.00275925559539032,0,0,0,0,0,0,0,0,0,0,0.164058077743534,0.164058077743534,0,18,0.7,0,10,0.3308754110824583
540,0.00133567031222644,0,0,0,0,0,0,0,0,0,0,0.0803404693769902,0.0803404693769902,0,19,0.7,0,10,0.16201660906620685
570,6.7464554018213e-4,0,0,0,0,0,0,0,0,0,0,0.040233905805643,0.040233905805643,0,20,0.7,0,10,0.08114245715146813
600,3.4625924455334e-4,0,0,0,0,0,0,0,0,0,0,0.0206075001515074,0.0206075001515074,0,21,0.7,0,10,0.04156125954756814
630,1.7984396102755e-4,0,0,0,0,0,0,0,0,0,0,0.0106609876697765,0.0106609876697765,0,22,0.7,0,10,0.021501819300580552
660,9.41144852510312e-5,0,0,0,0,0,0,0,0,0,0,0.00555942654978544,0.00555942654978544,0,23,0.7,0,10,0.011212967584821912
690,4.9537748794056e-5,0,0,0,0,0,0,0,0,0,0,0.0029156585581566,0.0029156585581566,0,24,0.7,0,10,0.005880854865107256
720,2.6202076131189e-5,0,0,0,0,0,0,0,0,0,0,0.00153658267429837,0.00153658267429837,0,25,0.7,0,10,0.003099367424727929
750,1.39200411947886e-5,0,0,0,0,0,0,0,0,0,0,8.1334890023927e-4,8.1334890023927e-4,0,26,0.7,0,10,0.0016406178416733287
780,7.42597986549892e-6,0,0,0,0,0,0,0,0,0,0,4.32310862813e-4,4.32310862813e-4,0,27,0.7,0,10,8.720477054914989e-4
810,3.97762616253601e-6,0,0,0,0,0,0,0,0,0,0,2.3070981367398e-4,2.3070981367398e-4,0,28,0.7,0,10,4.65397253510496e-4
840,2.13909860193012e-6,0,0,0,0,0,0,0,0,0,0,1.2361311297732e-4,1.2361311297732e-4,0,29,0.7,0,10,2.4936532455657013e-4
870,1.15496078744329e-6,0,0,0,0,0,0,0,0,0,0,6.6494415570203e-5,6.6494415570203e-5,0,30,0.7,0,10,1.3414379192784929e-4
900,6.2608656399665e-7,0,0,0,0,0,0,0,0,0,0,3.59111037781729e-5,3.59111037781729e-5,0,31,0.7,0,10,7.244829412034246e-5
930,3.40751127496125e-7,0,0,0,0,0,0,0,0,0,0,1.94715430972163e-5,1.94715430972163e-5,0,32,0.7,0,10,3.928383732192873e-5
960,1.86201562028833e-7,0,0,0,0,0,0,0,0,0,0,1.06000338870225e-5,1.06000338870225e-5,0,33,0.7,0,10,2.138626933607383e-5
990,1.02160021974204e-7,0,0,0,0,0,0,0,0,0,0,5.79372502527442e-6,5.79372502527442e-6,0,34,0.7,0,10,1.1689610072523044e-5
1020,5.62781113804629e-8,0,0,0,0,0,0,0,0,0,0,3.17951891535702e-6,3.17951891535702e-6,0,35,0.7,0,10,6.415315942094503e-6
1050,3.11292452377026e-8,0,0,0,0,0,0,0,0,0,0,1.75197312914778e-6,1.75197312914778e-6,0,36,0.7,0,10,3.5350755035332627e-6
1080,1.72893290184564e-8,0,0,0,0,0,0,0,0,0,0,9.69316980588205e-7,9.69316980588205e-7,0,37,0.7,0,10,1.9559232901948665e-6
1110,9.642247761446352e-9,0,0,0,0,0,0,0,0,0,0,5.38501111376562e-7,5.38501111376562e-7,0,38,0.7,0,10,1.0866444705145702e-6
1140,5.399820386911171e-9,0,0,0,0,0,0,0,0,0,0,3.00400045137566e-7,3.00400045137566e-7,0,39,0.7,0,10,6.061999106620432e-7
1170,3.03662829150183e-9,0,0,0,0,0,0,0,0,0,0,1.68273730774479e-7,1.68273730774479e-7,0,40,0.7,0,10,3.3958408984045985e-7
1200,1.7148485817107202e-9,0,0,0,0,0,0,0,0,0,0,9.46555420928045e-8,9.46555420928045e-8,0,41,0.7,0,10,1.910259327673197e-7
1230,9.72506239516242e-10,0,0,0,0,0,0,0,0,0,0,5.34687131200572e-8,5.34687131200572e-8,0,42,0.7,0,10,1.0790993247963064e-7
1260,5.53862866212468e-10,0,0,0,0,0,0,0,0,0,0,3.03310927475295e-8,3.03310927475295e-8,0,43,0.7,0,10,6.121604836127146e-8
1290,3.16786167687562e-10,0,0,0,0,0,0,0,0,0,0,1.72791277086733e-8,1.72791277086733e-8,0,44,0.7,0,10,3.4875041585034165e-8
1320,1.81968103081477e-10,0,0,0,0,0,0,0,0,0,0,9.885801989808251e-9,9.885801989808251e-9,0,45,0.7,0,10,1.9953572082697978e-8
1350,1.04978538931663e-10,0,0,0,0,0,0,0,0,0,0,5.6802748777240205e-9,5.6802748777240205e-9,0,46,0.7,0,10,1.1465528294379703e-8
1380,6.08265516794002e-11,0,0,0,0,0,0,0,0,0,0,3.2779723106939902e-9,3.2779723106939902e-9,0,47,0.7,0,10,6.61677117306738e-9
1410,3.5398480523034e-11,0,0,0,0,0,0,0,0,0,0,1.8999008605374103e-9,1.8999008605374103e-9,0,48,0.7,0,10,3.835200201597854e-9
1440,2.0691227200753797e-11,0,0,0,0,0,0,0,0,0,0,1.1060065359948102e-9,1.1060065359948102e-9,0,49,0.7,0,10,2.2327042991903743e-9
1470,1.2148136376437298e-11,0,0,0,0,0,0,0,0,0,0,6.46691312777987e-10,6.46691312777987e-10,0,50,0.7,0,10,1.3055307619324114e-9
1500,7.16418092702262e-12,0,0,0,0,0,0,0,0,0,0,3.79804884190132e-10,3.79804884190132e-10,0,51,0.7,0,10,7.667739493072866e-10
1530,4.24393506608309e-12,0,0,0,0,0,0,0,0,0,0,2.24057753372033e-10,2.24057753372033e-10,0,52,0.7,0,10,4.523594418101491e-10
1560,2.52538828934538e-12,0,0,0,0,0,0,0,0,0,0,1.32772207226563e-10,1.32772207226563e-10,0,53,0.7,0,10,2.680698027424714e-10
1590,1.50958272275166e-12,0,0,0,0,0,0,0,0,0,0,7.9034028580074e-11,7.9034028580074e-11,0,54,0.7,0,10,1.5957763988289965e-10
1620,9.06498729677916e-13,0,0,0,0,0,0,0,0,0,0,4.72599131783765e-11,4.72599131783765e-11,0,55,0.7,0,10,9.542632508643092e-11
1650,5.4685394581569e-13,0,0,0,0,0,0,0,0,0,0,2.8389373845776297e-11,2.8389373845776297e-11,0,56,0.7,0,10,5.732560163736828e-11
1680,3.31422386393643e-13,0,0,0,0,0,0,0,0,0,0,1.7132280452682097e-11,1.7132280452682097e-11,0,57,0.7,0,10,3.4595983291757837e-11
1710,2.01795407774585e-13,0,0,0,0,0,0,0,0,0,0,1.0386841638501199e-11,1.0386841638501199e-11,0,58,0.7,0,10,2.0975478684776984e-11
1740,1.23444690128311e-13,0,0,0,0,0,0,0,0,0,0,6.32664496016012e-12,6.32664496016012e-12,0,59,0.7,0,10,1.277673461044855e-11
1770,7.58714062087742e-14,0,0,0,0,0,0,0,0,0,0,3.87166540108636e-12,3.87166540108636e-12,0,60,0.7,0,10,7.819202208381493e-12
1800,4.6853438517574704e-14,0,0,0,0,0,0,0,0,0,0,2.3805071878735996e-12,2.3805071878735996e-12,0,61,0.7,0,10,4.807867814264774e-12
1830,2.9072045951347603e-14,0,0,0,0,0,0,0,0,0,0,1.4706237335941099e-12,1.4706237335941099e-12,0,62,0.7,0,10,2.9703195131395673e-12
1860,1.81256604708467e-14,0,0,0,0,0,0,0,0,0,0,9.12866461782235e-13,9.12866461782235e-13,0,63,0.7,0,10,1.8438585840353166e-12
1890,1.1355589257713301e-14,0,0,0,0,0,0,0,0,0,0,5.69376977592423e-13,5.69376977592423e-13,0,64,0.7,0,10,1.1501095444425594e-12
1920,7.14885893255244e-15,0,0,0,0,0,0,0,0,0,0,3.56856027670035e-13,3.56856027670035e-13,0,65,0.7,0,10,7.208609142726224e-13
1950,4.5226062443443306e-15,0,0,0,0,0,0,0,0,0,0,2.24750320676775e-13,2.24750320676775e-13,0,66,0.7,0,10,4.5402324759789434e-13
1980,2.87527750487918e-15,0,0,0,0,0,0,0,0,0,0,1.42244529847474e-13,1.42244529847474e-13,0,67,0.7,0,10,2.8736433719982717e-13
0,250,0,0,0,0,0,0,0,0,0,0,0,0,0,1,0.7,0,11,250
30,250.000322400697,0,0,0,0,0,0,0,0,0,0,0,0,0,2,0.7,0,11,250.000322400697
60,250.000090984018,0,0,0,0,0,0,0,0,0,0,0,0,0,3,0.7,0,11,250.000090984018
90,250.000018876751,0,0,0,0,0,0,0,0,0,0,0,0,0,4,0.7,0,11,250.000018876751
120,220.569344517345,0,0,0,0,0,0,0,0,0,0,34.1788572653007,34.1788572653007,0,5,0.7,0,11,288.9270590479464
150,151.191816790091,0,0,0,0,0,0,0,0,0,0,61.9496799277883,61.9496799277883,0,6,0.7,0,11,275.0911766456676
180,101.259656050866,0,0,0,0,0,0,0,0,0,0,72.5075891041389,72.5075891041389,0,7,0.7,0,11,246.2748342591438
210,65.4601838024717,0,0,0,0,0,0,0,0,0,0,74.5583645865607,74.5583645865607,0,8,0.7,0,11,214.5769129755931
240,39.5702337754305,0,0,0,0,0,0,0,0,0,0,71.1374113058992,71.1374113058992,0,9,0.7,0,11,181.8450563872289
270,21.6055776257786,0,0,0,0,0,0,0,0,0,0,63.7484866044859,63.7484866044859,0,10,0.7,0,11,149.1025508347504
300,10.2188207935393,0,0,0,0,0,0,0,0,0,0,54.0525657531301,54.0525657531301,0,11,0.7,0,11,118.32395229979949
330,3.96815998135065,0,0,0,0,0,0,0,0,0,0,44.1239009156541,44.1239009156541,0,12,0.7,0,11,92.21596181265885
360,1.18061253033055,0,0,0,0,0,0,0,0,0,0,36.0488086984876,36.0488086984876,0,13,0.7,0,11,73.27822992730574
390,0.2490972147858,0,0,0,0,0,0,0,0,0,0,31.0683790378859,31.0683790378859,0,14,0.7,0,11,62.3858552905576
420,0.0358657884367288,0,0,0,0,0,0,0,0,0,0,28.9251562373253,28.9251562373253,0,15,0.7,0,11,57.88617826308733
450,0.00501590940118823,0,0,0,0,0,0,0,0,0,0,1.86399825100468,1.86399825100468,0,16,0.7,0,11,3.7330124114105483
480,9.8692824961849e-4,0,0,0,0,0,0,0,0,0,0,0.19173585277544,0.19173585277544,0,17,0.7,0,11,0.3844586338004985
510,1.5237010615632e-4,0,0,0,0,0,0,0,0,0,0,0.0327490938621418,0.0327490938621418,0,18,0.7,0,11,0.06565055783043992
540,2.31536331287199e-5,0,0,0,0,0,0,0,0,0,0,0.00543078069789334,0.00543078069789334,0,19,0.7,0,11,0.0108847150289154
570,3.69920470669667e-6,0,0,0,0,0,0,0,0,0,0,8.6108135400773e-4,8.6108135400773e-4,0,20,0.7,0,11,0.0017258619127221567
600,5.96742359930719e-7,0,0,0,0,0,0,0,0,0,0,1.373888983168e-4,1.373888983168e-4,0,21,0.7,0,11,2.753745389935307e-4
630,9.59273813400688e-8,0,0,0,0,0,0,0,0,0,0,2.20690855535808e-5,2.20690855535808e-5,0,22,0.7,0,11,4.4234098488501666e-5
660,1.54071267361972e-8,0,0,0,0,0,0,0,0,0,0,3.54658711565017e-6,3.54658711565017e-6,0,23,0.7,0,11,7.108581358036537e-6
690,2.4762763443578103e-9,0,0,0,0,0,0,0,0,0,0,5.69780560392435e-7,5.69780560392435e-7,0,24,0.7,0,11,1.1420373971292276e-6
720,3.9820909279748005e-10,0,0,0,0,0,0,0,0,0,0,9.15659302661552e-8,9.15659302661552e-8,0,25,0.7,0,11,1.8353006962510787e-7
750,6.40585115893161e-11,0,0,0,0,0,0,0,0,0,0,1.4721416384224e-8,1.4721416384224e-8,0,26,0.7,0,11,2.9506891280037317e-8
780,1.03084850453635e-11,0,0,0,0,0,0,0,0,0,0,2.36773191677703e-9,2.36773191677703e-9,0,27,0.7,0,11,4.745772318599423e-9
810,1.65948762059056e-12,0,0,0,0,0,0,0,0,0,0,3.80955321347445e-10,3.80955321347445e-10,0,28,0.7,0,11,7.635701303154805e-10
840,2.6724867423954297e-13,0,0,0,0,0,0,0,0,0,0,6.131628714612679e-11,6.131628714612679e-11,0,29,0.7,0,11,1.2289982296649313e-10
870,4.3054525317274905e-14,0,0,0,0,0,0,0,0,0,0,9.872774809999059e-12,9.872774809999059e-12,0,30,0.7,0,11,1.9788604145315393e-11
900,6.938789835497411e-15,0,0,0,0,0,0,0,0,0,0,1.5902459868671999e-12,1.5902459868671999e-12,0,31,0.7,0,11,3.187430763569897e-12
930,1.1186921513828101e-15,0,0,0,0,0,0,0,0,0,0,2.5624247953726397e-13,2.5624247953726397e-13,0,32,0.7,0,11,5.136036512259108e-13
960,1.80426191422564e-16,0,0,0,0,0,0,0,0,0,0,4.13047368142943e-14,4.13047368142943e-14,0,33,0.7,0,11,8.278989982001117e-14
990,2.91105811957973e-17,0,0,0,0,0,0,0,0,0,0,6.66055916059364e-15,6.66055916059364e-15,0,34,0.7,0,11,1.3350228902383079e-14
1020,4.69855859176444e-18,0,0,0,0,0,0,0,0,0,0,1.0744440333600602e-15,1.0744440333600602e-15,0,35,0.7,0,11,2.1535866253118846e-15
1050,7.586493155796539e-19,0,0,0,0,0,0,0,0,0,0,1.73388128508895e-16,1.73388128508895e-16,0,36,0.7,0,11,3.475349063333697e-16
1080,1.22540690597786e-19,0,0,0,0,0,0,0,0,0,0,2.7990944148970004e-17,2.7990944148970004e-17,0,37,0.7,0,11,5.61044289885378e-17
1110,1.98007929926294e-20,0,0,0,0,0,0,0,0,0,0,4.52041743473619e-18,4.52041743473619e-18,0,38,0.7,0,11,9.06063566246501e-18
1140,3.20072253363316e-21,0,0,0,0,0,0,0,0,0,0,7.303020450115009e-19,7.303020450115009e-19,0,39,0.7,0,11,1.463804812556635e-18
1170,5.17579221276865e-22,0,0,0,0,0,0,0,0,0,0,1.18029251073021e-19,1.18029251073021e-19,0,40,0.7,0,11,2.3657608136731886e-19
1200,8.372770317902279e-23,0,0,0,0,0,0,0,0,0,0,1.90827131835529e-20,1.90827131835529e-20,0,41,0.7,0,11,3.824915407028482e-20
1230,1.35495614991429e-23,0,0,0,0,0,0,0,0,0,0,3.08641349280985e-21,3.08641349280985e-21,0,42,0.7,0,11,6.186376547118843e-21
1260,2.19353818744655e-24,0,0,0,0,0,0,0,0,0,0,4.99380739212144e-22,4.99380739212144e-22,0,43,0.7,0,11,1.0009550166117345e-21
1290,3.5524603033399998e-25,0,0,0,0,0,0,0,0,0,0,8.083014136477709e-23,8.083014136477709e-23,0,44,0.7,0,11,1.6201552875988818e-22
1320,5.75542663397676e-26,0,0,0,0,0,0,0,0,0,0,1.3088170356175e-23,1.3088170356175e-23,0,45,0.7,0,11,2.6233894978689766e-23
1350,9.32803667083331e-27,0,0,0,0,0,0,0,0,0,0,2.12006301411906e-24,2.12006301411906e-24,0,46,0.7,0,11,4.2494540649089536e-24
1380,1.51240317731221e-27,0,0,0,0,0,0,0,0,0,0,3.43544507111613e-25,3.43544507111613e-25,0,47,0.7,0,11,6.886014174005381e-25
1410,2.45306870172613e-28,0,0,0,0,0,0,0,0,0,0,5.56905923852497e-26,5.56905923852497e-26,0,48,0.7,0,11,1.1162649164067202e-25
1440,3.98030925388059e-29,0,0,0,0,0,0,0,0,0,0,9.03119948361112e-27,9.03119948361112e-27,0,49,0.7,0,11,1.8102202059761046e-26
1470,6.460841346763629e-30,0,0,0,0,0,0,0,0,0,0,1.46512265066485e-27,1.46512265066485e-27,0,50,0.7,0,11,2.9367061426764634e-27
1500,1.04912364072584e-30,0,0,0,0,0,0,0,0,0,0,2.37775804890313e-28,2.37775804890313e-28,0,51,0.7,0,11,4.766007334213519e-28
1530,1.7042362093872798e-31,0,0,0,0,0,0,0,0,0,0,3.86034971734298e-29,3.86034971734298e-29,0,52,0.7,0,11,7.737741796779833e-29
1560,2.7694823600258997e-32,0,0,0,0,0,0,0,0,0,0,6.269763121535719e-30,6.269763121535719e-30,0,53,0.7,0,11,1.2567221066671697e-29
1590,4.5022882907522495e-33,0,0,0,0,0,0,0,0,0,0,1.01868823635738e-30,1.01868823635738e-30,0,54,0.7,0,11,2.041878761005512e-30
1620,7.3220731277679795e-34,0,0,0,0,0,0,0,0,0,0,1.6557596936794298e-31,1.6557596936794298e-31,0,55,0.7,0,11,3.3188414604866277e-31
1650,1.19124494619129e-34,0,0,0,0,0,0,0,0,0,0,2.6922746463967403e-32,2.6922746463967403e-32,0,56,0.7,0,11,5.396461742255394e-32
1680,1.9388066963181399e-35,0,0,0,0,0,0,0,0,0,0,4.37932966599745e-33,4.37932966599745e-33,0,57,0.7,0,11,8.77804739895808e-33
1710,3.1567091209313595e-36,0,0,0,0,0,0,0,0,0,0,7.1262708174882e-34,7.1262708174882e-34,0,58,0.7,0,11,1.4284108726185713e-33
1740,5.14163706020893e-37,0,0,0,0,0,0,0,0,0,0,1.16006839662581e-34,1.16006839662581e-34,0,59,0.7,0,11,2.325278430311829e-34
1770,8.3779015320003e-38,0,0,0,0,0,0,0,0,0,0,1.8891726159626898e-35,1.8891726159626898e-35,0,60,0.7,0,11,3.78672313345738e-35
1800,1.36564007539638e-38,0,0,0,0,0,0,0,0,0,0,3.0777025565368595e-36,3.0777025565368595e-36,0,61,0.7,0,11,6.169061513827683e-36
1830,2.22691994923951e-39,0,0,0,0,0,0,0,0,0,0,5.01589909028552e-37,5.01589909028552e-37,0,62,0.7,0,11,1.0054067380063435e-36
1860,3.63279169140654e-40,0,0,0,0,0,0,0,0,0,0,8.17783348123457e-38,8.17783348123457e-38,0,63,0.7,0,11,1.6391994879383205e-37
1890,5.92849022190516e-41,0,0,0,0,0,0,0,0,0,0,1.33381392607668e-38,1.33381392607668e-38,0,64,0.7,0,11,2.673556342375265e-38
1920,9.67866879621684e-42,0,0,0,0,0,0,0,0,0,0,2.17630585002454e-39,2.17630585002454e-39,0,65,0.7,0,11,4.362290368845297e-39
1950,1.5807210760195298e-42,0,0,0,0,0,0,0,0,0,0,3.55232338617524e-40,3.55232338617524e-40,0,66,0.7,0,11,7.120453983110675e-40
1980,2.5826356424890594e-43,0,0,0,0,0,0,0,0,0,0,5.80060283084626e-41,5.80060283084626e-41,0,67,0.7,0,11,1.1627032018117412e-40
0,250,0,0,0,0,0,0,0,0,0,0,0,0,0,1,0.7,0,12,250
30,250.000322400697,0,0,0,0,0,0,0,0,0,0,0,0,0,2,0.7,0,12,250.000322400697
60,250.000090984018,0,0,0,0,0,0,0,0,0,0,0,0,0,3,0.7,0,12,250.000090984018
90,250.000018876751,0,0,0,0,0,0,0,0,0,0,0,0,0,4,0.7,0,12,250.000018876751
120,220.569344517345,0,0,0,0,0,0,0,0,0,0,34.1788572653007,34.1788572653007,0,5,0.7,0,12,288.9270590479464
150,151.191816790091,0,0,0,0,0,0,0,0,0,0,61.9496799277883,61.9496799277883,0,6,0.7,0,12,275.0911766456676
180,101.259656050866,0,0,0,0,0,0,0,0,0,0,72.5075891041389,72.5075891041389,0,7,0.7,0,12,246.2748342591438
210,65.4601838024717,0,0,0,0,0,0,0,0,0,0,74.5583645865607,74.5583645865607,0,8,0.7,0,12,214.5769129755931
240,39.5702337754305,0,0,0,0,0,0,0,0,0,0,71.1374113058992,71.1374113058992,0,9,0.7,0,12,181.8450563872289
270,21.6055776257786,0,0,0,0,0,0,0,0,0,0,63.7484866044859,63.7484866044859,0,10,0.7,0,12,149.1025508347504
300,10.2188207935393,0,0,0,0,0,0,0,0,0,0,54.0525657531301,54.0525657531301,0,11,0.7,0,12,118.32395229979949
330,3.96815998135065,0,0,0,0,0,0,0,0,0,0,44.1239009156541,44.1239009156541,0,12,0.7,0,12,92.21596181265885
360,1.18061253033055,0,0,0,0,0,0,0,0,0,0,36.0488086984876,36.0488086984876,0,13,0.7,0,12,73.27822992730574
390,0.2490972147858,0,0,0,0,0,0,0,0,0,0,31.0683790378859,31.0683790378859,0,14,0.7,0,12,62.3858552905576
420,0.0358657884367288,0,0,0,0,0,0,0,0,0,0,28.9251562373253,28.9251562373253,0,15,0.7,0,12,57.88617826308733
450,0.0037694271839065,0,0,0,0,0,0,0,0,0,0,28.3280998218575,28.3280998218575,0,16,0.7,0,12,56.6599690708989
480,4.048112665573e-4,0,0,0,0,0,0,0,0,0,0,1.68890394098814,1.68890394098814,0,17,0.7,0,12,3.378212693242837
510,6.30797964760205e-5,0,0,0,0,0,0,0,0,0,0,0.106286455496562,0.106286455496562,0,18,0.7,0,12,0.21263599078960002
540,7.31264956856806e-6,0,0,0,0,0,0,0,0,0,0,0.00764982891559277,0.00764982891559277,0,19,0.7,0,12,0.015306970480754108
570,6.81867587786823e-7,0,0,0,0,0,0,0,0,0,0,6.1477966640626e-4,6.1477966640626e-4,0,20,0.7,0,12,0.0012302412004003068
600,5.82337718654449e-8,0,0,0,0,0,0,0,0,0,0,5.15222866434352e-5,5.15222866434352e-5,0,21,0.7,0,12,1.0310280705873584e-4
630,4.80153662199518e-9,0,0,0,0,0,0,0,0,0,0,4.34191108492183e-6,4.34191108492183e-6,0,22,0.7,0,12,8.688623706465656e-6
660,3.90833529067748e-10,0,0,0,0,0,0,0,0,0,0,3.63537239338139e-7,3.63537239338139e-7,0,23,0.7,0,12,7.274653122053458e-7
690,3.17140825431868e-11,0,0,0,0,0,0,0,0,0,0,3.01893499883351e-8,3.01893499883351e-8,0,24,0.7,0,12,6.041041405921339e-8
720,2.5755764846821998e-12,0,0,0,0,0,0,0,0,0,0,2.4905587999971803e-9,2.4905587999971803e-9,0,25,0.7,0,12,4.983693176479043e-9
750,2.0958790494937799e-13,0,0,0,0,0,0,0,0,0,0,2.04562559973417e-10,2.04562559973417e-10,0,26,0.7,0,12,4.093347078517834e-10
780,1.7088576393355602e-14,0,0,0,0,0,0,0,0,0,0,1.6758477012731e-11,1.6758477012731e-11,0,27,0.7,0,12,3.3534042601855353e-11
810,1.39537263689562e-15,0,0,0,0,0,0,0,0,0,0,1.37111130648114e-12,1.37111130648114e-12,0,28,0.7,0,12,2.7436179855991757e-12
840,1.14050601053522e-16,0,0,0,0,0,0,0,0,0,0,1.12118438650592e-13,1.12118438650592e-13,0,29,0.7,0,12,2.2435092790223752e-13
870,9.327187117713659e-18,0,0,0,0,0,0,0,0,0,0,9.16702477594143e-15,9.16702477594143e-15,0,30,0.7,0,12,1.8343376739000575e-14
900,7.630078107935769e-19,0,0,0,0,0,0,0,0,0,0,7.495640009219389e-16,7.495640009219389e-16,0,31,0.7,0,12,1.4998910096546714e-15
930,6.242525193178519e-20,0,0,0,0,0,0,0,0,0,0,6.12977019892875e-17,6.12977019892875e-17,0,32,0.7,0,12,1.226578292305068e-16
960,5.10748190808215e-21,0,0,0,0,0,0,0,0,0,0,5.0134192710211695e-18,5.0134192710211695e-18,0,33,0.7,0,12,1.0031946023950421e-17
990,4.1788055834722497e-22,0,0,0,0,0,0,0,0,0,0,4.1007878077052996e-19,4.1007878077052996e-19,0,34,0.7,0,12,8.205754420994071e-19
1020,3.41894121706432e-23,0,0,0,0,0,0,0,0,0,0,3.3545295848552e-20,3.3545295848552e-20,0,35,0.7,0,12,6.712478110927465e-20
1050,2.7972165594654997e-24,0,0,0,0,0,0,0,0,0,0,2.74420654916087e-21,2.74420654916087e-21,0,36,0.7,0,12,5.491210314881206e-21
1080,2.2885389353334497e-25,0,0,0,0,0,0,0,0,0,0,2.24499648383511e-22,2.24499648383511e-22,0,37,0.7,0,12,4.492281506605553e-22
1110,1.8723678489400998e-26,0,0,0,0,0,0,0,0,0,0,1.8366391386935898e-23,1.8366391386935898e-23,0,38,0.7,0,12,3.6751506452361196e-23
1140,1.53188798541157e-27,0,0,0,0,0,0,0,0,0,0,1.50258456946447e-24,1.50258456946447e-24,0,39,0.7,0,12,3.0067010269143516e-24
1170,1.25333564418489e-28,0,0,0,0,0,0,0,0,0,0,1.22930556749395e-25,1.22930556749395e-25,0,40,0.7,0,12,2.459864470632085e-25
1200,1.02544712732321e-29,0,0,0,0,0,0,0,0,0,0,1.00574123345092e-26,1.00574123345092e-26,0,41,0.7,0,12,2.012507914029163e-26
1230,8.39006183528165e-31,0,0,0,0,0,0,0,0,0,0,8.2284522707649e-28,8.2284522707649e-28,0,42,0.7,0,12,1.6465294603365084e-27
1260,6.86472715822201e-32,0,0,0,0,0,0,0,0,0,0,6.73217952730587e-29,6.73217952730587e-29,0,43,0.7,0,12,1.3471223781769963e-28
1290,5.61678365246219e-33,0,0,0,0,0,0,0,0,0,0,5.5080645908244e-30,5.5080645908244e-30,0,44,0.7,0,12,1.1021745965301263e-29
1320,4.59577119798117e-34,0,0,0,0,0,0,0,0,0,0,4.5065925926397795e-31,4.5065925926397795e-31,0,45,0.7,0,12,9.01778095647754e-31
1350,3.7604113477698397e-35,0,0,0,0,0,0,0,0,0,0,3.68725869090649e-32,3.68725869090649e-32,0,46,0.7,0,12,7.37827779316075e-32
1380,3.07693643917342e-36,0,0,0,0,0,0,0,0,0,0,3.01692846614448e-33,3.01692846614448e-33,0,47,0.7,0,12,6.036933868728133e-33
1410,2.51772261195956e-37,0,0,0,0,0,0,0,0,0,0,2.46849667366683e-34,2.46849667366683e-34,0,48,0.7,0,12,4.939511069945619e-34
1440,2.06017161938606e-38,0,0,0,0,0,0,0,0,0,0,2.0197900302911799e-35,2.0197900302911799e-35,0,49,0.7,0,12,4.041640232201746e-35
1470,1.68579620614039e-39,0,0,0,0,0,0,0,0,0,0,1.652669651541e-36,1.652669651541e-36,0,50,0.7,0,12,3.30702509928814e-36
1500,1.37947200188353e-40,0,0,0,0,0,0,0,0,0,0,1.35229683275043e-37,1.35229683275043e-37,0,51,0.7,0,12,2.7059731375027434e-37
1530,1.12882560654142e-41,0,0,0,0,0,0,0,0,0,0,1.10653246256346e-38,1.10653246256346e-38,0,52,0.7,0,12,2.2141937507334615e-38
1560,9.237340624420948e-43,0,0,0,0,0,0,0,0,0,0,9.054457538235869e-40,9.054457538235869e-40,0,53,0.7,0,12,1.811815241709616e-39
1590,7.559154275211829e-44,0,0,0,0,0,0,0,0,0,0,7.40912395709165e-41,7.40912395709165e-41,0,54,0.7,0,12,1.482580706845851e-40
1620,6.185938606253549e-45,0,0,0,0,0,0,0,0,0,0,6.06285849273953e-42,6.06285849273953e-42,0,55,0.7,0,12,1.2131902924085312e-41
1650,5.062256527876811e-46,0,0,0,0,0,0,0,0,0,0,4.961284705297149e-43,4.961284705297149e-43,0,56,0.7,0,12,9.927631667122175e-43
1680,4.1427510981972804e-47,0,0,0,0,0,0,0,0,0,0,4.0599156915332498e-44,4.0599156915332498e-44,0,57,0.7,0,12,8.123974134164697e-44
1710,3.3903121230153003e-48,0,0,0,0,0,0,0,0,0,0,3.3223549403845394e-45,3.3223549403845394e-45,0,58,0.7,0,12,6.648100192892094e-45
1740,2.77457631395829e-49,0,0,0,0,0,0,0,0,0,0,2.71882459120688e-46,2.71882459120688e-46,0,59,0.7,0,12,5.440423758727719e-46
1770,2.27070030148339e-50,0,0,0,0,0,0,0,0,0,0,2.22496149736597e-47,2.22496149736597e-47,0,60,0.7,0,12,4.452193695033424e-47
1800,1.85835685015852e-51,0,0,0,0,0,0,0,0,0,0,1.82083234961258e-48,1.82083234961258e-48,0,61,0.7,0,12,3.6435230560753187e-48
1830,1.52091366181892e-52,0,0,0,0,0,0,0,0,0,0,1.4901279890111999e-49,1.4901279890111999e-49,0,62,0.7,0,12,2.9817768916842186e-49
1860,1.24476154459016e-53,0,0,0,0,0,0,0,0,0,0,1.21950429802751e-50,1.21950429802751e-50,0,63,0.7,0,12,2.4402533575996104e-50
1890,1.01876477223285e-54,0,0,0,0,0,0,0,0,0,0,9.980429952264261e-52,9.980429952264261e-52,0,64,0.7,0,12,1.997104755225085e-51
1920,8.33811403949046e-56,0,0,0,0,0,0,0,0,0,0,8.168105147389e-53,8.168105147389e-53,0,65,0.7,0,12,1.634454840881749e-52
1950,6.82445380161133e-57,0,0,0,0,0,0,0,0,0,0,6.68497123177344e-54,6.68497123177344e-54,0,66,0.7,0,12,1.337676691734849e-53
1980,5.58565518770484e-58,0,0,0,0,0,0,0,0,0,0,5.471216750764769e-55,5.471216750764769e-55,0,67,0.7,0,12,1.0948019156717243e-54
0,250,0,0,0,0,0,0,0,0,0,0,0,0,0,1,0.7,0,13,250
30,250.000322400697,0,0,0,0,0,0,0,0,0,0,0,0,0,2,0.7,0,13,250.000322400697
60,250.000090984018,0,0,0,0,0,0,0,0,0,0,0,0,0,3,0.7,0,13,250.000090984018
90,250.000018876751,0,0,0,0,0,0,0,0,0,0,0,0,0,4,0.7,0,13,250.000018876751
120,220.569344517345,0,0,0,0,0,0,0,0,0,0,34.1788572653007,34.1788572653007,0,5,0.7,0,13,288.9270590479464
150,151.191816790091,0,0,0,0,0,0,0,0,0,0,61.9496799277883,61.9496799277883,0,6,0.7,0,13,275.0911766456676
180,101.259656050866,0,0,0,0,0,0,0,0,0,0,72.5075891041389,72.5075891041389,0,7,0.7,0,13,246.2748342591438
210,65.4601838024717,0,0,0,0,0,0,0,0,0,0,74.5583645865607,74.5583645865607,0,8,0.7,0,13,214.5769129755931
240,39.5702337754305,0,0,0,0,0,0,0,0,0,0,71.1374113058992,71.1374113058992,0,9,0.7,0,13,181.8450563872289
270,21.6055776257786,0,0,0,0,0,0,0,0,0,0,63.7484866044859,63.7484866044859,0,10,0.7,0,13,149.1025508347504
300,10.2188207935393,0,0,0,0,0,0,0,0,0,0,54.0525657531301,54.0525657531301,0,11,0.7,0,13,118.32395229979949
330,3.96815998135065,0,0,0,0,0,0,0,0,0,0,44.1239009156541,44.1239009156541,0,12,0.7,0,13,92.21596181265885
360,1.18061253033055,0,0,0,0,0,0,0,0,0,0,36.0488086984876,36.0488086984876,0,13,0.7,0,13,73.27822992730574
390,0.2490972147858,0,0,0,0,0,0,0,0,0,0,31.0683790378859,31.0683790378859,0,14,0.7,0,13,62.3858552905576
420,0.0358657884367288,0,0,0,0,0,0,0,0,0,0,28.9251562373253,28.9251562373253,0,15,0.7,0,13,57.88617826308733
450,0.0037694271839065,0,0,0,0,0,0,0,0,0,0,28.3280998218575,28.3280998218575,0,16,0.7,0,13,56.6599690708989
480,3.2719813784421e-4,0,0,0,0,0,0,0,0,0,0,28.2194134896128,28.2194134896128,0,17,0.7,0,13,56.43915417736345
510,3.01884645321626e-5,0,0,0,0,0,0,0,0,0,0,1.66781065961439,1.66781065961439,0,18,0.7,0,13,3.335651507693312
540,4.08205264861012e-6,0,0,0,0,0,0,0,0,0,0,0.0989677222255596,0.0989677222255596,0,19,0.7,0,13,0.1979395265037678
570,4.41659553953543e-7,0,0,0,0,0,0,0,0,0,0,0.00593298542534977,0.00593298542534977,0,20,0.7,0,13,0.011866412510253494
600,3.85724180484324e-8,0,0,0,0,0,0,0,0,0,0,3.6017911621342e-4,3.6017911621342e-4,0,21,0.7,0,13,7.203968048448884e-4
630,3.0286478574710304e-9,0,0,0,0,0,0,0,0,0,0,2.21270585097963e-5,2.21270585097963e-5,0,22,0.7,0,13,4.425714566745007e-5
660,2.2413018248977301e-10,0,0,0,0,0,0,0,0,0,0,1.37392319223186e-6,1.37392319223186e-6,0,23,0.7,0,13,2.74807051464621e-6
690,1.5982056437805098e-11,0,0,0,0,0,0,0,0,0,0,8.61079404482766e-8,8.61079404482766e-8,0,24,0.7,0,13,1.72231862952991e-7
720,1.11135020569848e-12,0,0,0,0,0,0,0,0,0,0,5.43942941997521e-9,5.43942941997521e-9,0,25,0.7,0,13,1.0879970190156118e-8
750,7.590836302768161e-14,0,0,0,0,0,0,0,0,0,0,3.45857713731313e-10,3.45857713731313e-10,0,26,0.7,0,13,6.917913358256537e-10
780,5.1165957593078806e-15,0,0,0,0,0,0,0,0,0,0,2.2106745914149e-11,2.2106745914149e-11,0,27,0.7,0,13,4.421860842405731e-11
810,3.4144177810992004e-16,0,0,0,0,0,0,0,0,0,0,1.41888009449154e-12,1.41888009449154e-12,0,28,0.7,0,13,2.8381016307611897e-12
840,2.26093887857261e-17,0,0,0,0,0,0,0,0,0,0,9.13562771405388e-14,9.13562771405388e-14,0,29,0.7,0,13,1.8273516366986333e-13
870,1.4880885860217798e-18,0,0,0,0,0,0,0,0,0,0,5.89588924450137e-15,5.89588924450137e-15,0,30,0.7,0,13,1.1793266577588763e-14
900,9.747406145003759e-20,0,0,0,0,0,0,0,0,0,0,3.8114361045424e-16,3.8114361045424e-16,0,31,0.7,0,13,7.623846949699301e-16
930,6.36056461532402e-21,0,0,0,0,0,0,0,0,0,0,2.46674104031551e-17,2.46674104031551e-17,0,32,0.7,0,13,4.9341181370925524e-17
960,4.13792305841009e-22,0,0,0,0,0,0,0,0,0,0,1.59760906160735e-18,1.59760906160735e-18,0,33,0.7,0,13,3.195631915520541e-18
990,2.68543213290574e-23,0,0,0,0,0,0,0,0,0,0,1.0351122799616899e-19,1.0351122799616899e-19,0,34,0.7,0,13,2.0704931031366705e-19
1020,1.73941521514216e-24,0,0,0,0,0,0,0,0,0,0,6.70759153656191e-21,6.70759153656191e-21,0,35,0.7,0,13,1.3416922488338963e-20
1050,1.12491847616092e-25,0,0,0,0,0,0,0,0,0,0,4.34638303510395e-22,4.34638303510395e-22,0,36,0.7,0,13,8.69389098868406e-22
1080,7.26618811293958e-27,0,0,0,0,0,0,0,0,0,0,2.81587879943311e-23,2.81587879943311e-23,0,37,0.7,0,13,5.632484217677514e-23
1110,4.6889251442291e-28,0,0,0,0,0,0,0,0,0,0,1.82383042203052e-24,1.82383042203052e-24,0,38,0.7,0,13,3.648129736575463e-24
1140,3.0235240562132e-29,0,0,0,0,0,0,0,0,0,0,1.1809003069582298e-25,1.1809003069582298e-25,0,39,0.7,0,13,2.362102966322081e-25
1170,1.94850884331297e-30,0,0,0,0,0,0,0,0,0,0,7.64336646025309e-27,7.64336646025309e-27,0,40,0.7,0,13,1.5288681429349493e-26
1200,1.2551670416305199e-31,0,0,0,0,0,0,0,0,0,0,4.94528448162572e-28,4.94528448162572e-28,0,41,0.7,0,13,9.891824130293071e-28
1230,8.08277868616634e-33,0,0,0,0,0,0,0,0,0,0,3.19839116727457e-29,3.19839116727457e-29,0,42,0.7,0,13,6.397590612417757e-29
1260,5.203794294885889e-34,0,0,0,0,0,0,0,0,0,0,2.06780020095321e-30,2.06780020095321e-30,0,43,0.7,0,13,4.136120781335908e-30
1290,3.34974807658581e-35,0,0,0,0,0,0,0,0,0,0,1.33637529293054e-31,1.33637529293054e-31,0,44,0.7,0,13,2.6730855606687386e-31
1320,2.1560682031772398e-36,0,0,0,0,0,0,0,0,0,0,8.6337508994924e-33,8.6337508994924e-33,0,45,0.7,0,13,1.7269657867187976e-32
1350,1.38768670739216e-37,0,0,0,0,0,0,0,0,0,0,5.57611267810878e-34,5.57611267810878e-34,0,46,0.7,0,13,1.115361304292495e-33
1380,8.93130010401723e-39,0,0,0,0,0,0,0,0,0,0,3.6002698469739296e-35,3.6002698469739296e-35,0,47,0.7,0,13,7.201432823958261e-35
1410,5.74836397241174e-40,0,0,0,0,0,0,0,0,0,0,2.32391867686875e-36,2.32391867686875e-36,0,48,0.7,0,13,4.648412190134741e-36
1440,3.6998923721772996e-41,0,0,0,0,0,0,0,0,0,0,1.49968495765468e-37,1.49968495765468e-37,0,49,0.7,0,13,2.999739904546578e-37
1470,2.3815275413465098e-42,0,0,0,0,0,0,0,0,0,0,9.6757135634699e-39,9.6757135634699e-39,0,50,0.7,0,13,1.9353808654481148e-38
1500,1.5330213797588198e-43,0,0,0,0,0,0,0,0,0,0,6.241371316073249e-40,6.241371316073249e-40,0,51,0.7,0,13,1.2484275653526257e-39
1530,9.8689209957887e-45,0,0,0,0,0,0,0,0,0,0,4.02532289993695e-41,4.02532289993695e-41,0,52,0.7,0,13,8.051632691973479e-41
1560,6.35362339280643e-46,0,0,0,0,0,0,0,0,0,0,2.5956977154728498e-42,2.5956977154728498e-42,0,53,0.7,0,13,5.19203079328498e-42
1590,4.0907606277733604e-47,0,0,0,0,0,0,0,0,0,0,1.6735878584675396e-43,1.6735878584675396e-43,0,54,0.7,0,13,3.3475847929978565e-43
1620,2.6340084085468398e-48,0,0,0,0,0,0,0,0,0,0,1.0789257406716998e-44,1.0789257406716998e-44,0,55,0.7,0,13,2.1581148821842543e-44
1650,1.69613276113211e-49,0,0,0,0,0,0,0,0,0,0,6.95488829202227e-46,6.95488829202227e-46,0,56,0.7,0,13,1.3911472716805673e-45
1680,1.09227201075761e-50,0,0,0,0,0,0,0,0,0,0,4.48281256091212e-47,4.48281256091212e-47,0,57,0.7,0,13,8.966717393834998e-47
1710,7.03442219764508e-52,0,0,0,0,0,0,0,0,0,0,2.8892053937836003e-48,2.8892053937836003e-48,0,58,0.7,0,13,5.779114229786965e-48
1740,4.53054988357679e-53,0,0,0,0,0,0,0,0,0,0,1.8619955997672798e-49,1.8619955997672798e-49,0,59,0.7,0,13,3.7244442545229174e-49
1770,2.9180743630524297e-54,0,0,0,0,0,0,0,0,0,0,1.19992937043488e-50,1.19992937043488e-50,0,60,0.7,0,13,2.4001505483060653e-50
1800,1.87958858642361e-55,0,0,0,0,0,0,0,0,0,0,7.73238349016177e-52,7.73238349016177e-52,0,61,0.7,0,13,1.5466646568909963e-51
1830,1.21073281586126e-56,0,0,0,0,0,0,0,0,0,0,4.98258975571376e-53,4.98258975571376e-53,0,62,0.7,0,13,9.966390244243381e-53
1860,7.799217187818731e-58,0,0,0,0,0,0,0,0,0,0,3.21058261939426e-54,3.21058261939426e-54,0,63,0.7,0,13,6.421945160507301e-54
1890,5.02422518283097e-59,0,0,0,0,0,0,0,0,0,0,2.06872168929731e-55,2.06872168929731e-55,0,64,0.7,0,13,4.137945801112903e-55
1920,3.2366881058287396e-60,0,0,0,0,0,0,0,0,0,0,1.3329441232870498e-56,1.3329441232870498e-56,0,65,0.7,0,13,2.6662119153846823e-56
1950,2.0851854591434902e-61,0,0,0,0,0,0,0,0,0,0,8.5884603846618e-58,8.5884603846618e-58,0,66,0.7,0,13,1.7179005954782743e-57
1980,1.3433807749625699e-62,0,0,0,0,0,0,0,0,0,0,5.53367609947777e-59,5.53367609947777e-59,0,67,0.7,0,13,1.1068695579730503e-58
0,250,0,0,0,0,0,0,0,0,0,0,0,0,0,1,0.7,0,14,250
30,250.000322400697,0,0,0,0,0,0,0,0,0,0,0,0,0,2,0.7,0,14,250.000322400697
60,250.000090984018,0,0,0,0,0,0,0,0,0,0,0,0,0,3,0.7,0,14,250.000090984018
90,250.000018876751,0,0,0,0,0,0,0,0,0,0,0,0,0,4,0.7,0,14,250.000018876751
120,220.569344517345,0,0,0,0,0,0,0,0,0,0,34.1788572653007,34.1788572653007,0,5,0.7,0,14,288.9270590479464
150,151.191816790091,0,0,0,0,0,0,0,0,0,0,61.9496799277883,61.9496799277883,0,6,0.7,0,14,275.0911766456676
180,101.259656050866,0,0,0,0,0,0,0,0,0,0,72.5075891041389,72.5075891041389,0,7,0.7,0,14,246.2748342591438
210,65.4601838024717,0,0,0,0,0,0,0,0,0,0,74.5583645865607,74.5583645865607,0,8,0.7,0,14,214.5769129755931
240,39.5702337754305,0,0,0,0,0,0,0,0,0,0,71.1374113058992,71.1374113058992,0,9,0.7,0,14,181.8450563872289
270,21.6055776257786,0,0,0,0,0,0,0,0,0,0,63.7484866044859,63.7484866044859,0,10,0.7,0,14,149.1025508347504
300,10.2188207935393,0,0,0,0,0,0,0,0,0,0,54.0525657531301,54.0525657531301,0,11,0.7,0,14,118.32395229979949
330,3.96815998135065,0,0,0,0,0,0,0,0,0,0,44.1239009156541,44.1239009156541,0,12,0.7,0,14,92.21596181265885
360,1.18061253033055,0,0,0,0,0,0,0,0,0,0,36.0488086984876,36.0488086984876,0,13,0.7,0,14,73.27822992730574
390,0.2490972147858,0,0,0,0,0,0,0,0,0,0,31.0683790378859,31.0683790378859,0,14,0.7,0,14,62.3858552905576
420,0.0358657884367288,0,0,0,0,0,0,0,0,0,0,28.9251562373253,28.9251562373253,0,15,0.7,0,14,57.88617826308733
450,0.0037694271839065,0,0,0,0,0,0,0,0,0,0,28.3280998218575,28.3280998218575,0,16,0.7,0,14,56.6599690708989
480,3.2719813784421e-4,0,0,0,0,0,0,0,0,0,0,28.2194134896128,28.2194134896128,0,17,0.7,0,14,56.43915417736345
510,2.55706103011503e-5,0,0,0,0,0,0,0,0,0,0,28.205055670338,28.205055670338,0,18,0.7,0,14,56.4101369112863
540,2.15246032573095e-6,0,0,0,0,0,0,0,0,0,0,1.66569843493892,1.66569843493892,0,19,0.7,0,14,3.3313990223381653
570,2.62802224955941e-7,0,0,0,0,0,0,0,0,0,0,0.0983980214326514,0.0983980214326514,0,20,0.7,0,14,0.19679630566752776
600,2.73079527043041e-8,0,0,0,0,0,0,0,0,0,0,0.00581638963636838,0.00581638963636838,0,21,0.7,0,14,0.011632806580689464
630,2.3403178861391204e-9,0,0,0,0,0,0,0,0,0,0,3.4408186319761e-4,3.4408186319761e-4,0,22,0.7,0,14,6.881660667131061e-4
660,1.81339597272632e-10,0,0,0,0,0,0,0,0,0,0,2.03710578138355e-5,2.03710578138355e-5,0,23,0.7,0,14,4.074229696726828e-5
690,1.3259863066296799e-11,0,0,0,0,0,0,0,0,0,0,1.20699683030727e-6,1.20699683030727e-6,0,24,0.7,0,14,2.4140069204776065e-6
720,9.339529122896299e-13,0,0,0,0,0,0,0,0,0,0,7.15708862898167e-8,7.15708862898167e-8,0,25,0.7,0,14,1.431427065325457e-7
750,6.408369026575291e-14,0,0,0,0,0,0,0,0,0,0,4.24718115299208e-9,4.24718115299208e-9,0,26,0.7,0,14,8.494426389674425e-9
780,4.31305059288281e-15,0,0,0,0,0,0,0,0,0,0,2.52229050285405e-10,2.52229050285405e-10,0,27,0.7,0,14,5.044624136214028e-10
810,2.86010869446646e-16,0,0,0,0,0,0,0,0,0,0,1.49904469366401e-11,1.49904469366401e-11,0,28,0.7,0,14,2.9981179884149645e-11
840,1.87449310173548e-17,0,0,0,0,0,0,0,0,0,0,8.91566820126564e-13,8.91566820126564e-13,0,29,0.7,0,14,1.7831523851841454e-12
870,1.21689602230513e-18,0,0,0,0,0,0,0,0,0,0,5.30648848426417e-14,5.30648848426417e-14,0,30,0.7,0,14,1.061309865813057e-13
900,7.83805733775717e-20,0,0,0,0,0,0,0,0,0,0,3.16059076857277e-15,3.16059076857277e-15,0,31,0.7,0,14,6.321259917718918e-15
930,5.0152904088887505e-21,0,0,0,0,0,0,0,0,0,0,1.88378047063956e-16,1.88378047063956e-16,0,32,0.7,0,14,3.7676110941832087e-16
960,3.19112436040375e-22,0,0,0,0,0,0,0,0,0,0,1.1235338802220401e-17,1.1235338802220401e-17,0,33,0.7,0,14,2.247099671687684e-17
990,2.02065121797518e-23,0,0,0,0,0,0,0,0,0,0,6.70545798897235e-19,6.70545798897235e-19,0,34,0.7,0,14,1.3411118043066497e-18
1020,1.27413051927344e-24,0,0,0,0,0,0,0,0,0,0,4.00450954111008e-20,4.00450954111008e-20,0,35,0.7,0,14,8.009146495272087e-20
1050,8.004549966016519e-26,0,0,0,0,0,0,0,0,0,0,2.3929895100716e-21,2.3929895100716e-21,0,36,0.7,0,14,4.78605906564286e-21
1080,5.01242177926761e-27,0,0,0,0,0,0,0,0,0,0,1.43085153199923e-22,1.43085153199923e-22,0,37,0.7,0,14,2.8617531882162525e-22
1110,3.12970326144985e-28,0,0,0,0,0,0,0,0,0,0,8.56056104225406e-24,8.56056104225406e-24,0,38,0.7,0,14,1.7121435054834266e-23
1140,1.949112029351e-29,0,0,0,0,0,0,0,0,0,0,5.1245435088191595e-25,5.1245435088191595e-25,0,39,0.7,0,14,1.0249281928841255e-24
1170,1.21105096276746e-30,0,0,0,0,0,0,0,0,0,0,3.06933834985871e-26,3.06933834985871e-26,0,40,0.7,0,14,6.138797804813697e-26
1200,7.50893153890707e-32,0,0,0,0,0,0,0,0,0,0,1.83934092137027e-27,1.83934092137027e-27,0,41,0.7,0,14,3.678756932055929e-27
1230,4.6469620299969994e-33,0,0,0,0,0,0,0,0,0,0,1.1028052428844e-28,1.1028052428844e-28,0,42,0.7,0,14,2.2056569553891e-28
1260,2.8708447659050597e-34,0,0,0,0,0,0,0,0,0,0,6.615242591183129e-30,6.615242591183129e-30,0,43,0.7,0,14,1.3230772266842847e-29
1290,1.7707824551474198e-35,0,0,0,0,0,0,0,0,0,0,3.97003533385368e-31,3.97003533385368e-31,0,44,0.7,0,14,7.940247745952875e-31
1320,1.09066982261978e-36,0,0,0,0,0,0,0,0,0,0,2.38361417890311e-32,2.38361417890311e-32,0,45,0.7,0,14,4.767337424788482e-32
1350,6.70880466791303e-38,0,0,0,0,0,0,0,0,0,0,1.4317328172325499e-33,1.4317328172325499e-33,0,46,0.7,0,14,2.863532722511779e-33
1380,4.12160513965737e-39,0,0,0,0,0,0,0,0,0,0,8.603278627528579e-35,8.603278627528579e-35,0,47,0.7,0,14,1.7206969415571123e-34
1410,2.5292854373968797e-40,0,0,0,0,0,0,0,0,0,0,5.17170426434131e-36,5.17170426434131e-36,0,48,0.7,0,14,1.0343661457226359e-35
1440,1.5505159212453e-41,0,0,0,0,0,0,0,0,0,0,3.11001810276329e-37,3.11001810276329e-37,0,49,0.7,0,14,6.2201912571187045e-37
1470,9.495867446266158e-43,0,0,0,0,0,0,0,0,0,0,1.87087047585122e-38,1.87087047585122e-38,0,50,0.7,0,14,3.741835910376903e-38
1500,5.81035996861632e-44,0,0,0,0,0,0,0,0,0,0,1.12581832993335e-39,1.12581832993335e-39,0,51,0.7,0,14,2.2516947634663864e-39
1530,3.55229160252778e-45,0,0,0,0,0,0,0,0,0,0,6.776869460399599e-41,6.776869460399599e-41,0,52,0.7,0,14,1.355409414995945e-40
1560,2.17008183835728e-46,0,0,0,0,0,0,0,0,0,0,4.08055062262095e-42,4.08055062262095e-42,0,53,0.7,0,14,8.161318253425736e-42
1590,1.32473238074733e-47,0,0,0,0,0,0,0,0,0,0,2.4577070784267394e-43,2.4577070784267394e-43,0,54,0.7,0,14,4.915546630091553e-43
1620,8.08137794392857e-49,0,0,0,0,0,0,0,0,0,0,1.48066310240685e-44,1.48066310240685e-44,0,55,0.7,0,14,2.961407018593139e-44
1650,4.92682225199794e-50,0,0,0,0,0,0,0,0,0,0,8.92258075423248e-46,8.92258075423248e-46,0,56,0.7,0,14,1.784565419069016e-45
1680,3.00185727235674e-51,0,0,0,0,0,0,0,0,0,0,5.37806902751708e-47,5.37806902751708e-47,0,57,0.7,0,14,1.0756438240761396e-46
1710,1.8279779095288e-52,0,0,0,0,0,0,0,0,0,0,3.24233361714013e-48,3.24233361714013e-48,0,58,0.7,0,14,6.484850032071213e-48
1740,1.1125626216447101e-53,0,0,0,0,0,0,0,0,0,0,1.9551428684498597e-49,1.9551428684498597e-49,0,59,0.7,0,14,3.910396993161884e-49
1770,6.76806238729951e-55,0,0,0,0,0,0,0,0,0,0,1.17918796329548e-50,1.17918796329548e-50,0,60,0.7,0,14,2.358443607214833e-50
1800,4.115317545644239e-56,0,0,0,0,0,0,0,0,0,0,7.11321314832026e-52,7.11321314832026e-52,0,61,0.7,0,14,1.4226837828395085e-51
1830,2.50122806543139e-57,0,0,0,0,0,0,0,0,0,0,4.29162329628464e-53,4.29162329628464e-53,0,62,0.7,0,14,8.583496715375824e-53
1860,1.5195856423937601e-58,0,0,0,0,0,0,0,0,0,0,2.5896753574158e-54,2.5896753574158e-54,0,63,0.7,0,14,5.17950267339584e-54
1890,9.228460692056049e-60,0,0,0,0,0,0,0,0,0,0,1.56290367645861e-55,1.56290367645861e-55,0,64,0.7,0,14,3.1258996375241406e-55
1920,5.6024128456058505e-61,0,0,0,0,0,0,0,0,0,0,9.43360490126722e-57,9.43360490126722e-57,0,65,0.7,0,14,1.8867770043819e-56
1950,3.3999430186099498e-62,0,0,0,0,0,0,0,0,0,0,5.69478558229101e-58,5.69478558229101e-58,0,66,0.7,0,14,1.1389911158883882e-57
1980,2.06265790942757e-63,0,0,0,0,0,0,0,0,0,0,3.4381684304536004e-59,3.4381684304536004e-59,0,67,0.7,0,14,6.876543126698143e-59
0,250,0,0,0,0,0,0,0,0,0,0,0,0,0,1,0.7,0,15,250
30,250.000322400697,0,0,0,0,0,0,0,0,0,0,0,0,0,2,0.7,0,15,250.000322400697
60,250.000090984018,0,0,0,0,0,0,0,0,0,0,0,0,0,3,0.7,0,15,250.000090984018
90,250.000018876751,0,0,0,0,0,0,0,0,0,0,0,0,0,4,0.7,0,15,250.000018876751
120,220.569344517345,0,0,0,0,0,0,0,0,0,0,34.1788572653007,34.1788572653007,0,5,0.7,0,15,288.9270590479464
150,151.191816790091,0,0,0,0,0,0,0,0,0,0,61.9496799277883,61.9496799277883,0,6,0.7,0,15,275.0911766456676
180,101.259656050866,0,0,0,0,0,0,0,0,0,0,72.5075891041389,72.5075891041389,0,7,0.7,0,15,246.2748342591438
210,65.4601838024717,0,0,0,0,0,0,0,0,0,0,74.5583645865607,74.5583645865607,0,8,0.7,0,15,214.5769129755931
240,39.5702337754305,0,0,0,0,0,0,0,0,0,0,71.1374113058992,71.1374113058992,0,9,0.7,0,15,181.8450563872289
270,21.6055776257786,0,0,0,0,0,0,0,0,0,0,63.7484866044859,63.7484866044859,0,10,0.7,0,15,149.1025508347504
300,10.2188207935393,0,0,0,0,0,0,0,0,0,0,54.0525657531301,54.0525657531301,0,11,0.7,0,15,118.32395229979949
330,3.96815998135065,0,0,0,0,0,0,0,0,0,0,44.1239009156541,44.1239009156541,0,12,0.7,0,15,92.21596181265885
360,1.18061253033055,0,0,0,0,0,0,0,0,0,0,36.0488086984876,36.0488086984876,0,13,0.7,0,15,73.27822992730574
390,0.2490972147858,0,0,0,0,0,0,0,0,0,0,31.0683790378859,31.0683790378859,0,14,0.7,0,15,62.3858552905576
420,0.0358657884367288,0,0,0,0,0,0,0,0,0,0,28.9251562373253,28.9251562373253,0,15,0.7,0,15,57.88617826308733
450,0.0037694271839065,0,0,0,0,0,0,0,0,0,0,28.3280998218575,28.3280998218575,0,16,0.7,0,15,56.6599690708989
480,3.2719813784421e-4,0,0,0,0,0,0,0,0,0,0,28.2194134896128,28.2194134896128,0,17,0.7,0,15,56.43915417736345
510,2.55706103011503e-5,0,0,0,0,0,0,0,0,0,0,28.205055670338,28.205055670338,0,18,0.7,0,15,56.4101369112863
540,1.87953591732612e-6,0,0,0,0,0,0,0,0,0,0,28.2035112396805,28.2035112396805,0,19,0.7,0,15,56.40702435889691
570,1.48934527135832e-7,0,0,0,0,0,0,0,0,0,0,1.66550894317127,1.66550894317127,0,20,0.7,0,15,3.331018035277067
600,1.68076039837805e-8,0,0,0,0,0,0,0,0,0,0,0.0983555513601088,0.0983555513601088,0,21,0.7,0,15,0.19671111952782158
630,1.6884209552186301e-09,0,0,0,0,0,0,0,0,0,0,0.00580855119211214,0.00580855119211214,0,22,0.7,0,15,0.011617104072645235
660,1.4263601355925002e-10,0,0,0,0,0,0,0,0,0,0,3.4304972098797e-4,3.4304972098797e-4,0,23,0.7,0,15,6.860995846119536e-4
690,1.09655346907346e-11,0,0,0,0,0,0,0,0,0,0,2.0261274812135e-5,2.0261274812135e-5,0,24,0.7,0,15,4.0522560589804696e-5
720,7.97724852229089e-13,0,0,0,0,0,0,0,0,0,0,1.19673190413117e-6,1.19673190413117e-6,0,25,0.7,0,15,2.393464605987192e-6
750,5.59774880680672e-14,0,0,0,0,0,0,0,0,0,0,7.06882712749164e-8,7.06882712749164e-8,0,26,0.7,0,15,1.4137659852732087e-7
780,3.82947376160163e-15,0,0,0,0,0,0,0,0,0,0,4.175593649754881e-9,4.175593649754881e-9,0,27,0.7,0,15,8.351191128983523e-9
810,2.5708065989209897e-16,0,0,0,0,0,0,0,0,0,0,2.4666609381091403e-10,2.4666609381091403e-10,0,28,0.7,0,15,4.93332444702488e-10
840,1.700873020009e-17,0,0,0,0,0,0,0,0,0,0,1.4572062553320698e-11,1.4572062553320698e-11,0,29,0.7,0,15,2.91441421153716e-11
870,1.1123482239519699e-18,0,0,0,0,0,0,0,0,0,0,8.60900419675673e-13,8.60900419675673e-13,0,30,0.7,0,15,1.72180195169957e-12
900,7.20626022852575e-20,0,0,0,0,0,0,0,0,0,0,5.0863367703149505e-14,5.0863367703149505e-14,0,31,0.7,0,15,1.017268074689013e-13
930,4.63207402337717e-21,0,0,0,0,0,0,0,0,0,0,3.00522905205416e-15,3.00522905205416e-15,0,32,0.7,0,15,6.010462736182344e-15
960,2.9578090060878697e-22,0,0,0,0,0,0,0,0,0,0,1.77570285375405e-16,1.77570285375405e-16,0,33,0.7,0,15,3.551408665317106e-16
990,1.8780650442890298e-23,0,0,0,0,0,0,0,0,0,0,1.04926025934757e-17,1.04926025934757e-17,0,34,0.7,0,15,2.0985223967601842e-17
1020,1.18666798039532e-24,0,0,0,0,0,0,0,0,0,0,6.200351943514769e-19,6.200351943514769e-19,0,35,0.7,0,15,1.2400715753709343e-18
1050,7.46612079708528e-26,0,0,0,0,0,0,0,0,0,0,3.66411933990112e-20,3.66411933990112e-20,0,36,0.7,0,15,7.328246145923037e-20
1080,4.67981855262259e-27,0,0,0,0,0,0,0,0,0,0,2.16542423734224e-21,2.16542423734224e-21,0,37,0.7,0,15,4.330853154503032e-21
1110,2.9235800186557197e-28,0,0,0,0,0,0,0,0,0,0,1.27978334126165e-22,1.27978334126165e-22,0,38,0.7,0,15,2.5595696061033185e-22
1140,1.82098908761447e-29,0,0,0,0,0,0,0,0,0,0,7.56397259685559e-24,7.56397259685559e-24,0,39,0.7,0,15,1.5127963403602056e-23
1170,1.131194034336e-30,0,0,0,0,0,0,0,0,0,0,4.47078136798437e-25,4.47078136798437e-25,0,40,0.7,0,15,8.941574047909082e-25
1200,7.00997370701318e-32,0,0,0,0,0,0,0,0,0,0,2.64263305993247e-26,2.64263305993247e-26,0,41,0.7,0,15,5.285273129838647e-26
1230,4.33452863198319e-33,0,0,0,0,0,0,0,0,0,0,1.56210489554592e-27,1.56210489554592e-27,0,42,0.7,0,15,3.124214125620472e-27
1260,2.6748382676409697e-34,0,0,0,0,0,0,0,0,0,0,9.23428706607054e-29,9.23428706607054e-29,0,43,0.7,0,15,1.8468600880523756e-28
1290,1.6476187307728698e-35,0,0,0,0,0,0,0,0,0,0,5.4590408650687096e-30,5.4590408650687096e-30,0,44,0.7,0,15,1.0918098206324727e-29
1320,1.0131738068398e-36,0,0,0,0,0,0,0,0,0,0,3.2273722558346496e-31,3.2273722558346496e-31,0,45,0.7,0,15,6.454754643407368e-31
1350,6.22065657993296e-38,0,0,0,0,0,0,0,0,0,0,1.90810145513317e-32,1.90810145513317e-32,0,46,0.7,0,15,3.81620913092292e-32
1380,3.81385481646566e-39,0,0,0,0,0,0,0,0,0,0,1.1281672579114699e-33,1.1281672579114699e-33,0,47,0.7,0,15,2.2563383296777563e-33
1410,2.3351398792552597e-40,0,0,0,0,0,0,0,0,0,0,6.67060287793247e-35,6.67060287793247e-35,0,48,0.7,0,15,1.3341229107263731e-34
1440,1.4279825845359799e-41,0,0,0,0,0,0,0,0,0,0,3.9443567284132396e-36,3.9443567284132396e-36,0,49,0.7,0,15,7.888727736652324e-36
1470,8.722290900456908e-43,0,0,0,0,0,0,0,0,0,0,2.33241982638893e-37,2.33241982638893e-37,0,50,0.7,0,15,4.664848375068761e-37
1500,5.32192445334712e-44,0,0,0,0,0,0,0,0,0,0,1.37929332990416e-38,1.37929332990416e-38,0,51,0.7,0,15,2.758591981732773e-38
1530,3.2438970658570395e-45,0,0,0,0,0,0,0,0,0,0,8.156913408504249e-40,8.156913408504249e-40,0,52,0.7,0,15,1.6313859255979157e-39
1560,1.97538915266198e-46,0,0,0,0,0,0,0,0,0,0,4.824077784481099e-41,4.824077784481099e-41,0,53,0.7,0,15,9.648175322853725e-41
1590,1.2018496060213401e-47,0,0,0,0,0,0,0,0,0,0,2.8531323185844998e-42,2.8531323185844998e-42,0,54,0.7,0,15,5.70627665566506e-42
1620,7.30603832226372e-49,0,0,0,0,0,0,0,0,0,0,1.6875187689932797e-43,1.6875187689932797e-43,0,55,0.7,0,15,3.375044844024882e-43
1650,4.43781035588636e-50,0,0,0,0,0,0,0,0,0,0,9.981465767014989e-45,9.981465767014989e-45,0,56,0.7,0,15,1.9962975912133535e-44
1680,2.69357727033954e-51,0,0,0,0,0,0,0,0,0,0,5.90417150719464e-46,5.90417150719464e-46,0,57,0.7,0,15,1.1808369950161983e-45
1710,1.63373447787457e-52,0,0,0,0,0,0,0,0,0,0,3.4925486228399998e-47,3.4925486228399998e-47,0,58,0.7,0,15,6.985113583024778e-47
1740,9.902410580747039e-54,0,0,0,0,0,0,0,0,0,0,2.06606856222001e-48,2.06606856222001e-48,0,59,0.7,0,15,4.1321470268506005e-48
1770,5.998223919166389e-55,0,0,0,0,0,0,0,0,0,0,1.2222658747815e-49,1.2222658747815e-49,0,60,0.7,0,15,2.4445377477869192e-49
1800,3.6311190379268997e-56,0,0,0,0,0,0,0,0,0,0,7.23111465343118e-51,7.23111465343118e-51,0,61,0.7,0,15,1.446226561805274e-50
1830,2.19688414448078e-57,0,0,0,0,0,0,0,0,0,0,4.27822208998082e-52,4.27822208998082e-52,0,62,0.7,0,15,8.556466148803085e-52
1860,1.32841744566451e-58,0,0,0,0,0,0,0,0,0,0,2.53127793286406e-53,2.53127793286406e-53,0,63,0.7,0,15,5.062569149902577e-53
1890,8.02848891613774e-60,0,0,0,0,0,0,0,0,0,0,1.4977339679837098e-54,1.4977339679837098e-54,0,64,0.7,0,15,2.995475964456336e-54
1920,4.84970381246871e-61,0,0,0,0,0,0,0,0,0,0,8.86232706759179e-56,8.86232706759179e-56,0,65,0.7,0,15,1.7724702632221702e-55
1950,2.9281170929445002e-62,0,0,0,0,0,0,0,0,0,0,5.24419730464596e-57,5.24419730464596e-57,0,66,0.7,0,15,1.0488423890462847e-56
1980,1.76710568717068e-63,0,0,0,0,0,0,0,0,0,0,3.1033326642155402e-58,3.1033326642155402e-58,0,67,0.7,0,15,6.206682999487952e-58
0,250,0,0,0,0,0,0,0,0,0,0,0,0,0,1,0.7,0,16,250
30,250.000322400697,0,0,0,0,0,0,0,0,0,0,0,0,0,2,0.7,0,16,250.000322400697
60,250.000090984018,0,0,0,0,0,0,0,0,0,0,0,0,0,3,0.7,0,16,250.000090984018
90,250.000018876751,0,0,0,0,0,0,0,0,0,0,0,0,0,4,0.7,0,16,250.000018876751
120,220.569344517345,0,0,0,0,0,0,0,0,0,0,34.1788572653007,34.1788572653007,0,5,0.7,0,16,288.9270590479464
150,151.191816790091,0,0,0,0,0,0,0,0,0,0,61.9496799277883,61.9496799277883,0,6,0.7,0,16,275.0911766456676
180,101.259656050866,0,0,0,0,0,0,0,0,0,0,72.5075891041389,72.5075891041389,0,7,0.7,0,16,246.2748342591438
210,65.4601838024717,0,0,0,0,0,0,0,0,0,0,74.5583645865607,74.5583645865607,0,8,0.7,0,16,214.5769129755931
240,39.5702337754305,0,0,0,0,0,0,0,0,0,0,71.1374113058992,71.1374113058992,0,9,0.7,0,16,181.8450563872289
270,21.6055776257786,0,0,0,0,0,0,0,0,0,0,63.7484866044859,63.7484866044859,0,10,0.7,0,16,149.1025508347504
300,10.2188207935393,0,0,0,0,0,0,0,0,0,0,54.0525657531301,54.0525657531301,0,11,0.7,0,16,118.32395229979949
330,3.96815998135065,0,0,0,0,0,0,0,0,0,0,44.1239009156541,44.1239009156541,0,12,0.7,0,16,92.21596181265885
360,1.18061253033055,0,0,0,0,0,0,0,0,0,0,36.0488086984876,36.0488086984876,0,13,0.7,0,16,73.27822992730574
390,0.2490972147858,0,0,0,0,0,0,0,0,0,0,31.0683790378859,31.0683790378859,0,14,0.7,0,16,62.3858552905576
420,0.0358657884367288,0,0,0,0,0,0,0,0,0,0,28.9251562373253,28.9251562373253,0,15,0.7,0,16,57.88617826308733
450,0.0037694271839065,0,0,0,0,0,0,0,0,0,0,28.3280998218575,28.3280998218575,0,16,0.7,0,16,56.6599690708989
480,3.2719813784421e-4,0,0,0,0,0,0,0,0,0,0,28.2194134896128,28.2194134896128,0,17,0.7,0,16,56.43915417736345
510,2.55706103011503e-5,0,0,0,0,0,0,0,0,0,0,28.205055670338,28.205055670338,0,18,0.7,0,16,56.4101369112863
540,1.87953591732612e-6,0,0,0,0,0,0,0,0,0,0,28.2035112396805,28.2035112396805,0,19,0.7,0,16,56.40702435889691
570,1.32816265323952e-7,0,0,0,0,0,0,0,0,0,0,28.2033653225119,28.2033653225119,0,20,0.7,0,16,56.40673077784007
600,1.00838264329466e-8,0,0,0,0,0,0,0,0,0,0,1.6654931263594,1.6654931263594,0,21,0.7,0,16,3.330986262802626
630,1.0686438624458802e-9,0,0,0,0,0,0,0,0,0,0,0.0983524753321857,0.0983524753321857,0,22,0.7,0,16,0.19670495173301528
660,1.04199229118393e-10,0,0,0,0,0,0,0,0,0,0,0.00580802917536822,0.00580802917536822,0,23,0.7,0,16,0.01161605845493567
690,8.688218347734669e-12,0,0,0,0,0,0,0,0,0,0,3.4298370591977e-4,3.4298370591977e-4,0,24,0.7,0,16,6.859674205277583e-4
720,6.631846759956149e-13,0,0,0,0,0,0,0,0,0,0,2.02544006410314e-5,2.02544006410314e-5,0,25,0.7,0,16,4.050880194524748e-5
750,4.8029566435073104e-14,0,0,0,0,0,0,0,0,0,0,1.19609729998997e-6,1.19609729998997e-6,0,26,0.7,0,16,2.3921946480095065e-6
780,3.3598928996578502e-15,0,0,0,0,0,0,0,0,0,0,7.06341672706476e-8,7.06341672706476e-8,0,27,0.7,0,16,1.412683379011881e-7
810,2.2933231584393897e-16,0,0,0,0,0,0,0,0,0,0,4.17123208644865e-9,4.17123208644865e-9,0,28,0.7,0,16,8.342464402229616e-9
840,1.53687286001528e-17,0,0,0,0,0,0,0,0,0,0,2.4632873989991e-10,2.4632873989991e-10,0,29,0.7,0,16,4.926574951685486e-10
870,1.01539943862873e-18,0,0,0,0,0,0,0,0,0,0,1.4546785043558398e-11,1.4546785043558398e-11,0,30,0.7,0,16,2.9093571102516235e-11
900,6.633013385381429e-20,0,0,0,0,0,0,0,0,0,0,8.590534037241669e-13,8.590534037241669e-13,0,31,0.7,0,16,1.7181068737784677e-12
930,4.29303290416968e-21,0,0,0,0,0,0,0,0,0,0,5.07311269413918e-14,5.07311269413918e-14,0,32,0.7,0,16,1.0146225817581651e-13
960,2.75723042623199e-22,0,0,0,0,0,0,0,0,0,0,2.9959189638411702e-15,2.9959189638411702e-15,0,33,0.7,0,16,5.991838203405383e-15
990,1.75936575218621e-23,0,0,0,0,0,0,0,0,0,0,1.7692402842347098e-16,1.7692402842347098e-16,0,34,0.7,0,16,3.538480744405995e-16
1020,1.1164007498920701e-24,0,0,0,0,0,0,0,0,0,0,1.0448279498521601e-17,1.0448279498521601e-17,0,35,0.7,0,16,2.0896560113443953e-17
1050,7.050010761413919e-26,0,0,0,0,0,0,0,0,0,0,6.170266884229489e-19,6.170266884229489e-19,0,36,0.7,0,16,1.2340534473460054e-18
1080,4.43331484636554e-27,0,0,0,0,0,0,0,0,0,0,3.6438821385081495e-20,3.6438821385081495e-20,0,37,0.7,0,16,7.287764720347784e-20
1110,2.77749435199345e-28,0,0,0,0,0,0,0,0,0,0,2.1519188910427103e-21,2.1519188910427103e-21,0,38,0.7,0,16,4.303838059834856e-21
1140,1.73437883336426e-29,0,0,0,0,0,0,0,0,0,0,1.2708335729356e-22,1.2708335729356e-22,0,39,0.7,0,16,2.541667319309083e-22
1170,1.07982316846994e-30,0,0,0,0,0,0,0,0,0,0,7.50503402183037e-24,7.50503402183037e-24,0,40,0.7,0,16,1.501006912348391e-23
1200,6.705143323747551e-32,0,0,0,0,0,0,0,0,0,0,4.43218475283038e-25,4.43218475283038e-25,0,41,0.7,0,16,8.864370176175093e-25
1230,4.15356099185977e-33,0,0,0,0,0,0,0,0,0,0,2.6174852892218797e-26,2.6174852892218797e-26,0,42,0.7,0,16,5.234970993799859e-26
1260,2.56735225299407e-34,0,0,0,0,0,0,0,0,0,0,1.54579481989032e-27,1.54579481989032e-27,0,43,0.7,0,16,3.0915898965158652e-27
1290,1.58374563793263e-35,0,0,0,0,0,0,0,0,0,0,9.12894623697265e-29,9.12894623697265e-29,0,44,0.7,0,16,1.8257894057690939e-28
1320,9.75198179932679e-37,0,0,0,0,0,0,0,0,0,0,5.39126469285493e-30,5.39126469285493e-30,0,45,0.7,0,16,1.078253036090804e-29
1350,5.99475539182651e-38,0,0,0,0,0,0,0,0,0,0,3.1839179210560898e-31,3.1839179210560898e-31,0,46,0.7,0,16,6.367836441587719e-31
1380,3.67940394833988e-39,0,0,0,0,0,0,0,0,0,0,1.88033086658887e-32,1.88033086658887e-32,0,47,0.7,0,16,3.760662101118135e-32
1410,2.2550745245490297e-40,0,0,0,0,0,0,0,0,0,0,1.11047270963793e-33,1.11047270963793e-33,0,48,0.7,0,16,2.2209456447833124e-33
1440,1.38027742302755e-41,0,0,0,0,0,0,0,0,0,0,6.55817056335639e-35,6.55817056335639e-35,0,49,0.7,0,16,1.3116342506990202e-34
1470,8.437891287386648e-43,0,0,0,0,0,0,0,0,0,0,3.87310015368024e-36,3.87310015368024e-36,0,50,0.7,0,16,7.746201151149608e-36
1500,5.152280622686039e-44,0,0,0,0,0,0,0,0,0,0,2.28736751842062e-37,2.28736751842062e-37,0,51,0.7,0,16,4.574735552069302e-37
1530,3.14264719250183e-45,0,0,0,0,0,0,0,0,0,0,1.35087254071427e-38,1.35087254071427e-38,0,52,0.7,0,16,2.7017453956932594e-38
1560,1.91492478360132e-46,0,0,0,0,0,0,0,0,0,0,7.97799940820286e-40,7.97799940820286e-40,0,53,0.7,0,16,1.59560007313305e-39
1590,1.16572078327424e-47,0,0,0,0,0,0,0,0,0,0,4.71166958558632e-41,4.71166958558632e-41,0,54,0.7,0,16,9.4233403368934235e-41
1620,7.090036538791009e-49,0,0,0,0,0,0,0,0,0,0,2.7826389235994097e-42,2.7826389235994097e-42,0,55,0.7,0,16,5.5652785562024736e-42
1650,4.30859638561876e-50,0,0,0,0,0,0,0,0,0,0,1.6433879010165196e-43,1.6433879010165196e-43,0,56,0.7,0,16,3.2867762328926778e-43
1680,2.61623641658429e-51,0,0,0,0,0,0,0,0,0,0,9.705647529900299e-45,9.705647529900299e-45,0,57,0.7,0,16,1.9411297676037015e-44
1710,1.5874160340744302e-52,0,0,0,0,0,0,0,0,0,0,5.7320523215104205e-46,5.7320523215104205e-46,0,58,0.7,0,16,1.1464106230436875e-45
1740,9.62486006835982e-54,0,0,0,0,0,0,0,0,0,0,3.3852985598022203e-47,3.3852985598022203e-47,0,59,0.7,0,16,6.770598082090447e-47
1770,5.8318174541595195e-55,0,0,0,0,0,0,0,0,0,0,1.99933241267251e-48,1.99933241267251e-48,0,60,0.7,0,16,3.9986654085267656e-48
1800,3.5312950481420498e-56,0,0,0,0,0,0,0,0,0,0,1.18079426829862e-49,1.18079426829862e-49,0,61,0.7,0,16,2.3615888897267448e-49
1830,2.13696960899787e-57,0,0,0,0,0,0,0,0,0,0,6.97372255238171e-51,6.97372255238171e-51,0,62,0.7,0,16,1.394744724173303e-50
1860,1.2924377473819999e-58,0,0,0,0,0,0,0,0,0,0,4.11866332511323e-52,4.11866332511323e-52,0,63,0.7,0,16,8.237327942664208e-52
1890,7.812313676061939e-60,0,0,0,0,0,0,0,0,0,0,2.43247910522911e-53,2.43247910522911e-53,0,64,0.7,0,16,4.864958991689587e-53
1920,4.719755048040321e-61,0,0,0,0,0,0,0,0,0,0,1.4366240823080598e-54,1.4366240823080598e-54,0,65,0.7,0,16,2.8732486365916244e-54
1950,2.84996323503233e-62,0,0,0,0,0,0,0,0,0,0,8.48473658464643e-56,8.48473658464643e-56,0,66,0.7,0,16,1.6969476019256094e-55
1980,1.72008004804672e-63,0,0,0,0,0,0,0,0,0,0,5.01111976810201e-57,5.01111976810201e-57,0,67,0.7,0,16,1.0022241256284068e-56
0,250,0,0,0,0,0,0,0,0,0,0,0,0,0,1,0.7,0,6,250
30,250.000322400697,0,0,0,0,0,0,0,0,0,0,0,0,0,2,0.7,0,6,250.000322400697
60,250.000090984018,0,0,0,0,0,0,0,0,0,0,0,0,0,3,0.7,0,6,250.000090984018
90,250.000018876751,0,0,0,0,0,0,0,0,0,0,0,0,0,4,0.7,0,6,250.000018876751
120,220.569344517345,0,0,0,0,0,0,0,0,0,0,34.1788572653007,34.1788572653007,0,5,0.7,0,6,288.9270590479464
150,151.191816790091,0,0,0,0,0,0,0,0,0,0,61.9496799277883,61.9496799277883,0,6,0.7,0,6,275.0911766456676
180,101.259656050866,0,0,0,0,0,0,0,0,0,0,72.5075891041389,72.5075891041389,0,7,0.7,0,6,246.2748342591438
210,65.4601838024717,0,0,0,0,0,0,0,0,0,0,74.5583645865607,74.5583645865607,0,8,0.7,0,6,214.5769129755931
240,39.5702337754305,0,0,0,0,0,0,0,0,0,0,71.1374113058992,71.1374113058992,0,9,0.7,0,6,181.8450563872289
270,21.6055776257786,0,0,0,0,0,0,0,0,0,0,63.7484866044859,63.7484866044859,0,10,0.7,0,6,149.1025508347504
300,14.3575452616215,0,0,0,0,0,0,0,0,0,0,37.7712162247545,37.7712162247545,0,11,0.7,0,6,89.89997771113049
330,13.4095332050413,0,0,0,0,0,0,0,0,0,0,33.8052044754367,33.8052044754367,0,12,0.7,0,6,81.0199421559147
360,14.7883098019202,0,0,0,0,0,0,0,0,0,0,33.9590591142826,33.9590591142826,0,13,0.7,0,6,82.7064280304854
390,16.8840013131201,0,0,0,0,0,0,0,0,0,0,35.4208054861524,35.4208054861524,0,14,0.7,0,6,87.7256122854249
420,19.649630289067,0,0,0,0,0,0,0,0,0,0,37.3120772174021,37.3120772174021,0,15,0.7,0,6,94.2737847238712
450,23.0813171982591,0,0,0,0,0,0,0,0,0,0,39.3420463825196,39.3420463825196,0,16,0.7,0,6,101.7654099632983
480,27.3304323240264,0,0,0,0,0,0,0,0,0,0,41.4124247971379,41.4124247971379,0,17,0.7,0,6,110.15528191830221
510,32.6025030842954,0,0,0,0,0,0,0,0,0,0,43.420356602523,43.420356602523,0,18,0.7,0,6,119.4432162893414
540,39.1694208639082,0,0,0,0,0,0,0,0,0,0,45.2504535291495,45.2504535291495,0,19,0.7,0,6,129.6703279222072
570,47.3668945181534,0,0,0,0,0,0,0,0,0,0,46.7371985092416,46.7371985092416,0,20,0.7,0,6,140.84129153663662
600,57.58680670625,0,0,0,0,0,0,0,0,0,0,47.6568890188742,47.6568890188742,0,21,0.7,0,6,152.90058474399842
630,70.2429391588306,0,0,0,0,0,0,0,0,0,0,47.7240736379184,47.7240736379184,0,22,0.7,0,6,165.6910864346674
660,85.6875613035607,0,0,0,0,0,0,0,0,0,0,46.6145931297612,46.6145931297612,0,23,0.7,0,6,178.9167475630831
690,104.056972788337,0,0,0,0,0,0,0,0,0,0,44.0317616382241,44.0317616382241,0,24,0.7,0,6,192.1204960647852
720,125.052695640169,0,0,0,0,0,0,0,0,0,0,39.8278859872273,39.8278859872273,0,25,0.7,0,6,204.7084676146236
750,147.741708486748,0,0,0,0,0,0,0,0,0,0,34.1530414606581,34.1530414606581,0,26,0.7,0,6,216.0477914080642
780,170.552363798908,0,0,0,0,0,0,0,0,0,0,27.5372184358866,27.5372184358866,0,27,0.7,0,6,225.6268006706812
810,191.620672230273,0,0,0,0,0,0,0,0,0,0,20.7904899993191,20.7904899993191,0,28,0.7,0,6,233.2016522289112
840,209.394834409274,0,0,0,0,0,0,0,0,0,0,14.7199302563278,14.7199302563278,0,29,0.7,0,6,238.8346949219296
870,223.12617797717,0,0,0,0,0,0,0,0,0,0,9.84097777631914,9.84097777631914,0,30,0.7,0,6,242.80813352980826
900,232.93500103637,0,0,0,0,0,0,0,0,0,0,6.27773688104153,6.27773688104153,0,31,0.7,0,6,245.49047479845308
930,239.505050200113,0,0,0,0,0,0,0,0,0,0,3.8653864737626,3.8653864737626,0,32,0.7,0,6,247.2358231476382
960,243.693855469354,0,0,0,0,0,0,0,0,0,0,2.32141693800302,2.32141693800302,0,33,0.7,0,6,248.33668934536004
990,246.27089935583,0,0,0,0,0,0,0,0,0,0,1.37122751136763,1.37122751136763,0,34,0.7,0,6,249.01335437856528
1020,247.817924316273,0,0,0,0,0,0,0,0,0,0,0.801465002250195,0.801465002250195,0,35,0.7,0,6,249.4208543207734
1050,248.731692945279,0,0,0,0,0,0,0,0,0,0,0.465417041750863,0.465417041750863,0,36,0.7,0,6,249.66252702878074
1080,249.265865147614,0,0,0,0,0,0,0,0,0,0,0.269220567285689,0.269220567285689,0,37,0.7,0,6,249.80430628218537
1110,249.576129511296,0,0,0,0,0,0,0,0,0,0,0.155372637986631,0.155372637986631,0,38,0.7,0,6,249.88687478726925
1140,249.755636231141,0,0,0,0,0,0,0,0,0,0,0.0895480844459889,0.0895480844459889,0,39,0.7,0,6,249.934732400033
1170,249.859248101741,0,0,0,0,0,0,0,0,0,0,0.051570160326232,0.051570160326232,0,40,0.7,0,6,249.96238842239347
1200,249.918970080162,0,0,0,0,0,0,0,0,0,0,0.0296854870375311,0.0296854870375311,0,41,0.7,0,6,249.97834105423706
1230,249.95336578004,0,0,0,0,0,0,0,0,0,0,0.0170834845593823,0.0170834845593823,0,42,0.7,0,6,249.98753274915876
1260,249.973165869727,0,0,0,0,0,0,0,0,0,0,0.00982977022145581,0.00982977022145581,0,43,0.7,0,6,249.99282541016993
1290,249.984560754763,0,0,0,0,0,0,0,0,0,0,0.00565552102318353,0.00565552102318353,0,44,0.7,0,6,249.99587179680938
1320,249.991117421725,0,0,0,0,0,0,0,0,0,0,0.00325372018827133,0.00325372018827133,0,45,0.7,0,6,249.99762486210153
1350,249.99488980731,0,0,0,0,0,0,0,0,0,0,0.00187186838509743,0.00187186838509743,0,46,0.7,0,6,249.99863354408018
1380,249.99706013754,0,0,0,0,0,0,0,0,0,0,0.00107686990347153,0.00107686990347153,0,47,0.7,0,6,249.99921387734693
1410,249.998308734245,0,0,0,0,0,0,0,0,0,0,6.1950817259349e-4,6.1950817259349e-4,0,48,0.7,0,6,249.99954775059018
1440,249.999027042476,0,0,0,0,0,0,0,0,0,0,3.5639242511002e-4,3.5639242511002e-4,0,49,0.7,0,6,249.9997398273262
1470,249.999440275541,0,0,0,0,0,0,0,0,0,0,2.0502580362902e-4,2.0502580362902e-4,0,50,0.7,0,6,249.99985032714824
1500,249.999678001569,0,0,0,0,0,0,0,0,0,0,1.1794724322305e-4,1.1794724322305e-4,0,51,0.7,0,6,249.99991389605546
1530,249.999814760888,0,0,0,0,0,0,0,0,0,0,6.78526187817296e-5,6.78526187817296e-5,0,52,0.7,0,6,249.99995046612557
1560,249.999893435803,0,0,0,0,0,0,0,0,0,0,3.903419012632e-5,3.903419012632e-5,0,53,0.7,0,6,249.99997150418324
1590,249.999938695867,0,0,0,0,0,0,0,0,0,0,2.2455544103602e-5,2.2455544103602e-5,0,54,0.7,0,6,249.9999836069552
1620,249.999964733034,0,0,0,0,0,0,0,0,0,0,1.2918197082154e-5,1.2918197082154e-5,0,55,0.7,0,6,249.99999056942818
1650,249.999979711665,0,0,0,0,0,0,0,0,0,0,7.43156327211767e-6,7.43156327211767e-6,0,56,0.7,0,6,249.99999457479154
1680,249.999988328555,0,0,0,0,0,0,0,0,0,0,4.27521957528317e-6,4.27521957528317e-6,0,57,0.7,0,6,249.99999687899415
1710,249.999993285667,0,0,0,0,0,0,0,0,0,0,2.45944238884514e-6,2.45944238884514e-6,0,58,0.7,0,6,249.99999820455176
1740,249.999996137388,0,0,0,0,0,0,0,0,0,0,1.41486457622967e-6,1.41486457622967e-6,0,59,0.7,0,6,249.99999896711714
1770,249.999997777922,0,0,0,0,0,0,0,0,0,0,8.13941303580332e-7,8.13941303580332e-7,0,60,0.7,0,6,249.9999994058046
1800,249.999998721687,0,0,0,0,0,0,0,0,0,0,4.68243005049648e-7,4.68243005049648e-7,0,61,0.7,0,6,249.999999658173
1830,249.999999264613,0,0,0,0,0,0,0,0,0,0,2.6937017436869e-7,2.6937017436869e-7,0,62,0.7,0,6,249.99999980335335
1860,249.999999576948,0,0,0,0,0,0,0,0,0,0,1.54962892951531e-7,1.54962892951531e-7,0,63,0.7,0,6,249.99999988687378
1890,249.999999756627,0,0,0,0,0,0,0,0,0,0,8.91468337774416e-8,8.91468337774416e-8,0,64,0.7,0,6,249.99999993492068
1920,249.999999859993,0,0,0,0,0,0,0,0,0,0,5.12842643481886e-8,5.12842643481886e-8,0,65,0.7,0,6,249.99999996256153
1950,249.999999919457,0,0,0,0,0,0,0,0,0,0,2.95027389880143e-8,2.95027389880143e-8,0,66,0.7,0,6,249.99999997846248
1980,249.999999953666,0,0,0,0,0,0,0,0,0,0,1.69722939118043e-8,1.69722939118043e-8,0,67,0.7,0,6,249.99999998761058
0,250,0,0,0,0,0,0,0,0,0,0,0,0,0,1,0.7,0,7,250
30,250.000322400697,0,0,0,0,0,0,0,0,0,0,0,0,0,2,0.7,0,7,250.000322400697
60,250.000090984018,0,0,0,0,0,0,0,0,0,0,0,0,0,3,0.7,0,7,250.000090984018
90,250.000018876751,0,0,0,0,0,0,0,0,0,0,0,0,0,4,0.7,0,7,250.000018876751
120,220.569344517345,0,0,0,0,0,0,0,0,0,0,34.1788572653007,34.1788572653007,0,5,0.7,0,7,288.9270590479464
150,151.191816790091,0,0,0,0,0,0,0,0,0,0,61.9496799277883,61.9496799277883,0,6,0.7,0,7,275.0911766456676
180,101.259656050866,0,0,0,0,0,0,0,0,0,0,72.5075891041389,72.5075891041389,0,7,0.7,0,7,246.2748342591438
210,65.4601838024717,0,0,0,0,0,0,0,0,0,0,74.5583645865607,74.5583645865607,0,8,0.7,0,7,214.5769129755931
240,39.5702337754305,0,0,0,0,0,0,0,0,0,0,71.1374113058992,71.1374113058992,0,9,0.7,0,7,181.8450563872289
270,21.6055776257786,0,0,0,0,0,0,0,0,0,0,63.7484866044859,63.7484866044859,0,10,0.7,0,7,149.1025508347504
300,10.2188207935393,0,0,0,0,0,0,0,0,0,0,54.0525657531301,54.0525657531301,0,11,0.7,0,7,118.32395229979949
330,5.87979098212581,0,0,0,0,0,0,0,0,0,0,25.9803781710321,25.9803781710321,0,12,0.7,0,7,57.84054732419001
360,4.84841775412806,0,0,0,0,0,0,0,0,0,0,21.9127207946881,21.9127207946881,0,13,0.7,0,7,48.673859343504255
390,5.01983362387836,0,0,0,0,0,0,0,0,0,0,21.1194584631166,21.1194584631166,0,14,0.7,0,7,47.258750550111564
420,5.4174994507806,0,0,0,0,0,0,0,0,0,0,21.7192480946665,21.7192480946665,0,15,0.7,0,7,48.855995640113605
450,6.00255960694646,0,0,0,0,0,0,0,0,0,0,22.7097556947481,22.7097556947481,0,16,0.7,0,7,51.42207099644266
480,6.70306036712334,0,0,0,0,0,0,0,0,0,0,23.8963816979889,23.8963816979889,0,17,0.7,0,7,54.49582376310114
510,7.5324048393918,0,0,0,0,0,0,0,0,0,0,25.2136305115872,25.2136305115872,0,18,0.7,0,7,57.959665862566204
540,8.5053360835629,0,0,0,0,0,0,0,0,0,0,26.634854593804,26.634854593804,0,19,0.7,0,7,61.7750452711709
570,9.65130300546746,0,0,0,0,0,0,0,0,0,0,28.1616237039472,28.1616237039472,0,20,0.7,0,7,65.97455041336185
600,11.0078617819371,0,0,0,0,0,0,0,0,0,0,29.793268215612,29.793268215612,0,21,0.7,0,7,70.5943982131611
630,12.6237103480027,0,0,0,0,0,0,0,0,0,0,31.5317399268056,31.5317399268056,0,22,0.7,0,7,75.6871902016139
660,14.5611781561014,0,0,0,0,0,0,0,0,0,0,33.3748166514116,33.3748166514116,0,23,0.7,0,7,81.3108114589246
690,16.9003129113433,0,0,0,0,0,0,0,0,0,0,35.3153007677675,35.3153007677675,0,24,0.7,0,7,87.53091444687831
720,19.7442519588819,0,0,0,0,0,0,0,0,0,0,37.3372202401238,37.3372202401238,0,25,0.7,0,7,94.4186924391295
750,23.2260822306789,0,0,0,0,0,0,0,0,0,0,39.4116033815067,39.4116033815067,0,26,0.7,0,7,102.0492889936923
780,27.5172946493276,0,0,0,0,0,0,0,0,0,0,41.4901805606491,41.4901805606491,0,27,0.7,0,7,110.4976557706258
810,32.837404276306,0,0,0,0,0,0,0,0,0,0,43.4969616905872,43.4969616905872,0,28,0.7,0,7,119.8313276574804
840,39.4632280777388,0,0,0,0,0,0,0,0,0,0,45.3174580469912,45.3174580469912,0,29,0.7,0,7,130.0981441717212
870,47.7339156092922,0,0,0,0,0,0,0,0,0,0,46.7865066437862,46.7865066437862,0,30,0.7,0,7,141.30692889686458
900,58.043413496069,0,0,0,0,0,0,0,0,0,0,47.6780028007427,47.6780028007427,0,31,0.7,0,7,153.39941909755441
930,70.805133457714,0,0,0,0,0,0,0,0,0,0,47.704478767689,47.704478767689,0,32,0.7,0,7,166.214090993092
960,86.3662205733329,0,0,0,0,0,0,0,0,0,0,46.5412561148145,46.5412561148145,0,33,0.7,0,7,179.4487328029619
990,104.850076123383,0,0,0,0,0,0,0,0,0,0,43.8949349243566,43.8949349243566,0,34,0.7,0,7,192.6399459720962
1020,125.936056931931,0,0,0,0,0,0,0,0,0,0,39.626922020134,39.626922020134,0,35,0.7,0,7,205.189900972199
1050,148.663679543872,0,0,0,0,0,0,0,0,0,0,33.9017903814253,33.9017903814253,0,36,0.7,0,7,216.4672603067226
1080,171.440476992726,0,0,0,0,0,0,0,0,0,0,27.2641150434171,27.2641150434171,0,37,0.7,0,7,225.9687070795602
1110,192.402656810067,0,0,0,0,0,0,0,0,0,0,20.5300909415189,20.5300909415189,0,38,0.7,0,7,233.4628386931048
1140,210.023316402418,0,0,0,0,0,0,0,0,0,0,14.4998904013056,14.4998904013056,0,39,0.7,0,7,239.02309720502922
1170,223.590437174334,0,0,0,0,0,0,0,0,0,0,9.67361999532085,9.67361999532085,0,40,0.7,0,7,242.9376771649757
1200,233.254283696977,0,0,0,0,0,0,0,0,0,0,6.16089477660895,6.16089477660895,0,41,0.7,0,7,245.57607325019492
1230,239.712621946771,0,0,0,0,0,0,0,0,0,0,3.7889466358971,3.7889466358971,0,42,0.7,0,7,247.29051521856522
1260,243.823316676138,0,0,0,0,0,0,0,0,0,0,2.27367235004052,2.27367235004052,0,43,0.7,0,7,248.37066137621903
1290,246.349332952109,0,0,0,0,0,0,0,0,0,0,1.34232316581037,1.34232316581037,0,44,0.7,0,7,249.03397928372974
1320,247.86452828566,0,0,0,0,0,0,0,0,0,0,0.784315140521615,0.784315140521615,0,45,0.7,0,7,249.4331585667032
1350,248.759038828221,0,0,0,0,0,0,0,0,0,0,0.455368054748147,0.455368054748147,0,46,0.7,0,7,249.6697749377173
1380,249.281785061849,0,0,0,0,0,0,0,0,0,0,0.263376812982917,0.263376812982917,0,47,0.7,0,7,249.80853868781483
1410,249.585352934121,0,0,0,0,0,0,0,0,0,0,0.151989617168394,0.151989617168394,0,48,0.7,0,7,249.8893321684578
1440,249.760964421907,0,0,0,0,0,0,0,0,0,0,0.0875947865551228,0.0875947865551228,0,49,0.7,0,7,249.93615399501726
1470,249.862320772152,0,0,0,0,0,0,0,0,0,0,0.0504440961324337,0.0504440961324337,0,50,0.7,0,7,249.96320896441688
1500,249.920740228781,0,0,0,0,0,0,0,0,0,0,0.0290368973574254,0.0290368973574254,0,51,0.7,0,7,249.97881402349586
1530,249.954384945724,0,0,0,0,0,0,0,0,0,0,0.0167101029972696,0.0167101029972696,0,52,0.7,0,7,249.98780515171853
1560,249.973752452587,0,0,0,0,0,0,0,0,0,0,0.00961488503159509,0.00961488503159509,0,53,0.7,0,7,249.9929822226502
1590,249.984898295905,0,0,0,0,0,0,0,0,0,0,0.00553187343348349,0.00553187343348349,0,54,0.7,0,7,249.99596204277196
1620,249.991311632635,0,0,0,0,0,0,0,0,0,0,0.00318257886123105,0.00318257886123105,0,55,0.7,0,7,249.99767679035745
1650,249.995001542871,0,0,0,0,0,0,0,0,0,0,0.00183093915280296,0.00183093915280296,0,56,0.7,0,7,249.9986634211766
1680,249.997124419988,0,0,0,0,0,0,0,0,0,0,0.00105332314988958,0.00105332314988958,0,57,0.7,0,7,249.9992310662878
1710,249.998345715679,0,0,0,0,0,0,0,0,0,0,6.0596188439918e-4,6.0596188439918e-4,0,58,0.7,0,7,249.9995576394478
1740,249.999048317473,0,0,0,0,0,0,0,0,0,0,3.4859942139242e-4,3.4859942139242e-4,0,59,0.7,0,7,249.99974551631578
1770,249.999452514714,0,0,0,0,0,0,0,0,0,0,2.0054261768164e-4,2.0054261768164e-4,0,60,0.7,0,7,249.99985359994935
1800,249.999685042543,0,0,0,0,0,0,0,0,0,0,1.1536814984849e-4,1.1536814984849e-4,0,61,0.7,0,7,249.9999157788427
1830,249.999818811423,0,0,0,0,0,0,0,0,0,0,6.63689174568443e-5,6.63689174568443e-5,0,62,0.7,0,7,249.99995154925793
1860,249.999895765994,0,0,0,0,0,0,0,0,0,0,3.81806471588908e-5,3.81806471588908e-5,0,63,0.7,0,7,249.99997212728832
1890,249.999940036377,0,0,0,0,0,0,0,0,0,0,2.1964518660504e-5,2.1964518660504e-5,0,64,0.7,0,7,249.99998396541434
1920,249.999965504201,0,0,0,0,0,0,0,0,0,0,1.26357205105091e-5,1.26357205105091e-5,0,65,0.7,0,7,249.999990775642
1950,249.999980155302,0,0,0,0,0,0,0,0,0,0,7.26906050032986e-6,7.26906050032986e-6,0,66,0.7,0,7,249.99999469342302
1980,249.999988583769,0,0,0,0,0,0,0,0,0,0,4.18173519441307e-6,4.18173519441307e-6,0,67,0.7,0,7,249.9999969472394
0,250,0,0,0,0,0,0,0,0,0,0,0,0,0,1,0.7,0,8,250
30,250.000322400697,0,0,0,0,0,0,0,0,0,0,0,0,0,2,0.7,0,8,250.000322400697
60,250.000090984018,0,0,0,0,0,0,0,0,0,0,0,0,0,3,0.7,0,8,250.000090984018
90,250.000018876751,0,0,0,0,0,0,0,0,0,0,0,0,0,4,0.7,0,8,250.000018876751
120,220.569344517345,0,0,0,0,0,0,0,0,0,0,34.1788572653007,34.1788572653007,0,5,0.7,0,8,288.9270590479464
150,151.191816790091,0,0,0,0,0,0,0,0,0,0,61.9496799277883,61.9496799277883,0,6,0.7,0,8,275.0911766456676
180,101.259656050866,0,0,0,0,0,0,0,0,0,0,72.5075891041389,72.5075891041389,0,7,0.7,0,8,246.2748342591438
210,65.4601838024717,0,0,0,0,0,0,0,0,0,0,74.5583645865607,74.5583645865607,0,8,0.7,0,8,214.5769129755931
240,39.5702337754305,0,0,0,0,0,0,0,0,0,0,71.1374113058992,71.1374113058992,0,9,0.7,0,8,181.8450563872289
270,21.6055776257786,0,0,0,0,0,0,0,0,0,0,63.7484866044859,63.7484866044859,0,10,0.7,0,8,149.1025508347504
300,10.2188207935393,0,0,0,0,0,0,0,0,0,0,54.0525657531301,54.0525657531301,0,11,0.7,0,8,118.32395229979949
330,3.96815998135065,0,0,0,0,0,0,0,0,0,0,44.1239009156541,44.1239009156541,0,12,0.7,0,8,92.21596181265885
360,1.82405779739825,0,0,0,0,0,0,0,0,0,0,14.7617369975706,14.7617369975706,0,13,0.7,0,8,31.34753179253945
390,1.2394327192261,0,0,0,0,0,0,0,0,0,0,11.2203878149644,11.2203878149644,0,14,0.7,0,8,23.680208349154903
420,1.15983182079462,0,0,0,0,0,0,0,0,0,0,9.75498714334079,9.75498714334079,0,15,0.7,0,8,20.669806107476198
450,1.16111377188771,0,0,0,0,0,0,0,0,0,0,9.64872357063055,9.64872357063055,0,16,0.7,0,8,20.45856091314881
480,1.21802031457949,0,0,0,0,0,0,0,0,0,0,9.78544818273433,9.78544818273433,0,17,0.7,0,8,20.78891668004815
510,1.2932184562713,0,0,0,0,0,0,0,0,0,0,10.1027389297874,10.1027389297874,0,18,0.7,0,8,21.4986963158461
540,1.38419415008203,0,0,0,0,0,0,0,0,0,0,10.4846482393453,10.4846482393453,0,19,0.7,0,8,22.353490628772633
570,1.48626366942859,0,0,0,0,0,0,0,0,0,0,10.9117286146171,10.9117286146171,0,20,0.7,0,8,23.30972089866279
600,1.59977601806456,0,0,0,0,0,0,0,0,0,0,11.3716833548884,11.3716833548884,0,21,0.7,0,8,24.34314272784136
630,1.72514110074814,0,0,0,0,0,0,0,0,0,0,11.8613057488727,11.8613057488727,0,22,0.7,0,8,25.44775259849354
660,1.86366857822838,0,0,0,0,0,0,0,0,0,0,12.3810007034479,12.3810007034479,0,23,0.7,0,8,26.62566998512418
690,2.01694149693739,0,0,0,0,0,0,0,0,0,0,12.9320087827916,12.9320087827916,0,24,0.7,0,8,27.88095906252059
720,2.18691646162962,0,0,0,0,0,0,0,0,0,0,13.5165887436185,13.5165887436185,0,25,0.7,0,8,29.22009394886662
750,2.37589780557916,0,0,0,0,0,0,0,0,0,0,14.1372444444839,14.1372444444839,0,26,0.7,0,8,30.65038669454696
780,2.58660030541283,0,0,0,0,0,0,0,0,0,0,14.7968802033284,14.7968802033284,0,27,0.7,0,8,32.18036071206963
810,2.82222247452697,0,0,0,0,0,0,0,0,0,0,15.4986686273589,15.4986686273589,0,28,0.7,0,8,33.819559729244766
840,3.08654525333872,0,0,0,0,0,0,0,0,0,0,16.2461029762139,16.2461029762139,0,29,0.7,0,8,35.57875120576652
870,3.38405716453378,0,0,0,0,0,0,0,0,0,0,17.042994460535,17.042994460535,0,30,0.7,0,8,37.47004608560378
900,3.72011120719178,0,0,0,0,0,0,0,0,0,0,17.893497364256,17.893497364256,0,31,0.7,0,8,39.50710593570378
930,4.10112308712549,0,0,0,0,0,0,0,0,0,0,18.8021214324808,18.8021214324808,0,32,0.7,0,8,41.70536595208709
960,4.53482207457992,0,0,0,0,0,0,0,0,0,0,19.7737405111452,19.7737405111452,0,33,0.7,0,8,44.08230309687032
990,5.03057058149714,0,0,0,0,0,0,0,0,0,0,20.8135867858783,20.8135867858783,0,34,0.7,0,8,46.65774415325374
1020,5.59977344680105,0,0,0,0,0,0,0,0,0,0,21.9272242415881,21.9272242415881,0,35,0.7,0,8,49.45422192997725
1050,6.25640525042104,0,0,0,0,0,0,0,0,0,0,23.1204888246759,23.1204888246759,0,36,0.7,0,8,52.49738289977284
1080,7.01769356947173,0,0,0,0,0,0,0,0,0,0,24.3993779005255,24.3993779005255,0,37,0.7,0,8,55.81644937052273
1110,7.90500919453855,0,0,0,0,0,0,0,0,0,0,25.769862953903,25.769862953903,0,38,0.7,0,8,59.44473510234455
1140,8.94503187879898,0,0,0,0,0,0,0,0,0,0,27.2375872415979,27.2375872415979,0,39,0.7,0,8,63.42020636199478
1170,10.1712835195067,0,0,0,0,0,0,0,0,0,0,28.8073920794184,28.8073920794184,0,40,0.7,0,8,67.7860676783435
1200,11.6261509313733,0,0,0,0,0,0,0,0,0,0,30.4825893471995,30.4825893471995,0,41,0.7,0,8,72.5913296257723
1230,13.3635580102947,0,0,0,0,0,0,0,0,0,0,32.2638604592918,32.2638604592918,0,42,0.7,0,8,77.8912789288783
1260,15.4524901428209,0,0,0,0,0,0,0,0,0,0,34.1476099145944,34.1476099145944,0,43,0.7,0,8,83.74770997200969
1290,17.9816141107054,0,0,0,0,0,0,0,0,0,0,36.1235317730415,36.1235317730415,0,44,0.7,0,8,90.22867765678839
1320,21.0652522312025,0,0,0,0,0,0,0,0,0,0,38.1710613196524,38.1710613196524,0,45,0.7,0,8,97.40737487050731
1350,24.8509071644324,0,0,0,0,0,0,0,0,0,0,40.2542957664874,40.2542957664874,0,46,0.7,0,8,105.3594986974072
1380,29.5282781911367,0,0,0,0,0,0,0,0,0,0,42.3149231394274,42.3149231394274,0,47,0.7,0,8,114.15812446999149
1410,35.3390263722668,0,0,0,0,0,0,0,0,0,0,44.2628156264164,44.2628156264164,0,48,0.7,0,8,123.8646576250996
1440,42.5849998696194,0,0,0,0,0,0,0,0,0,0,45.9644855811123,45.9644855811123,0,49,0.7,0,8,134.513971031844
1470,51.6295266066505,0,0,0,0,0,0,0,0,0,0,47.2310781512733,47.2310781512733,0,50,0.7,0,8,146.09168290919712
1500,62.8809400745668,0,0,0,0,0,0,0,0,0,0,47.8107783107129,47.8107783107129,0,51,0.7,0,8,158.5024966959926
1530,76.7398981425714,0,0,0,0,0,0,0,0,0,0,47.3961348657485,47.3961348657485,0,52,0.7,0,8,171.53216787406842
1560,93.4864698294141,0,0,0,0,0,0,0,0,0,0,45.6637406486728,45.6637406486728,0,53,0.7,0,8,184.81395112675972
1590,113.092923066264,0,0,0,0,0,0,0,0,0,0,42.3650984266665,42.3650984266665,0,54,0.7,0,8,197.823119919597
1620,134.996932987048,0,0,0,0,0,0,0,0,0,0,37.4674032066949,37.4674032066949,0,55,0.7,0,8,209.9317394004378
1650,157.963508261094,0,0,0,0,0,0,0,0,0,0,31.287927601735,31.287927601735,0,56,0.7,0,8,220.53936346456402
1680,180.227024481405,0,0,0,0,0,0,0,0,0,0,24.5064012379273,24.5064012379273,0,57,0.7,0,8,229.2398269572596
1710,199.984045928026,0,0,0,0,0,0,0,0,0,0,17.9724020393003,17.9724020393003,0,58,0.7,0,8,235.9288500066266
1740,216.000378344729,0,0,0,0,0,0,0,0,0,0,12.3909098905911,12.3909098905911,0,59,0.7,0,8,240.7821981259112
1770,227.932559156696,0,0,0,0,0,0,0,0,0,0,8.10179795731553,8.10179795731553,0,60,0.7,0,8,244.13615507132704
1800,236.200720097395,0,0,0,0,0,0,0,0,0,0,5.0805963058446,5.0805963058446,0,61,0.7,0,8,246.36191270908418
1830,241.608990280513,0,0,0,0,0,0,0,0,0,0,3.09018540869207,3.09018540869207,0,62,0.7,0,8,247.78936109789714
1860,244.99766007261,0,0,0,0,0,0,0,0,0,0,1.84060359909256,1.84060359909256,0,63,0.7,0,8,248.6788672707951
1890,247.057373663062,0,0,0,0,0,0,0,0,0,0,1.08147108099054,1.08147108099054,0,64,0.7,0,8,249.2203158250431
1920,248.283910489147,0,0,0,0,0,0,0,0,0,0,0.630034925779144,0.630034925779144,0,65,0.7,0,8,249.54398034070528
1950,249.004630366609,0,0,0,0,0,0,0,0,0,0,0.365142489244036,0.365142489244036,0,66,0.7,0,8,249.73491534509708
1980,249.424585011428,0,0,0,0,0,0,0,0,0,0,0.210968972011753,0.210968972011753,0,67,0.7,0,8,249.84652295545152
0,250,0,0,0,0,0,0,0,0,0,0,0,0,0,1,0.7,0,9,250
30,250.000322400697,0,0,0,0,0,0,0,0,0,0,0,0,0,2,0.7,0,9,250.000322400697
60,250.000090984018,0,0,0,0,0,0,0,0,0,0,0,0,0,3,0.7,0,9,250.000090984018
90,250.000018876751,0,0,0,0,0,0,0,0,0,0,0,0,0,4,0.7,0,9,250.000018876751
120,220.569344517345,0,0,0,0,0,0,0,0,0,0,34.1788572653007,34.1788572653007,0,5,0.7,0,9,288.9270590479464
150,151.191816790091,0,0,0,0,0,0,0,0,0,0,61.9496799277883,61.9496799277883,0,6,0.7,0,9,275.0911766456676
180,101.259656050866,0,0,0,0,0,0,0,0,0,0,72.5075891041389,72.5075891041389,0,7,0.7,0,9,246.2748342591438
210,65.4601838024717,0,0,0,0,0,0,0,0,0,0,74.5583645865607,74.5583645865607,0,8,0.7,0,9,214.5769129755931
240,39.5702337754305,0,0,0,0,0,0,0,0,0,0,71.1374113058992,71.1374113058992,0,9,0.7,0,9,181.8450563872289
270,21.6055776257786,0,0,0,0,0,0,0,0,0,0,63.7484866044859,63.7484866044859,0,10,0.7,0,9,149.1025508347504
300,10.2188207935393,0,0,0,0,0,0,0,0,0,0,54.0525657531301,54.0525657531301,0,11,0.7,0,9,118.32395229979949
330,3.96815998135065,0,0,0,0,0,0,0,0,0,0,44.1239009156541,44.1239009156541,0,12,0.7,0,9,92.21596181265885
360,1.18061253033055,0,0,0,0,0,0,0,0,0,0,36.0488086984876,36.0488086984876,0,13,0.7,0,9,73.27822992730574
390,0.385654638222662,0,0,0,0,0,0,0,0,0,0,6.71740720108416,6.71740720108416,0,14,0.7,0,9,13.820469040390982
420,0.18979986541659,0,0,0,0,0,0,0,0,0,0,4.07004120797474,4.07004120797474,0,15,0.7,0,9,8.329882281366071
450,0.139755922628557,0,0,0,0,0,0,0,0,0,0,2.76051115582336,2.76051115582336,0,16,0.7,0,9,5.660778234275277
480,0.118470911773516,0,0,0,0,0,0,0,0,0,0,2.37180805609724,2.37180805609724,0,17,0.7,0,9,4.862087023967995
510,0.110169734068288,0,0,0,0,0,0,0,0,0,0,2.15842963887918,2.15842963887918,0,18,0.7,0,9,4.427029011826648
540,0.107132603805558,0,0,0,0,0,0,0,0,0,0,2.08096535929739,2.08096535929739,0,19,0.7,0,9,4.2690633224003385
570,0.10737882929523,0,0,0,0,0,0,0,0,0,0,2.0568229435576,2.0568229435576,0,20,0.7,0,9,4.2210247164104295
600,0.109459987443197,0,0,0,0,0,0,0,0,0,0,2.07133227448753,2.07133227448753,0,21,0.7,0,9,4.252124536418257
630,0.11282805227905,0,0,0,0,0,0,0,0,0,0,2.10726412104064,2.10726412104064,0,22,0.7,0,9,4.32735629436033
660,0.117071631848473,0,0,0,0,0,0,0,0,0,0,2.15826834380245,2.15826834380245,0,23,0.7,0,9,4.4336083194533735
690,0.121987362414567,0,0,0,0,0,0,0,0,0,0,2.21921396926641,2.21921396926641,0,24,0.7,0,9,4.560415300947387
720,0.127435923869052,0,0,0,0,0,0,0,0,0,0,2.28741311536517,2.28741311536517,0,25,0.7,0,9,4.702262154599391
750,0.133341837906802,0,0,0,0,0,0,0,0,0,0,2.36104229831097,2.36104229831097,0,26,0.7,0,9,4.855426434528742
780,0.13966081918218,0,0,0,0,0,0,0,0,0,0,2.43903531080163,2.43903531080163,0,27,0.7,0,9,5.01773144078544
810,0.146372987236901,0,0,0,0,0,0,0,0,0,0,2.52074131731002,2.52074131731002,0,28,0.7,0,9,5.187855621856941
840,0.153473389574977,0,0,0,0,0,0,0,0,0,0,2.60579693468038,2.60579693468038,0,29,0.7,0,9,5.365067258935737
870,0.160967862182422,0,0,0,0,0,0,0,0,0,0,2.69401975621346,2.69401975621346,0,30,0.7,0,9,5.549007374609341
900,0.168869664352673,0,0,0,0,0,0,0,0,0,0,2.78534528818773,2.78534528818773,0,31,0.7,0,9,5.739560240728133
930,0.177197585249071,0,0,0,0,0,0,0,0,0,0,2.87978611941368,2.87978611941368,0,32,0.7,0,9,5.936769824076431
960,0.185974697231198,0,0,0,0,0,0,0,0,0,0,2.97740544993152,2.97740544993152,0,33,0.7,0,9,6.140785597094238
990,0.195227648961709,0,0,0,0,0,0,0,0,0,0,3.07830095031271,3.07830095031271,0,34,0.7,0,9,6.351829549587129
1020,0.204986288652622,0,0,0,0,0,0,0,0,0,0,3.18259456103891,3.18259456103891,0,35,0.7,0,9,6.5701754107304415
1050,0.215283518251171,0,0,0,0,0,0,0,0,0,0,3.29042652550292,3.29042652550292,0,36,0.7,0,9,6.796136569257011
1080,0.226155304710647,0,0,0,0,0,0,0,0,0,0,3.40195191246544,3.40195191246544,0,37,0.7,0,9,7.030059129641527
1110,0.237640802006153,0,0,0,0,0,0,0,0,0,0,3.51733881187188,3.51733881187188,0,38,0.7,0,9,7.272318425749913
1140,0.249782555859588,0,0,0,0,0,0,0,0,0,0,3.63676754614244,3.63676754614244,0,39,0.7,0,9,7.523317648144468
1170,0.262626774125422,0,0,0,0,0,0,0,0,0,0,3.7604305446698,3.7604305446698,0,40,0.7,0,9,7.783487863465021
1200,0.276223654303114,0,0,0,0,0,0,0,0,0,0,3.88853263988652,3.88853263988652,0,41,0.7,0,9,8.053288934076154
1230,0.290627764785415,0,0,0,0,0,0,0,0,0,0,4.0212916491912,4.0212916491912,0,42,0.7,0,9,8.333211063167814
1260,0.305898480371587,0,0,0,0,0,0,0,0,0,0,4.15893915965992,4.15893915965992,0,43,0.7,0,9,8.623776799691427
1290,0.322100475267257,0,0,0,0,0,0,0,0,0,0,4.30172147076995,4.30172147076995,0,44,0.7,0,9,8.925543416807157
1320,0.339304278977658,0,0,0,0,0,0,0,0,0,0,4.4499006721135,4.4499006721135,0,45,0.7,0,9,9.239105623204658
1350,0.357586902340937,0,0,0,0,0,0,0,0,0,0,4.60375584735256,4.60375584735256,0,46,0.7,0,9,9.565098597046058
1380,0.377032542703316,0,0,0,0,0,0,0,0,0,0,4.76358440440793,4.76358440440793,0,47,0.7,0,9,9.904201351519177
1410,0.39773337903296,0,0,0,0,0,0,0,0,0,0,4.9297035376693,4.9297035376693,0,48,0.7,0,9,10.25714045437156
1440,0.419790469727979,0,0,0,0,0,0,0,0,0,0,5.10245183200425,5.10245183200425,0,49,0.7,0,9,10.624694133736478
1470,0.443314768089497,0,0,0,0,0,0,0,0,0,0,5.28219102138661,5.28219102138661,0,50,0.7,0,9,11.007696810862717
1500,0.468428272995894,0,0,0,0,0,0,0,0,0,0,5.46930791753729,5.46930791753729,0,51,0.7,0,9,11.407044108070474
1530,0.495265335323742,0,0,0,0,0,0,0,0,0,0,5.66421652637959,5.66421652637959,0,52,0.7,0,9,11.823698388082923
1560,0.523974144220737,0,0,0,0,0,0,0,0,0,0,5.86736037254549,5.86736037254549,0,53,0.7,0,9,12.258694889311718
1590,0.554718421569938,0,0,0,0,0,0,0,0,0,0,6.07921505474988,6.07921505474988,0,54,0.7,0,9,12.713148531069697
1620,0.587679358041355,0,0,0,0,0,0,0,0,0,0,6.3002910576624,6.3002910576624,0,55,0.7,0,9,13.188261473366154
1650,0.623057830187986,0,0,0,0,0,0,0,0,0,0,6.53113684901157,6.53113684901157,0,56,0.7,0,9,13.685331528211126
1680,0.661076945331885,0,0,0,0,0,0,0,0,0,0,6.77234229410494,6.77234229410494,0,57,0.7,0,9,14.205761533541764
1710,0.701984969778607,0,0,0,0,0,0,0,0,0,0,7.02454242378372,7.02454242378372,0,58,0.7,0,9,14.751069817346048
1740,0.746058706540328,0,0,0,0,0,0,0,0,0,0,7.28842159608845,7.28842159608845,0,59,0.7,0,9,15.322901898717229
1770,0.793607401670221,0,0,0,0,0,0,0,0,0,0,7.56471809662276,7.56471809662276,0,60,0.7,0,9,15.92304359491574
1800,0.844977274055241,0,0,0,0,0,0,0,0,0,0,7.85422922778685,7.85422922778685,0,61,0.7,0,9,16.55343572962894
1830,0.900556782764229,0,0,0,0,0,0,0,0,0,0,8.15781694271388,8.15781694271388,0,62,0.7,0,9,17.21619066819199
1860,0.960782769668312,0,0,0,0,0,0,0,0,0,0,8.47641408586351,8.47641408586351,0,63,0.7,0,9,17.913610941395333
1890,1.02614764413984,0,0,0,0,0,0,0,0,0,0,8.81103130874861,8.81103130874861,0,64,0.7,0,9,18.64821026163706
1920,1.09720781259812,0,0,0,0,0,0,0,0,0,0,9.1627647360815,9.1627647360815,0,65,0.7,0,9,19.422737284761123
1950,1.17459360030281,0,0,0,0,0,0,0,0,0,0,9.53280446452629,9.53280446452629,0,66,0.7,0,9,20.24020252935539
1980,1.25902096841505,0,0,0,0,0,0,0,0,0,0,9.92244398291327,9.92244398291327,0,67,0.7,0,9,21.10390893424159
0,250,0,0,0,0,0,0,0,0,0,0,0,0,0,1,0.7,1e-4,10,250
30,250.000322400697,0,0,0,0,0,0,0,0,0,0,0,0,0,2,0.7,1e-4,10,250.000322400697
60,250.000090984018,0,0,0,0,0,0,0,0,0,0,0,0,0,3,0.7,1e-4,10,250.000090984018
90,250.000018876751,0,0,0,0,0,0,0,0,0,0,0,0,0,4,0.7,1e-4,10,250.000018876751
120,220.563274748824,0,0,0,0,0,0,0,0,0,0,34.1776947761383,34.1776947761383,0.00770409975046474,5,0.7,1e-4,10,288.92636840085106
150,151.181001234992,0,0,0,0,0,0,0,0,0,0,61.9439135942626,61.9428969746044,0.0257300507681001,6,0.7,1e-4,10,275.0935418546271
180,101.245067876836,0,0,0,0,0,0,0,0,0,0,72.4975835697851,72.4952830091493,0.0555550998399534,7,0.7,1e-4,10,246.29348955561036
210,65.446435402282,0,0,0,0,0,0,0,0,0,0,74.5475473282555,74.5442642792973,0.10454213808394,8,0.7,1e-4,10,214.64278914791873
240,39.5678810442788,0,0,0,0,0,0,0,0,0,0,71.1410727925182,71.1373393241066,0.185799919382302,9,0.7,1e-4,10,182.0320930802859
270,21.6334268367561,0,0,0,0,0,0,0,0,0,0,63.8175751087794,63.8139799498615,0.324779671630999,10,0.7,1e-4,10,149.589761567028
300,10.3025968023492,0,0,0,0,0,0,0,0,0,0,54.3327230601785,54.3297694648611,0.56928624672475,11,0.7,1e-4,10,119.53437557411355
330,4.1288831219428,0,0,0,0,0,0,0,0,0,0,44.9758681768448,44.9737995242375,1.00621718791099,12,0.7,1e-4,10,95.08476801093609
360,1.40831450318706,0,0,0,0,0,0,0,0,0,0,38.208798027601,38.2074686787928,1.78354832713175,13,0.7,1e-4,10,79.60812953671261
390,0.482134211541505,0,0,0,0,0,0,0,0,0,0,35.6299366069683,35.6288711749499,3.14559487492995,14,0.7,1e-4,10,74.88653686838965
420,0.366971426208468,0,0,0,0,0,0,0,0,0,0,19.2637744792119,19.2608811943828,4.15998172633976,15,0.7,1e-4,10,43.05160882614293
450,0.423989939790212,0,0,0,0,0,0,0,0,0,0,24.4583446383494,24.4537767079717,21.627625353155,16,0.7,1e-4,10,70.96373663926632
480,0.698088380094672,0,0,0,0,0,0,0,0,0,0,39.1284780502634,39.1211887641484,52.4018911170073,17,0.7,1e-4,10,131.34964631151377
510,0.791017871132448,0,0,0,0,0,0,0,0,0,0,44.3235505695377,44.3158302368108,90.4340437850008,18,0.7,1e-4,10,179.86444246248175
540,0.749501915613082,0,0,0,0,0,0,0,0,0,0,41.8864484638678,41.8797665994932,123.736657454582,19,0.7,1e-4,10,208.2523744335561
570,0.687072422406204,0,0,0,0,0,0,0,0,0,0,38.3343440014176,38.3287867885123,147.019419225022,20,0.7,1e-4,10,224.36962243735812
600,0.612408169276279,0,0,0,0,0,0,0,0,0,0,34.1180922770894,34.1135701376186,164.383213542005,21,0.7,1e-4,10,233.22728412598929
630,0.546100571767626,0,0,0,0,0,0,0,0,0,0,30.3881082842454,30.3843972284372,177.096112511115,22,0.7,1e-4,10,238.41471859556523
660,0.488794585295531,0,0,0,0,0,0,0,0,0,0,27.1715419857392,27.1684585335481,186.783409650985,23,0.7,1e-4,10,241.61220475556783
690,0.440387274780778,0,0,0,0,0,0,0,0,0,0,24.458992844755,24.4563939261588,194.33637812725,24,0.7,1e-4,10,243.69215217294456
720,0.399499406540262,0,0,0,0,0,0,0,0,0,0,22.1707056539802,22.1684852547359,200.368808024529,25,0.7,1e-4,10,245.10749833978534
750,0.364813411160604,0,0,0,0,0,0,0,0,0,0,20.2315219858652,20.2296014814506,205.282123532962,26,0.7,1e-4,10,246.1080604114384
780,0.335179787297756,0,0,0,0,0,0,0,0,0,0,18.5762428042234,18.5745634151885,209.35232661477,27,0.7,1e-4,10,246.83831262147964
810,0.30966571937175,0,0,0,0,0,0,0,0,0,0,17.1521424801692,17.15065967101,212.773341129587,28,0.7,1e-4,10,247.38580900013795
840,0.287527147460006,0,0,0,0,0,0,0,0,0,0,15.917260789112,15.9159403287633,215.685062265877,29,0.7,1e-4,10,247.80579053121232
870,0.268173943476955,0,0,0,0,0,0,0,0,0,0,14.8383753539756,14.8371905539203,218.190618983923,30,0.7,1e-4,10,248.13435883529587
900,0.251137057768845,0,0,0,0,0,0,0,0,0,0,13.8891156016065,13.8880453706415,220.367540265026,31,0.7,1e-4,10,248.39583829504286
930,0.236041684550196,0,0,0,0,0,0,0,0,0,0,13.0484326297193,13.0474600887862,222.275126183402,32,0.7,1e-4,10,248.6070605864577
960,0.222586241780227,0,0,0,0,0,0,0,0,0,0,12.2994054069968,12.2985168901006,223.959440030146,33,0.7,1e-4,10,248.77994856902362
990,0.210526222194481,0,0,0,0,0,0,0,0,0,0,11.6283261441947,11.6275104680246,225.456761855496,34,0.7,1e-4,10,248.9231246899098
1020,0.199661855443779,0,0,0,0,0,0,0,0,0,0,11.0240029335288,11.0232508563583,226.796025047227,35,0.7,1e-4,10,249.0429406925579
1050,0.189828676738074,0,0,0,0,0,0,0,0,0,0,10.4772275154651,10.4765313311103,228.000566048203,36,0.7,1e-4,10,249.14415357151648
1080,0.180890288630341,0,0,0,0,0,0,0,0,0,0,9.98036733541377,9.97972056481193,229.089401201466,37,0.7,1e-4,10,249.23037939032204
1110,0.172732773973085,0,0,0,0,0,0,0,0,0,0,9.5270509986306,9.52644815287561,230.078172273012,38,0.7,1e-4,10,249.30440419849128
1140,0.165260354568722,0,0,0,0,0,0,0,0,0,0,9.11192408100895,9.11136047732576,230.97985607760901,39,0.7,1e-4,10,249.36840099051244
1170,0.158391993826272,0,0,0,0,0,0,0,0,0,0,8.7304581902868,8.72992980767896,231.805303657921,40,0.7,1e-4,10,249.42408364971303
1200,0.152058718963728,0,0,0,0,0,0,0,0,0,0,8.37880057341791,8.37830393837017,232.563654627774,41,0.7,1e-4,10,249.47281785852581
1230,0.146201495245342,0,0,0,0,0,0,0,0,0,0,8.0536548027858,8.05318689796906,233.262658934222,42,0.7,1e-4,10,249.5157021302222
1260,0.140769526641516,0,0,0,0,0,0,0,0,0,0,7.75218545046103,7.75174364121144,233.908929159663,43,0.7,1e-4,10,249.55362777797697
1290,0.135718888169424,0,0,0,0,0,0,0,0,0,0,7.47194140780224,7.47152338245925,234.508140147935,44,0.7,1e-4,10,249.58732382636592
1320,0.131011418001489,0,0,0,0,0,0,0,0,0,0,7.21079379867786,7.21039751982023,235.065188281446,45,0.7,1e-4,10,249.61739101794558
1350,0.126613814395925,0,0,0,0,0,0,0,0,0,0,6.96688539295873,6.96650905727895,235.584319562223,46,0.7,1e-4,10,249.6443278268566
1380,0.122496895186645,0,0,0,0,0,0,0,0,0,0,6.73858914262132,6.73823114769875,236.069233362537,47,0.7,1e-4,10,249.66855054804373
1410,0.118634987109489,0,0,0,0,0,0,0,0,0,0,6.52447400063963,6.52413291726236,236.523167044373,48,0.7,1e-4,10,249.69040894938448
1440,0.115005419462778,0,0,0,0,0,0,0,0,0,0,6.32327658965199,6.32295113863135,236.948965420426,49,0.7,1e-4,10,249.7101985681721
1470,0.111588102101454,0,0,0,0,0,0,0,0,0,0,6.13387759709645,6.13356662974207,237.349138117694,50,0.7,1e-4,10,249.72817044663398
1500,0.108365171981919,0,0,0,0,0,0,0,0,0,0,5.95528201081619,5.95498449241143,237.725907221007,51,0.7,1e-4,10,249.74453889621654
1530,0.105320695728859,0,0,0,0,0,0,0,0,0,0,5.78660249212311,5.7863174878737,238.081247056603,52,0.7,1e-4,10,249.75948773232867
1560,0.102440418221456,0,0,0,0,0,0,0,0,0,0,5.62704532528173,5.62677198831402,238.416917581484,53,0.7,1e-4,10,249.7731753133012
1590,0.0997115491690814,0,0,0,0,0,0,0,0,0,0,5.47589849319171,5.47563605425794,238.734492541163,54,0.7,1e-4,10,249.78573863778175
1620,0.0971225811959105,0,0,0,0,0,0,0,0,0,0,5.33252151604669,5.3322692746589,239.035383323841,55,0.7,1e-4,10,249.7972966957425
1650,0.0946631341776739,0,0,0,0,0,0,0,0,0,0,5.19633675843363,5.19609407519893,239.320859256244,56,0.7,1e-4,10,249.80795322405424
1680,0.0923238215455001,0,0,0,0,0,0,0,0,0,0,5.06682196486003,5.06658825482994,239.592064942925,57,0.7,1e-4,10,249.81779898416048
1710,0.0900961350475017,0,0,0,0,0,0,0,0,0,0,4.94350382720136,4.94327855408135,239.850035137662,58,0.7,1e-4,10,249.8269136539922
1740,0.0879723450810368,0,0,0,0,0,0,0,0,0,0,4.82595242245262,4.82573509354377,240.095707545728,59,0.7,1e-4,10,249.83536740680543
1770,0.0859454142102162,0,0,0,0,0,0,0,0,0,0,4.7137763872839,4.71356654905017,240.329933884064,60,0.7,1e-4,10,249.84322223460828
1800,0.0840089218894803,0,0,0,0,0,0,0,0,0,0,4.60661871866462,4.60641595283665,240.553489468794,61,0.7,1e-4,10,249.85053306218475
1830,0.0821569987445646,0,0,0,0,0,0,0,0,0,0,4.5041531083342,4.50395702847478,240.767081553102,62,0.7,1e-4,10,249.85734868865555
1860,0.080384269032185,0,0,0,0,0,0,0,0,0,0,4.40608073401884,4.40589098248707,240.971356600794,63,0.7,1e-4,10,249.8637125863321
1890,0.0786858001213027,0,0,0,0,0,0,0,0,0,0,4.31212744269675,4.31194368795742,241.166906650213,64,0.7,1e-4,10,249.8696635809885
1920,0.0770570580212916,0,0,0,0,0,0,0,0,0,0,4.22204127142817,4.2218632056611,241.354274898103,65,0.7,1e-4,10,249.87523643321356
1950,0.075493868133218,0,0,0,0,0,0,0,0,0,0,4.13559025970946,4.13541759668018,241.533960612355,66,0.7,1e-4,10,249.88046233687786
1980,0.0739923805256595,0,0,0,0,0,0,0,0,0,0,4.05256051431755,4.05239298747633,241.706423465633,67,0.7,1e-4,10,249.88536934795255
0,250,0,0,0,0,0,0,0,0,0,0,0,0,0,1,0.7,1e-4,11,250
30,250.000322400697,0,0,0,0,0,0,0,0,0,0,0,0,0,2,0.7,1e-4,11,250.000322400697
60,250.000090984018,0,0,0,0,0,0,0,0,0,0,0,0,0,3,0.7,1e-4,11,250.000090984018
90,250.000018876751,0,0,0,0,0,0,0,0,0,0,0,0,0,4,0.7,1e-4,11,250.000018876751
120,220.563274748824,0,0,0,0,0,0,0,0,0,0,34.1776947761383,34.1776947761383,0.00770409975046474,5,0.7,1e-4,11,288.92636840085106
150,151.181001234992,0,0,0,0,0,0,0,0,0,0,61.9439135942626,61.9428969746044,0.0257300507681001,6,0.7,1e-4,11,275.0935418546271
180,101.245067876836,0,0,0,0,0,0,0,0,0,0,72.4975835697851,72.4952830091493,0.0555550998399534,7,0.7,1e-4,11,246.29348955561036
210,65.446435402282,0,0,0,0,0,0,0,0,0,0,74.5475473282555,74.5442642792973,0.10454213808394,8,0.7,1e-4,11,214.64278914791873
240,39.5678810442788,0,0,0,0,0,0,0,0,0,0,71.1410727925182,71.1373393241066,0.185799919382302,9,0.7,1e-4,11,182.0320930802859
270,21.6334268367561,0,0,0,0,0,0,0,0,0,0,63.8175751087794,63.8139799498615,0.324779671630999,10,0.7,1e-4,11,149.589761567028
300,10.3025968023492,0,0,0,0,0,0,0,0,0,0,54.3327230601785,54.3297694648611,0.56928624672475,11,0.7,1e-4,11,119.53437557411355
330,4.1288831219428,0,0,0,0,0,0,0,0,0,0,44.9758681768448,44.9737995242375,1.00621718791099,12,0.7,1e-4,11,95.08476801093609
360,1.40831450318706,0,0,0,0,0,0,0,0,0,0,38.208798027601,38.2074686787928,1.78354832713175,13,0.7,1e-4,11,79.60812953671261
390,0.482134211541505,0,0,0,0,0,0,0,0,0,0,35.6299366069683,35.6288711749499,3.14559487492995,14,0.7,1e-4,11,74.88653686838965
420,0.205374363701344,0,0,0,0,0,0,0,0,0,0,36.9735683679393,36.9722461038461,5.51961885616902,15,0.7,1e-4,11,79.67080769165577
450,0.178351401603558,0,0,0,0,0,0,0,0,0,0,25.460636556959,25.4567045578624,7.6550013482252,16,0.7,1e-4,11,58.75069386465015
480,0.197994532853222,0,0,0,0,0,0,0,0,0,0,29.8036909065676,29.7981745292095,32.4738058926263,17,0.7,1e-4,11,92.27366586125662
510,0.283326919263968,0,0,0,0,0,0,0,0,0,0,42.1162779147844,42.1086038979609,65.6775659045544,18,0.7,1e-4,11,150.18577463656365
540,0.296931628721724,0,0,0,0,0,0,0,0,0,0,44.1181680998333,44.1107000963927,102.619168153975,19,0.7,1e-4,11,191.14496797892272
570,0.275562485014166,0,0,0,0,0,0,0,0,0,0,40.9040000632115,40.8976798708531,132.504273759923,20,0.7,1e-4,11,214.58151617900177
600,0.249406253655591,0,0,0,0,0,0,0,0,0,0,36.9988365091519,36.9936335253172,153.552984192383,21,0.7,1e-4,11,227.7948604805077
630,0.221894494772123,0,0,0,0,0,0,0,0,0,0,32.8978268098365,32.8935867655029,169.179500774642,22,0.7,1e-4,11,235.19280884475353
660,0.197921329808761,0,0,0,0,0,0,0,0,0,0,29.3296042545168,29.3261115397802,180.749954149711,23,0.7,1e-4,11,239.60359127381676
690,0.177424703520104,0,0,0,0,0,0,0,0,0,0,26.281005906058,26.2780902321465,189.635601167722,24,0.7,1e-4,11,242.3721220094466
720,0.160145941944975,0,0,0,0,0,0,0,0,0,0,23.7126110175934,23.7101422881615,196.618356282035,25,0.7,1e-4,11,244.20125552973488
750,0.145545827243378,0,0,0,0,0,0,0,0,0,0,21.5433824500552,21.5412644583035,202.23221631218,26,0.7,1e-4,11,245.46240904778207
780,0.133140224577788,0,0,0,0,0,0,0,0,0,0,19.70091656109,19.6990778087601,206.830711343402,27,0.7,1e-4,11,246.36384593782986
810,0.122519836436944,0,0,0,0,0,0,0,0,0,0,18.1241006225059,18.1224874348359,210.658784177258,28,0.7,1e-4,11,247.02789207103675
840,0.1133559169124,0,0,0,0,0,0,0,0,0,0,16.7639099352165,16.7624814521962,213.889952629565,29,0.7,1e-4,11,247.5296999338901
870,0.105387306431218,0,0,0,0,0,0,0,0,0,0,15.5814299265887,15.5801545925008,216.650282564937,30,0.7,1e-4,11,247.9172543904577
900,0.0984070302445263,0,0,0,0,0,0,0,0,0,0,14.5458391758568,14.5446922758681,219.033303361105,31,0.7,1e-4,11,248.22224184307441
930,0.0922504501451751,0,0,0,0,0,0,0,0,0,0,13.6326328401551,13.6315947596119,221.109728025461,32,0.7,1e-4,11,248.46620607537318
960,0.0867858010358507,0,0,0,0,0,0,0,0,0,0,12.822206923875,12.8212619036275,222.933919233758,33,0.7,1e-4,11,248.66417386229634
990,0.0819068533705771,0,0,0,0,0,0,0,0,0,0,12.0987620656349,12.0978973002949,224.548298588451,34,0.7,1e-4,11,248.82686480775138
1020,0.0775273000666244,0,0,0,0,0,0,0,0,0,0,11.4494657773778,11.4486707531659,225.986416134882,35,0.7,1e-4,11,248.96207996549234
1050,0.073576474087635,0,0,0,0,0,0,0,0,0,0,10.863813755985399,10.8630797580656,227.27512838377,36,0.7,1e-4,11,249.07559837190865
1080,0.0699960743030474,0,0,0,0,0,0,0,0,0,0,10.3331418551099,10.3324615963805,228.436170524236,37,0.7,1e-4,11,249.17177005002944
1110,0.0667376500916068,0,0,0,0,0,0,0,0,0,0,9.85025133038891,9.84961866843226,229.487309215369,38,0.7,1e-4,11,249.2539168642818
1140,0.0637606567867749,0,0,0,0,0,0,0,0,0,0,9.40911924730361,9.40852896612857,230.443199985921,39,0.7,1e-4,11,249.32460885613997
1170,0.0610309419739383,0,0,0,0,0,0,0,0,0,0,9.00467313111543,9.00412077108715,231.316033316654,40,0.7,1e-4,11,249.3858581608305
1200,0.0585195586572868,0,0,0,0,0,0,0,0,0,0,8.63261433212876,8.63209605614193,232.116027364121,41,0.7,1e-4,11,249.43925731104898
1230,0.056201827949354,0,0,0,0,0,0,0,0,0,0,8.28927856419543,8.28879105139906,232.851807906636,42,0.7,1e-4,11,249.48607935017984
1260,0.0540565935237747,0,0,0,0,0,0,0,0,0,0,7.97152500190217,7.97106536257847,233.530704335733,43,0.7,1e-4,11,249.5273512937374
1290,0.0520656244686197,0,0,0,0,0,0,0,0,0,0,7.67664747198837,7.67621317882738,234.15898243877,44,0.7,1e-4,11,249.56390871405438
1320,0.0502131337862483,0,0,0,0,0,0,0,0,0,0,7.40230285792664,7.40189169012143,234.742029089363,45,0.7,1e-4,11,249.59643677119732
1350,0.0484853876368688,0,0,0,0,0,0,0,0,0,0,7.14645300784388,7.14606300529428,235.284499987496,46,0.7,1e-4,11,249.62550138827103
1380,0.04687038626513,0,0,0,0,0,0,0,0,0,0,6.90731730711186,6.90694673266083,235.790438749683,47,0.7,1e-4,11,249.6515731757208
1410,0.0453576019224697,0,0,0,0,0,0,0,0,0,0,6.6833337288334,6.682981036934,236.263373594618,48,0.7,1e-4,11,249.67504596230788
1440,0.0439377623926359,0,0,0,0,0,0,0,0,0,0,6.47312666639672,6.47279047696236,236.706396367797,49,0.7,1e-4,11,249.6962512735487
1470,0.0426026712259407,0,0,0,0,0,0,0,0,0,0,6.2754802244117,6.27515930087241,237.122227539402,50,0.7,1e-4,11,249.71546973591205
1500,0.0413450576942405,0,0,0,0,0,0,0,0,0,0,6.08931592826662,6.08900915905886,237.513269983067,51,0.7,1e-4,11,249.73294012808674
1530,0.0401584509428458,0,0,0,0,0,0,0,0,0,0,5.91367403055492,5.91338041343126,237.88165372132,52,0.7,1e-4,11,249.74886661624902
1560,0.0390370739471815,0,0,0,0,0,0,0,0,0,0,5.74769776107736,5.74741638974457,238.22927335188,53,0.7,1e-4,11,249.76342457664913
1590,0.0379757537619453,0,0,0,0,0,0,0,0,0,0,5.59061999808645,5.59035005077649,238.557819508516,54,0.7,1e-4,11,249.77676531114088
1620,0.0369698452387885,0,0,0,0,0,0,0,0,0,0,5.44175194086034,5.44149267051374,238.868805432404,55,0.7,1e-4,11,249.78901988901688
1650,0.0360151659300122,0,0,0,0,0,0,0,0,0,0,5.30047344425282,5.30022417005379,239.163589514561,56,0.7,1e-4,11,249.80030229479763
1680,0.0351079403240991,0,0,0,0,0,0,0,0,0,0,5.16622473958429,5.16598483963358,239.443394501655,57,0.7,1e-4,11,249.81071202119696
1710,0.0342447518995582,0,0,0,0,0,0,0,0,0,0,5.03849931690521,5.03826822185552,239.709323925277,58,0.7,1e-4,11,249.8203362159373
1740,0.0334225017558746,0,0,0,0,0,0,0,0,0,0,4.91683778416248,4.91661497167066,239.962376210181,59,0.7,1e-4,11,249.82925146777
1770,0.0326383727991347,0,0,0,0,0,0,0,0,0,0,4.80082255132963,4.80060754120534,240.203456833835,60,0.7,1e-4,11,249.8375252991691
1800,0.0318897986364931,0,0,0,0,0,0,0,0,0,0,4.69007321381855,4.68986556376872,240.433388843113,61,0.7,1e-4,11,249.84521741933676
1830,0.031174436476867,0,0,0,0,0,0,0,0,0,0,4.58424253078105,4.58404183266579,240.652921980454,62,0.7,1e-4,11,249.85238078037773
1860,0.0304901434518872,0,0,0,0,0,0,0,0,0,0,4.48301291124799,4.48281878777723,240.862740628652,63,0.7,1e-4,11,249.8590624711291
1890,0.0298349558665713,0,0,0,0,0,0,0,0,0,0,4.38609333523718,4.38590543704803,241.063470748296,64,0.7,1e-4,11,249.8653044764478
1920,0.0292070709675559,0,0,0,0,0,0,0,0,0,0,4.29321664860953,4.29303465167407,241.255685953325,65,0.7,1e-4,11,249.87114432457616
1950,0.0286048308813675,0,0,0,0,0,0,0,0,0,0,4.20413718005839,4.20396078337839,241.43991284665,66,0.7,1e-4,11,249.87661564096814
1980,0.0280267084287151,0,0,0,0,0,0,0,0,0,0,4.11862863656696,4.11845756011912,241.616635718603,67,0.7,1e-4,11,249.88174862371778
0,250,0,0,0,0,0,0,0,0,0,0,0,0,0,1,0.7,1e-4,12,250
30,250.000322400697,0,0,0,0,0,0,0,0,0,0,0,0,0,2,0.7,1e-4,12,250.000322400697
60,250.000090984018,0,0,0,0,0,0,0,0,0,0,0,0,0,3,0.7,1e-4,12,250.000090984018
90,250.000018876751,0,0,0,0,0,0,0,0,0,0,0,0,0,4,0.7,1e-4,12,250.000018876751
120,220.563274748824,0,0,0,0,0,0,0,0,0,0,34.1776947761383,34.1776947761383,0.00770409975046474,5,0.7,1e-4,12,288.92636840085106
150,151.181001234992,0,0,0,0,0,0,0,0,0,0,61.9439135942626,61.9428969746044,0.0257300507681001,6,0.7,1e-4,12,275.0935418546271
180,101.245067876836,0,0,0,0,0,0,0,0,0,0,72.4975835697851,72.4952830091493,0.0555550998399534,7,0.7,1e-4,12,246.29348955561036
210,65.446435402282,0,0,0,0,0,0,0,0,0,0,74.5475473282555,74.5442642792973,0.10454213808394,8,0.7,1e-4,12,214.64278914791873
240,39.5678810442788,0,0,0,0,0,0,0,0,0,0,71.1410727925182,71.1373393241066,0.185799919382302,9,0.7,1e-4,12,182.0320930802859
270,21.6334268367561,0,0,0,0,0,0,0,0,0,0,63.8175751087794,63.8139799498615,0.324779671630999,10,0.7,1e-4,12,149.589761567028
300,10.3025968023492,0,0,0,0,0,0,0,0,0,0,54.3327230601785,54.3297694648611,0.56928624672475,11,0.7,1e-4,12,119.53437557411355
330,4.1288831219428,0,0,0,0,0,0,0,0,0,0,44.9758681768448,44.9737995242375,1.00621718791099,12,0.7,1e-4,12,95.08476801093609
360,1.40831450318706,0,0,0,0,0,0,0,0,0,0,38.208798027601,38.2074686787928,1.78354832713175,13,0.7,1e-4,12,79.60812953671261
390,0.482134211541505,0,0,0,0,0,0,0,0,0,0,35.6299366069683,35.6288711749499,3.14559487492995,14,0.7,1e-4,12,74.88653686838965
420,0.205374363701344,0,0,0,0,0,0,0,0,0,0,36.9735683679393,36.9722461038461,5.51961885616902,15,0.7,1e-4,12,79.67080769165577
450,0.103541571797829,0,0,0,0,0,0,0,0,0,0,40.9023167107731,40.9003882769062,9.5685603550189,16,0.7,1e-4,12,91.47480691449603
480,0.0933802032882416,0,0,0,0,0,0,0,0,0,0,32.3991630339587,32.3941749602974,13.6207039455095,17,0.7,1e-4,12,78.50742214305384
510,0.0980473791763139,0,0,0,0,0,0,0,0,0,0,34.9131060080982,34.9067888632167,44.5636755724158,18,0.7,1e-4,12,114.481617822907
540,0.124347063455944,0,0,0,0,0,0,0,0,0,0,44.058299570569,44.050526962384,78.1758415974825,19,0.7,1e-4,12,166.40901519389143
570,0.122637029827908,0,0,0,0,0,0,0,0,0,0,43.4365475816003,43.4294486364822,113.219990603655,20,0.7,1e-4,12,200.20862385156542
600,0.112448379535452,0,0,0,0,0,0,0,0,0,0,39.808821392622,39.8028883115192,139.876398053429,21,0.7,1e-4,12,219.60055613710566
630,0.10089776131934,0,0,0,0,0,0,0,0,0,0,35.7102254211257,35.7053691169847,159.018152165134,22,0.7,1e-4,12,230.53464446456374
660,0.0897546832367347,0,0,0,0,0,0,0,0,0,0,31.7566398665719,31.752670644098,173.19259590055,23,0.7,1e-4,12,236.79166109445663
690,0.0801407402217205,0,0,0,0,0,0,0,0,0,0,28.3481420100854,28.3448587907085,183.815053688441,24,0.7,1e-4,12,240.58819522945663
720,0.0719781709492934,0,0,0,0,0,0,0,0,0,0,25.4549551802209,25.4522016973744,192.033082122194,25,0.7,1e-4,12,243.01221717073858
750,0.0650989475399821,0,0,0,0,0,0,0,0,0,0,23.0173118835629,23.0149703567218,198.539186007764,26,0.7,1e-4,12,244.63656719558867
780,0.0592792231313717,0,0,0,0,0,0,0,0,0,0,20.955505570902,20.9534888308022,203.801636251443,27,0.7,1e-4,12,245.76990987627858
810,0.0543241118457612,0,0,0,0,0,0,0,0,0,0,19.2003085814655,19.1985516501818,208.134874369932,28,0.7,1e-4,12,246.58805871342506
840,0.050072387206876,0,0,0,0,0,0,0,0,0,0,17.6944782193135,17.6929320981674,211.758322816267,29,0.7,1e-4,12,247.19580552095476
870,0.0463952990124961,0,0,0,0,0,0,0,0,0,0,16.3923270187522,16.3909542316674,214.828669482217,30,0.7,1e-4,12,247.6583460316491
900,0.0431907673965022,0,0,0,0,0,0,0,0,0,0,15.2576435662097,15.2564150371694,217.460515425517,31,0.7,1e-4,12,248.0177647962926
930,0.040377855843481,0,0,0,0,0,0,0,0,0,0,14.2617244753996,14.2606173325951,219.739396534625,32,0.7,1e-4,12,248.30211619846318
960,0.0378920885471539,0,0,0,0,0,0,0,0,0,0,13.3817088658743,13.3807048841108,221.730326958414,33,0.7,1e-4,12,248.53063279694626
990,0.0356817606773317,0,0,0,0,0,0,0,0,0,0,12.5992672619045,12.5983517440524,223.483526277412,34,0.7,1e-4,12,248.71682704404625
1020,0.0337050954513816,0,0,0,0,0,0,0,0,0,0,11.8995919444181,11.8987529074482,225.038350483061,35,0.7,1e-4,12,248.87040043037868
1050,0.0319280737949948,0,0,0,0,0,0,0,0,0,0,11.2706264886526,11.2698540633447,226.426045007847,36,0.7,1e-4,12,248.9984536336393
1080,0.0303227786582429,0,0,0,0,0,0,0,0,0,0,10.7024781863569,10.7017641688097,227.671708776985,37,0.7,1e-4,12,249.10627391080985
1110,0.0288661278784563,0,0,0,0,0,0,0,0,0,0,10.1869684706323,10.1863059830149,228.795718968728,38,0.7,1e-4,12,249.19785955025367
1140,0.0275388991378927,0,0,0,0,0,0,0,0,0,0,9.71728704661287,9.71667027753607,229.814780396643,39,0.7,1e-4,12,249.27627661992983
1170,0.0263249747628622,0,0,0,0,0,0,0,0,0,0,9.28772405189715,9.28714805552912,230.742709218484,40,0.7,1e-4,12,249.34390630067315
1200,0.0252107526456697,0,0,0,0,0,0,0,0,0,0,8.89346116578122,8.8929217048139,231.591025728538,41,0.7,1e-4,12,249.40261935177878
1230,0.0241846834002831,0,0,0,0,0,0,0,0,0,0,8.5304075035703,8.52990092528238,232.369408019907,42,0.7,1e-4,12,249.45390113215998
1260,0.0232369040597734,0,0,0,0,0,0,0,0,0,0,8.19506975597564,8.19459289353696,233.086042938889,43,0.7,1e-4,12,249.49894249246137
1290,0.0223589461145599,0,0,0,0,0,0,0,0,0,0,7.88444869456579,7.88399878778155,233.747900308686,44,0.7,1e-4,12,249.53870673714792
1320,0.0215435011972774,0,0,0,0,0,0,0,0,0,0,7.59595611973551,7.59553075090108,234.360949191934,45,0.7,1e-4,12,249.57397956376786
1350,0.0207842317815185,0,0,0,0,0,0,0,0,0,0,7.32734776951636,7.32694481111936,234.930329917908,46,0.7,1e-4,12,249.60540673032526
1380,0.0200756172715345,0,0,0,0,0,0,0,0,0,0,7.07666877584539,7.07628634763294,235.460492025119,47,0.7,1e-4,12,249.63352276586886
1410,0.0194128281032117,0,0,0,0,0,0,0,0,0,0,6.84220905095473,6.84184548446019,235.95530570492,48,0.7,1e-4,12,249.65877306843814
1440,0.0187916221588499,0,0,0,0,0,0,0,0,0,0,6.62246658340865,6.62212039246344,236.418152470579,49,0.7,1e-4,12,249.68153106860993
1470,0.0182082590678971,0,0,0,0,0,0,0,0,0,0,6.41611707372252,6.41578692980264,236.851999411522,50,0.7,1e-4,12,249.70211167411506
1500,0.0176594289302516,0,0,0,0,0,0,0,0,0,0,6.22198868160231,6.22167339310554,237.25946038168,51,0.7,1e-4,12,249.72078188531808
1530,0.0171421927361381,0,0,0,0,0,0,0,0,0,0,6.03904091837565,6.03873941311373,237.642846715369,52,0.7,1e-4,12,249.7377692395945
1560,0.0166539323239494,0,0,0,0,0,0,0,0,0,0,5.86634691939787,5.86605822973376,238.004209494414,53,0.7,1e-4,12,249.75326857586958
1590,0.0161923081567405,0,0,0,0,0,0,0,0,0,0,5.70307848699181,5.70280173716471,238.345374957028,54,0.7,1e-4,12,249.76744748934127
1620,0.0157552235402573,0,0,0,0,0,0,0,0,0,0,5.54849341580946,5.54822781107876,238.667974307021,55,0.7,1e-4,12,249.7804507574495
1650,0.0153407941734944,0,0,0,0,0,0,0,0,0,0,5.40192470756245,5.4016695248716,238.973468925668,56,0.7,1e-4,12,249.79240395227552
1680,0.0149473221340619,0,0,0,0,0,0,0,0,0,0,5.26277135696943,5.2625259368854,239.26317178939,57,0.7,1e-4,12,249.80341640537887
1710,0.0145732735680372,0,0,0,0,0,0,0,0,0,0,5.13049045010911,5.1302541898376,239.538265740452,58,0.7,1e-4,12,249.81358365396676
1740,0.0142172594873179,0,0,0,0,0,0,0,0,0,0,5.00459036363318,5.00436271094443,239.799819135214,59,0.7,1e-4,12,249.82298946927892
1770,0.0138780191842478,0,0,0,0,0,0,0,0,0,0,4.88462489112964,4.88440533905852,240.048799297164,60,0.7,1e-4,12,249.83170754653642
1800,0.0135544058591658,0,0,0,0,0,0,0,0,0,0,4.77018815336742,4.76997623557412,240.28608412448,61,0.7,1e-4,12,249.83980291928071
1830,0.0132453741259616,0,0,0,0,0,0,0,0,0,0,4.66091017375694,4.66070546045359,240.512472139838,62,0.7,1e-4,12,249.8473331481745
1860,0.0129499691170867,0,0,0,0,0,0,0,0,0,0,4.55645302034002,4.55625511470361,240.728691220166,63,0.7,1e-4,12,249.85434932432673
1890,0.0126673169554565,0,0,0,0,0,0,0,0,0,0,4.45650743191566,4.4563159669205,240.935406203607,64,0.7,1e-4,12,249.8608969193986
1920,0.0123966163983329,0,0,0,0,0,0,0,0,0,0,4.36078985925275,4.36060449486568,241.13322553807,65,0.7,1e-4,12,249.86701650858677
1950,0.0121371314892472,0,0,0,0,0,0,0,0,0,0,4.26903986331388,4.26886028400445,241.322707108898,66,0.7,1e-4,12,249.87274438770555
1980,0.0118881850795919,0,0,0,0,0,0,0,0,0,0,4.1810178214742,4.18084373399893,241.504363361122,67,0.7,1e-4,12,249.8781131016747
0,250,0,0,0,0,0,0,0,0,0,0,0,0,0,1,0.7,1e-4,13,250
30,250.000322400697,0,0,0,0,0,0,0,0,0,0,0,0,0,2,0.7,1e-4,13,250.000322400697
60,250.000090984018,0,0,0,0,0,0,0,0,0,0,0,0,0,3,0.7,1e-4,13,250.000090984018
90,250.000018876751,0,0,0,0,0,0,0,0,0,0,0,0,0,4,0.7,1e-4,13,250.000018876751
120,220.563274748824,0,0,0,0,0,0,0,0,0,0,34.1776947761383,34.1776947761383,0.00770409975046474,5,0.7,1e-4,13,288.92636840085106
150,151.181001234992,0,0,0,0,0,0,0,0,0,0,61.9439135942626,61.9428969746044,0.0257300507681001,6,0.7,1e-4,13,275.0935418546271
180,101.245067876836,0,0,0,0,0,0,0,0,0,0,72.4975835697851,72.4952830091493,0.0555550998399534,7,0.7,1e-4,13,246.29348955561036
210,65.446435402282,0,0,0,0,0,0,0,0,0,0,74.5475473282555,74.5442642792973,0.10454213808394,8,0.7,1e-4,13,214.64278914791873
240,39.5678810442788,0,0,0,0,0,0,0,0,0,0,71.1410727925182,71.1373393241066,0.185799919382302,9,0.7,1e-4,13,182.0320930802859
270,21.6334268367561,0,0,0,0,0,0,0,0,0,0,63.8175751087794,63.8139799498615,0.324779671630999,10,0.7,1e-4,13,149.589761567028
300,10.3025968023492,0,0,0,0,0,0,0,0,0,0,54.3327230601785,54.3297694648611,0.56928624672475,11,0.7,1e-4,13,119.53437557411355
330,4.1288831219428,0,0,0,0,0,0,0,0,0,0,44.9758681768448,44.9737995242375,1.00621718791099,12,0.7,1e-4,13,95.08476801093609
360,1.40831450318706,0,0,0,0,0,0,0,0,0,0,38.208798027601,38.2074686787928,1.78354832713175,13,0.7,1e-4,13,79.60812953671261
390,0.482134211541505,0,0,0,0,0,0,0,0,0,0,35.6299366069683,35.6288711749499,3.14559487492995,14,0.7,1e-4,13,74.88653686838965
420,0.205374363701344,0,0,0,0,0,0,0,0,0,0,36.9735683679393,36.9722461038461,5.51961885616902,15,0.7,1e-4,13,79.67080769165577
450,0.103541571797829,0,0,0,0,0,0,0,0,0,0,40.9023167107731,40.9003882769062,9.5685603550189,16,0.7,1e-4,13,91.47480691449603
480,0.0578628491836462,0,0,0,0,0,0,0,0,0,0,46.4055603934366,46.4028453302188,15.9539549172436,17,0.7,1e-4,13,108.82022349008265
510,0.0518693506820447,0,0,0,0,0,0,0,0,0,0,38.8994409885241,38.8936018597914,22.3275668667446,18,0.7,1e-4,13,100.17247906574215
540,0.0514214682518162,0,0,0,0,0,0,0,0,0,0,39.1318654343969,39.1250293658253,57.2529586750451,19,0.7,1e-4,13,135.56127494351912
570,0.0591845881991579,0,0,0,0,0,0,0,0,0,0,44.8996026652034,44.8920031110778,90.2382832744351,20,0.7,1e-4,13,180.08907363891547
600,0.0560122344334516,0,0,0,0,0,0,0,0,0,0,42.497641052013,42.4909840437325,122.71746877781,21,0.7,1e-4,13,207.76210610798896
630,0.0508760596060139,0,0,0,0,0,0,0,0,0,0,38.5852268497746,38.5797088973323,146.550623292201,22,0.7,1e-4,13,223.76643509891392
660,0.0454134982683505,0,0,0,0,0,0,0,0,0,0,34.437967128968,34.4334590505819,163.939251096901,23,0.7,1e-4,13,232.85609077471923
690,0.0404223455896856,0,0,0,0,0,0,0,0,0,0,30.6468853382445,30.6431863593925,176.840836396174,24,0.7,1e-4,13,238.1713304394007
720,0.0361475572192717,0,0,0,0,0,0,0,0,0,0,27.4015168463542,27.3984430289682,186.617282217793,25,0.7,1e-4,13,241.45338965033466
750,0.0325335636849233,0,0,0,0,0,0,0,0,0,0,24.6580891388786,24.6554990458743,194.23733894911,26,0.7,1e-4,13,243.58346069754785
780,0.0294860218531232,0,0,0,0,0,0,0,0,0,0,22.34500031754,22.3427881526716,200.312935333481,27,0.7,1e-4,13,245.0302098255457
810,0.0269035115770872,0,0,0,0,0,0,0,0,0,0,20.3850660882195,20.3831533600117,205.25598018582,28,0.7,1e-4,13,246.05110314562828
840,0.0246996526235194,0,0,0,0,0,0,0,0,0,0,18.7126460650927,18.7109740329879,209.346743657303,29,0.7,1e-4,13,246.7950634080071
870,0.022804079348298,0,0,0,0,0,0,0,0,0,0,17.2742773604063,17.2728015123806,212.782241830896,30,0.7,1e-4,13,247.3521247830312
900,0.0211608093125862,0,0,0,0,0,0,0,0,0,0,16.0274374487814,16.0261235728897,215.704263204131,31,0.7,1e-4,13,247.7789850351147
930,0.019725493473244,0,0,0,0,0,0,0,0,0,0,14.9384456704048,14.9372670979194,218.217192067319,32,0.7,1e-4,13,248.11263032911643
960,0.0184629317622193,0,0,0,0,0,0,0,0,0,0,13.9805732152371,13.9795088757316,220.399397305126,33,0.7,1e-4,13,248.3779423278569
990,0.017345031638547,0,0,0,0,0,0,0,0,0,0,13.1324906435119,13.1315236791768,222.310755795464,34,0.7,1e-4,13,248.59211514979123
1020,0.0163492150234058,0,0,0,0,0,0,0,0,0,0,12.3770569915014,12.376173757414,223.997734243692,35,0.7,1e-4,13,248.76731420763082
1050,0.01545719614731,0,0,0,0,0,0,0,0,0,0,11.7003910542939,11.6995803875353,225.496899774737,36,0.7,1e-4,13,248.9123284127135
1080,0.0146540494605402,0,0,0,0,0,0,0,0,0,0,11.091163238211,11.0904159164379,226.837393139157,37,0.7,1e-4,13,249.03362634326643
1110,0.0139274981798403,0,0,0,0,0,0,0,0,0,0,10.5400551263348,10.5393634615535,228.04270256847,38,0.7,1e-4,13,249.13604865453814
1140,0.0132673690245464,0,0,0,0,0,0,0,0,0,0,10.0393453388278,10.0387028688956,229.131956826922,39,0.7,1e-4,13,249.22327240366994
1170,0.0126651718618341,0,0,0,0,0,0,0,0,0,0,9.58259029889928,9.58199155055209,230.120881815015,40,0.7,1e-4,13,249.2981288363282
1200,0.0121137734469541,0,0,0,0,0,0,0,0,0,0,9.16437648099713,9.16381678586153,231.02251789404,41,0.7,1e-4,13,249.3628249343456
1230,0.0116071423738473,0,0,0,0,0,0,0,0,0,0,8.78012674942413,8.77960209972848,231.847764493223,42,0.7,1e-4,13,249.41910048474946
1260,0.0111401482376201,0,0,0,0,0,0,0,0,0,0,8.42594787119114,8.42545480554569,232.605798331491,43,0.7,1e-4,13,249.46834115646544
1290,0.0107084023417332,0,0,0,0,0,0,0,0,0,0,8.0985095794797,8.09804509166452,233.304397984923,44,0.7,1e-4,13,249.51166105840898
1320,0.0103081304636568,0,0,0,0,0,0,0,0,0,0,7.79494798158014,7.79450944710781,233.950198240895,45,0.7,1e-4,13,249.5499638000466
1350,0.00993607053265089,0,0,0,0,0,0,0,0,0,0,7.51278788322013,7.51237299975451,234.548891240703,46,0.7,1e-4,13,249.5839881942103
1380,0.00958938980127002,0,0,0,0,0,0,0,0,0,0,7.24987991403545,7.24948665270415,235.10538688812,47,0.7,1e-4,13,249.61434284466085
1410,0.00926561737477464,0,0,0,0,0,0,0,0,0,0,7.00434931329807,7.00397587863773,235.623941782,48,0.7,1e-4,13,249.64153259131058
1440,0.00896258892026719,0,0,0,0,0,0,0,0,0,0,6.77455396244369,6.77419875923844,236.108263613002,49,0.7,1e-4,13,249.6659789236044
1470,0.00867840109688334,0,0,0,0,0,0,0,0,0,0,6.55904979744255,6.55871140310539,236.561596276947,50,0.7,1e-4,13,249.68803587859182
1500,0.00841137379247064,0,0,0,0,0,0,0,0,0,0,6.35656214729473,6.356239288736,236.986789715983,51,0.7,1e-4,13,249.70800252580622
1530,0.00816001866632277,0,0,0,0,0,0,0,0,0,0,6.16596185943974,6.16565339359101,237.386357576671,52,0.7,1e-4,13,249.72613284836808
1560,0.00792301281478817,0,0,0,0,0,0,0,0,0,0,5.98624531378655,5.98595021112017,237.762525082994,53,0.7,1e-4,13,249.74264362071548
1590,0.00769917662114584,0,0,0,0,0,0,0,0,0,0,5.81651761278601,5.81623494330337,238.117268999756,54,0.7,1e-4,13,249.7577207324665
1620,0.00748745504085569,0,0,0,0,0,0,0,0,0,0,5.65597837901905,5.65570730028449,238.452351163527,55,0.7,1e-4,13,249.7715242978714
1650,0.00728690172133641,0,0,0,0,0,0,0,0,0,0,5.50390970418079,5.50364945105904,238.769346752418,56,0.7,1e-4,13,249.78419280937916
1680,0.00709666547162763,0,0,0,0,0,0,0,0,0,0,5.35966588156731,5.35941575738629,239.069668229274,57,0.7,1e-4,13,249.7958465336992
1710,0.00691597868901587,0,0,0,0,0,0,0,0,0,0,5.22266462380778,5.2224239927198,239.35458570851,58,0.7,1e-4,13,249.8065903037266
1740,0.00674414742249843,0,0,0,0,0,0,0,0,0,0,5.09237952284967,5.09214780320423,239.625244352247,59,0.7,1e-4,13,249.8165158257234
1770,0.00658054281103342,0,0,0,0,0,0,0,0,0,0,4.96833355329097,4.96811021186542,239.882679287361,60,0.7,1e-4,13,249.8257035953284
1800,0.00642459368108883,0,0,0,0,0,0,0,0,0,0,4.85009345550277,4.84987800246299,240.127828444506,61,0.7,1e-4,13,249.83422449615287
1830,0.00627578012552179,0,0,0,0,0,0,0,0,0,0,4.73726486346512,4.73705684794992,240.361543647972,62,0.7,1e-4,13,249.84214113951256
1860,0.00613362791618915,0,0,0,0,0,0,0,0,0,0,4.62948806529274,4.62928707153324,240.584600227229,63,0.7,1e-4,13,249.84950899197116
1890,0.00599770362738547,0,0,0,0,0,0,0,0,0,0,4.52643430317215,4.52623994707133,240.797705374265,64,0.7,1e-4,13,249.85637732813586
1920,0.00586761036737214,0,0,0,0,0,0,0,0,0,0,4.42780253473984,4.42761446084937,241.001505432968,65,0.7,1e-4,13,249.86279003892457
1950,0.0057429840317999,0,0,0,0,0,0,0,0,0,0,4.33331659048393,4.33313446932519,241.196592275895,66,0.7,1e-4,13,249.86878631973593
1980,0.00562349000644477,0,0,0,0,0,0,0,0,0,0,4.2427226720884,4.24254619777224,241.383508898584,67,0.7,1e-4,13,249.8744012584511
0,250,0,0,0,0,0,0,0,0,0,0,0,0,0,1,0.7,1e-4,14,250
30,250.000322400697,0,0,0,0,0,0,0,0,0,0,0,0,0,2,0.7,1e-4,14,250.000322400697
60,250.000090984018,0,0,0,0,0,0,0,0,0,0,0,0,0,3,0.7,1e-4,14,250.000090984018
90,250.000018876751,0,0,0,0,0,0,0,0,0,0,0,0,0,4,0.7,1e-4,14,250.000018876751
120,220.563274748824,0,0,0,0,0,0,0,0,0,0,34.1776947761383,34.1776947761383,0.00770409975046474,5,0.7,1e-4,14,288.92636840085106
150,151.181001234992,0,0,0,0,0,0,0,0,0,0,61.9439135942626,61.9428969746044,0.0257300507681001,6,0.7,1e-4,14,275.0935418546271
180,101.245067876836,0,0,0,0,0,0,0,0,0,0,72.4975835697851,72.4952830091493,0.0555550998399534,7,0.7,1e-4,14,246.29348955561036
210,65.446435402282,0,0,0,0,0,0,0,0,0,0,74.5475473282555,74.5442642792973,0.10454213808394,8,0.7,1e-4,14,214.64278914791873
240,39.5678810442788,0,0,0,0,0,0,0,0,0,0,71.1410727925182,71.1373393241066,0.185799919382302,9,0.7,1e-4,14,182.0320930802859
270,21.6334268367561,0,0,0,0,0,0,0,0,0,0,63.8175751087794,63.8139799498615,0.324779671630999,10,0.7,1e-4,14,149.589761567028
300,10.3025968023492,0,0,0,0,0,0,0,0,0,0,54.3327230601785,54.3297694648611,0.56928624672475,11,0.7,1e-4,14,119.53437557411355
330,4.1288831219428,0,0,0,0,0,0,0,0,0,0,44.9758681768448,44.9737995242375,1.00621718791099,12,0.7,1e-4,14,95.08476801093609
360,1.40831450318706,0,0,0,0,0,0,0,0,0,0,38.208798027601,38.2074686787928,1.78354832713175,13,0.7,1e-4,14,79.60812953671261
390,0.482134211541505,0,0,0,0,0,0,0,0,0,0,35.6299366069683,35.6288711749499,3.14559487492995,14,0.7,1e-4,14,74.88653686838965
420,0.205374363701344,0,0,0,0,0,0,0,0,0,0,36.9735683679393,36.9722461038461,5.51961885616902,15,0.7,1e-4,14,79.67080769165577
450,0.103541571797829,0,0,0,0,0,0,0,0,0,0,40.9023167107731,40.9003882769062,9.5685603550189,16,0.7,1e-4,14,91.47480691449603
480,0.0578628491836462,0,0,0,0,0,0,0,0,0,0,46.4055603934366,46.4028453302188,15.9539549172436,17,0.7,1e-4,14,108.82022349008265
510,0.0343870623877793,0,0,0,0,0,0,0,0,0,0,52.5432132258781,52.5397058353698,24.8449518579724,18,0.7,1e-4,14,129.96225798160808
540,0.0297200439203468,0,0,0,0,0,0,0,0,0,0,44.1476948211071,44.1413471376316,33.1454598557865,19,0.7,1e-4,14,121.46422185844554
570,0.0280802997874331,0,0,0,0,0,0,0,0,0,0,42.118059292594,42.111035820507,69.6646536860651,20,0.7,1e-4,14,153.9218290989535
600,0.0300101528335471,0,0,0,0,0,0,0,0,0,0,44.8894893034825,44.882257850305,101.37360659893,21,0.7,1e-4,14,191.17536390555105
630,0.027673931089557,0,0,0,0,0,0,0,0,0,0,41.4126347876264,41.4064571527327,131.050548790234,22,0.7,1e-4,14,213.89731466168266
660,0.0249492339913806,0,0,0,0,0,0,0,0,0,0,37.3209912562158,37.3158952143444,152.50083355718,23,0.7,1e-4,14,227.16266926173157
690,0.0222125712975501,0,0,0,0,0,0,0,0,0,0,33.2248541195408,33.2206863660252,168.323188870043,24,0.7,1e-4,14,234.79094192690656
720,0.0197919118554245,0,0,0,0,0,0,0,0,0,0,29.5994672470157,29.5960321276647,180.126981187617,25,0.7,1e-4,14,239.34227247415282
750,0.0177305882996665,0,0,0,0,0,0,0,0,0,0,26.5133848747404,26.5105164262193,189.158873501127,26,0.7,1e-4,14,242.20050539038638
780,0.0159917076840401,0,0,0,0,0,0,0,0,0,0,23.9101502947781,23.9077218407414,196.250015962983,27,0.7,1e-4,14,244.08387980618656
810,0.0145237880407958,0,0,0,0,0,0,0,0,0,0,21.712765709291,21.7106827555794,201.941267315036,28,0.7,1e-4,14,245.37923956794717
840,0.0132774354095999,0,0,0,0,0,0,0,0,0,0,19.8471637510719,19.8453559389992,206.597170074142,29,0.7,1e-4,14,246.3029671996227
870,0.0122113226030017,0,0,0,0,0,0,0,0,0,0,18.251438318417,18.2498527489154,210.468575585017,30,0.7,1e-4,14,246.9820779749524
900,0.0112921358796856,0,0,0,0,0,0,0,0,0,0,16.8756888922309,16.8742852737786,213.733127579445,31,0.7,1e-4,14,247.4943938813342
930,0.0104934343247182,0,0,0,0,0,0,0,0,0,0,15.6803168022694,15.6790640117032,216.519611123318,32,0.7,1e-4,14,247.8894853716153
960,0.00979427214262642,0,0,0,0,0,0,0,0,0,0,14.6339560168055,14.6328296786297,218.923431501981,33,0.7,1e-4,14,248.20001146955883
990,0.00917800130813014,0,0,0,0,0,0,0,0,0,0,13.7116784513439,13.7106592229596,221.016617310784,34,0.7,1e-4,14,248.44813298639562
1020,0.00863130869525917,0,0,0,0,0,0,0,0,0,0,12.8935508945062,12.8926232385948,222.854474449528,35,0.7,1e-4,14,248.64927989132426
1050,0.0081434700511799,0,0,0,0,0,0,0,0,0,0,12.163517258796,12.1626685532986,224.480113076865,36,0.7,1e-4,14,248.81444235901077
1080,0.00770577931719676,0,0,0,0,0,0,0,0,0,0,11.5085436788211,11.5077635631644,225.92759434004,37,0.7,1e-4,14,248.9516073613427
1110,0.00731111352398798,0,0,0,0,0,0,0,0,0,0,10.9179667884502,10.9172466770487,227.224159837902,38,0.7,1e-4,14,249.0666844169249
1140,0.00695360037071322,0,0,0,0,0,0,0,0,0,0,10.382995851342,10.3823285670357,228.391838861955,39,0.7,1e-4,14,249.1641168807034
1170,0.00662836304187842,0,0,0,0,0,0,0,0,0,0,9.89633060138628,9.89571009595976,229.448625469621,40,0.7,1e-4,14,249.2472945300089
1200,0.00633132309342004,0,0,0,0,0,0,0,0,0,0,9.45186606650405,9.45128720521143,230.409353002011,41,0.7,1e-4,14,249.3188375968199
1230,0.00605904713416525,0,0,0,0,0,0,0,0,0,0,9.0444629885705,9.04392138226458,231.286352419624,42,0.7,1e-4,14,249.38079583759324
1260,0.00580862670679124,0,0,0,0,0,0,0,0,0,0,8.6697679652863,8.66925983834901,232.089953921271,43,0.7,1e-4,14,249.4347903516131
1290,0.00557758349235253,0,0,0,0,0,0,0,0,0,0,8.32407151598118,8.32359360146621,232.828873431291,44,0.7,1e-4,14,249.48211613223074
1320,0.00536379396150445,0,0,0,0,0,0,0,0,0,0,8.00419526867184,8.00374472433758,233.510513458969,45,0.7,1e-4,14,249.52381724593994
1350,0.00516542906383282,0,0,0,0,0,0,0,0,0,0,7.70740166545214,7.70697600598305,234.141199544135,46,0.7,1e-4,14,249.56074264463402
1380,0.00498090562781576,0,0,0,0,0,0,0,0,0,0,7.43132120283946,7.4309182447235,234.726367732283,47,0.7,1e-4,14,249.59358808547378
1410,0.00480884694344403,0,0,0,0,0,0,0,0,0,0,7.17389342127646,7.17351123765923,235.270714452024,48,0.7,1e-4,14,249.62292795790313
1440,0.00464805059398027,0,0,0,0,0,0,0,0,0,0,6.93331874835954,6.93295563182491,235.778317260361,49,0.7,1e-4,14,249.64923969113943
1470,0.00449746204800918,0,0,0,0,0,0,0,0,0,0,6.70801896635283,6.70767339804753,236.252732820827,50,0.7,1e-4,14,249.67292264727536
1500,0.00435615285767985,0,0,0,0,0,0,0,0,0,0,6.49660457587543,6.49627519974662,236.697076945261,51,0.7,1e-4,14,249.69431287374073
1530,0.00422330256268031,0,0,0,0,0,0,0,0,0,0,6.29784770748764,6.29753330866798,237.114090398108,52,0.7,1e-4,14,249.7136947168263
1560,0.00409818359291665,0,0,0,0,0,0,0,0,0,0,6.11065952256503,6.11035900914345,237.506193318932,53,0.7,1e-4,14,249.7313100342334
1590,0.00398014861133583,0,0,0,0,0,0,0,0,0,0,5.93407126716841,5.93378365474052,237.875530485095,54,0.7,1e-4,14,249.74736555561526
1620,0.00386861985300318,0,0,0,0,0,0,0,0,0,0,5.7672183143253,5.76694271283879,238.224009156211,55,0.7,1e-4,14,249.76203880322808
1650,0.00376308010566008,0,0,0,0,0,0,0,0,0,0,5.60932666357283,5.60906226607756,238.553330875022,56,0.7,1e-4,14,249.77548288477806
1680,0.00366306504665318,0,0,0,0,0,0,0,0,0,0,5.45970147092184,5.45944754390869,238.865018316748,57,0.7,1e-4,14,249.7878303966252
1710,0.00356815670590274,0,0,0,0,0,0,0,0,0,0,5.31771726441595,5.317473139487,239.160438060008,58,0.7,1e-4,14,249.79919662061687
1740,0.00347797786788675,0,0,0,0,0,0,0,0,0,0,5.18280956530187,5.1825746319616,239.440819981331,59,0.7,1e-4,14,249.80968215646237
1770,0.00339218726004409,0,0,0,0,0,0,0,0,0,0,5.05446768637066,5.05424138576461,239.707273841032,60,0.7,1e-4,14,249.8193751004273
1800,0.00331047540250794,0,0,0,0,0,0,0,0,0,0,4.93222852021222,4.93201033967023,239.96080352197,61,0.7,1e-4,14,249.82835285725497
1830,0.00323256101616978,0,0,0,0,0,0,0,0,0,0,4.81567116319581,4.81546063146078,240.202319298374,62,0.7,1e-4,14,249.83668365404677
1860,0.00315818790389751,0,0,0,0,0,0,0,0,0,0,4.70441224767214,4.70420893071526,240.43264844435,63,0.7,1e-4,14,249.8444278106413
1890,0.00308712223417876,0,0,0,0,0,0,0,0,0,0,4.59810187652135,4.59790537386077,240.652544437545,64,0.7,1e-4,14,249.8516388101613
1920,0.0030191501682244,0,0,0,0,0,0,0,0,0,0,4.49642007178188,4.49623001323501,240.862694969542,65,0.7,1e-4,14,249.8583642047271
1950,0.00295407578118576,0,0,0,0,0,0,0,0,0,0,4.39907366349496,4.39888970630558,241.063728939072,66,0.7,1e-4,14,249.86464638465372
1980,0.00289171923603806,0,0,0,0,0,0,0,0,0,0,4.30579355672328,4.30561538301344,241.256222575121,67,0.7,1e-4,14,249.87052323409375
0,250,0,0,0,0,0,0,0,0,0,0,0,0,0,1,0.7,1e-4,15,250
30,250.000322400697,0,0,0,0,0,0,0,0,0,0,0,0,0,2,0.7,1e-4,15,250.000322400697
60,250.000090984018,0,0,0,0,0,0,0,0,0,0,0,0,0,3,0.7,1e-4,15,250.000090984018
90,250.000018876751,0,0,0,0,0,0,0,0,0,0,0,0,0,4,0.7,1e-4,15,250.000018876751
120,220.563274748824,0,0,0,0,0,0,0,0,0,0,34.1776947761383,34.1776947761383,0.00770409975046474,5,0.7,1e-4,15,288.92636840085106
150,151.181001234992,0,0,0,0,0,0,0,0,0,0,61.9439135942626,61.9428969746044,0.0257300507681001,6,0.7,1e-4,15,275.0935418546271
180,101.245067876836,0,0,0,0,0,0,0,0,0,0,72.4975835697851,72.4952830091493,0.0555550998399534,7,0.7,1e-4,15,246.29348955561036
210,65.446435402282,0,0,0,0,0,0,0,0,0,0,74.5475473282555,74.5442642792973,0.10454213808394,8,0.7,1e-4,15,214.64278914791873
240,39.5678810442788,0,0,0,0,0,0,0,0,0,0,71.1410727925182,71.1373393241066,0.185799919382302,9,0.7,1e-4,15,182.0320930802859
270,21.6334268367561,0,0,0,0,0,0,0,0,0,0,63.8175751087794,63.8139799498615,0.324779671630999,10,0.7,1e-4,15,149.589761567028
300,10.3025968023492,0,0,0,0,0,0,0,0,0,0,54.3327230601785,54.3297694648611,0.56928624672475,11,0.7,1e-4,15,119.53437557411355
330,4.1288831219428,0,0,0,0,0,0,0,0,0,0,44.9758681768448,44.9737995242375,1.00621718791099,12,0.7,1e-4,15,95.08476801093609
360,1.40831450318706,0,0,0,0,0,0,0,0,0,0,38.208798027601,38.2074686787928,1.78354832713175,13,0.7,1e-4,15,79.60812953671261
390,0.482134211541505,0,0,0,0,0,0,0,0,0,0,35.6299366069683,35.6288711749499,3.14559487492995,14,0.7,1e-4,15,74.88653686838965
420,0.205374363701344,0,0,0,0,0,0,0,0,0,0,36.9735683679393,36.9722461038461,5.51961885616902,15,0.7,1e-4,15,79.67080769165577
450,0.103541571797829,0,0,0,0,0,0,0,0,0,0,40.9023167107731,40.9003882769062,9.5685603550189,16,0.7,1e-4,15,91.47480691449603
480,0.0578628491836462,0,0,0,0,0,0,0,0,0,0,46.4055603934366,46.4028453302188,15.9539549172436,17,0.7,1e-4,15,108.82022349008265
510,0.0343870623877793,0,0,0,0,0,0,0,0,0,0,52.5432132258781,52.5397058353698,24.8449518579724,18,0.7,1e-4,15,129.96225798160808
540,0.0208467657553475,0,0,0,0,0,0,0,0,0,0,58.2298062142448,58.2256852685769,35.5650619145798,19,0.7,1e-4,15,152.04140016315685
570,0.0172359036181639,0,0,0,0,0,0,0,0,0,0,47.8563897991181,47.849886090029,44.6780530957538,20,0.7,1e-4,15,140.40156488851906
600,0.0156865389529979,0,0,0,0,0,0,0,0,0,0,43.8914810585691,43.8845526129813,80.9452216512724,21,0.7,1e-4,15,168.7369418617758
630,0.0159007893449262,0,0,0,0,0,0,0,0,0,0,44.3698258523916,44.3630597689946,111.022166283155,22,0.7,1e-4,15,199.77095269388613
660,0.0144324354113252,0,0,0,0,0,0,0,0,0,0,40.2960741345227,40.2903728689774,138.077542642622,23,0.7,1e-4,15,218.67842208153343
690,0.0129425765925207,0,0,0,0,0,0,0,0,0,0,36.1231266123115,36.1184318321934,157.579568230123,24,0.7,1e-4,15,229.8340692512204
720,0.0115121708339697,0,0,0,0,0,0,0,0,0,0,32.1291112248727,32.1252607718118,172.078241089132,25,0.7,1e-4,15,236.34412525665047
750,0.0102707935307782,0,0,0,0,0,0,0,0,0,0,28.6607111707872,28.6575226587328,182.969941770823,26,0.7,1e-4,15,240.29844639387377
780,0.00921805629406877,0,0,0,0,0,0,0,0,0,0,25.7202363789068,25.7175611315641,191.37322084886,27,0.7,1e-4,15,242.82023641562498
810,0.00833068020029071,0,0,0,0,0,0,0,0,0,0,23.2416879507186,23.2394129513345,198.014972135295,28,0.7,1e-4,15,244.5044037175484
840,0.00758056110029221,0,0,0,0,0,0,0,0,0,0,21.1466507324057,21.1446916263655,203.376831691088,29,0.7,1e-4,15,245.6757546109595
870,0.00694238640801267,0,0,0,0,0,0,0,0,0,0,19.3643397925089,19.3626335002321,207.784980392911,30,0.7,1e-4,15,246.51889607206002
900,0.00639526993833877,0,0,0,0,0,0,0,0,0,0,17.8363950160514,17.8348938764647,211.46596952252,31,0.7,1e-4,15,247.14365368497445
930,0.00592248928448548,0,0,0,0,0,0,0,0,0,0,16.5160906311318,16.5147581574429,214.581355539646,32,0.7,1e-4,15,247.61812681750519
960,0.00551079009794873,0,0,0,0,0,0,0,0,0,0,15.366395980371,15.3652038516814,217.249030000302,33,0.7,1e-4,15,247.98614062245235
990,0.00514966732715568,0,0,0,0,0,0,0,0,0,0,14.3579634171962,14.3568893527133,219.556825095557,34,0.7,1e-4,15,248.27682753279365
1020,0.00483075847112953,0,0,0,0,0,0,0,0,0,0,13.4674322386142,13.4664584847947,221.571388059673,35,0.7,1e-4,15,248.51010954155305
1050,0.00454736280339206,0,0,0,0,0,0,0,0,0,0,12.6760847875783,12.6751970296827,223.344123536211,36,0.7,1e-4,15,248.6999527162754
1080,0.0042940707747877,0,0,0,0,0,0,0,0,0,0,11.9688107495096,11.9679973186361,224.915262566238,37,0.7,1e-4,15,248.85636470515848
1110,0.00406648102302954,0,0,0,0,0,0,0,0,0,0,11.3333163623731,11.3325676502655,226.31670707192,38,0.7,1e-4,15,248.98665756558162
1140,0.00386098457373529,0,0,0,0,0,0,0,0,0,0,10.7595214398326,10.7588294615129,227.57405561037,39,0.7,1e-4,15,249.09626749628924
1170,0.00367459978221008,0,0,0,0,0,0,0,0,0,0,10.2390982029867,10.2384562658671,228.708070602448,40,0.7,1e-4,15,249.189299671084
1200,0.00350484541568655,0,0,0,0,0,0,0,0,0,0,9.76511669513326,9.76451914577954,229.735757455807,41,0.7,1e-4,15,249.2688981421355
1230,0.00334964242771,0,0,0,0,0,0,0,0,0,0,9.33177036989754,9.33121239810155,230.671169438918,42,0.7,1e-4,15,249.33750184934482
1260,0.00320723739995026,0,0,0,0,0,0,0,0,0,0,8.93416221991662,8.93363970555646,231.526015758559,43,0.7,1e-4,15,249.39702492143203
1290,0.00307614243683908,0,0,0,0,0,0,0,0,0,0,8.56813687359063,8.56764626578597,232.310126411168,44,0.7,1e-4,15,249.44898569298144
1320,0.00295508763357886,0,0,0,0,0,0,0,0,0,0,8.23014781937327,8.22968604027001,233.031811430705,45,0.7,1e-4,15,249.49460037798187
1350,0.00284298321871176,0,0,0,0,0,0,0,0,0,0,7.91715165782875,7.91671602535061,233.698141331013,46,0.7,1e-4,15,249.53485199741107
1380,0.00273888919301909,0,0,0,0,0,0,0,0,0,0,7.62652329542385,7.62611146076481,234.315168081469,47,0.7,1e-4,15,249.57054172685068
1410,0.00264199081766443,0,0,0,0,0,0,0,0,0,0,7.35598747825879,7.35559737493136,234.888100742056,48,0.7,1e-4,15,249.6023275860638
1440,0.00255157869785278,0,0,0,0,0,0,0,0,0,0,7.1035631630807,7.10319296509714,235.421446193522,49,0.7,1e-4,15,249.6307539003977
1470,0.00246703250124184,0,0,0,0,0,0,0,0,0,0,6.867518041496,6.86716612882281,235.919122753544,50,0.7,1e-4,15,249.65627395636406
1500,0.00238780756988061,0,0,0,0,0,0,0,0,0,0,6.64633114668627,6.64599607653341,236.384552552865,51,0.7,1e-4,15,249.67926758365454
1530,0.00231342385002472,0,0,0,0,0,0,0,0,0,0,6.43866193452685,6.43834241734887,236.820737141088,52,0.7,1e-4,15,249.70005491681374
1560,0.00224345668986639,0,0,0,0,0,0,0,0,0,0,6.24332458215361,6.24301946148124,237.230319752827,53,0.7,1e-4,15,249.7189072531517
1590,0.00217752915124766,0,0,0,0,0,0,0,0,0,0,6.05926651530447,6.05897475070851,237.615636888882,54,0.7,1e-4,15,249.73605568404622
1620,0.00211530555526623,0,0,0,0,0,0,0,0,0,0,5.8855503820455,5.88527103467714,237.978761282502,55,0.7,1e-4,15,249.7516980047799
1650,0.00205648603881723,0,0,0,0,0,0,0,0,0,0,5.72133885009826,5.72107107036007,238.321537876548,56,0.7,1e-4,15,249.76600428304516
1680,0.00200080194359089,0,0,0,0,0,0,0,0,0,0,5.56588172923016,5.56562474621828,238.645614097261,57,0.7,1e-4,15,249.77912137465302
1710,0.00194801189387397,0,0,0,0,0,0,0,0,0,0,5.41850501745915,5.4182581298851,238.952465447952,58,0.7,1e-4,15,249.79117660719012
1740,0.00189789844693114,0,0,0,0,0,0,0,0,0,0,5.27860154644183,5.27836411479601,239.243417242092,59,0.7,1e-4,15,249.80228080177676
1770,0.00185026522146283,0,0,0,0,0,0,0,0,0,0,5.14562296208589,5.14539440184789,239.519663135854,60,0.7,1e-4,15,249.81253076500923
1800,0.00180493442692717,0,0,0,0,0,0,0,0,0,0,5.01907282472698,5.01885260046207,239.782280994725,61,0.7,1e-4,15,249.822011354341
1830,0.00176174473035021,0,0,0,0,0,0,0,0,0,0,4.8985006518589,4.8982882720677,240.032246529441,62,0.7,1e-4,15,249.83079719809797
1860,0.00172054940837459,0,0,0,0,0,0,0,0,0,0,4.78349675748298,4.78329177009376,240.270445057404,63,0.7,1e-4,15,249.83895413438913
1890,0.0016812147412864,0,0,0,0,0,0,0,0,0,0,4.67368776725209,4.67348975566349,240.49768168242,64,0.7,1e-4,15,249.84654042007685
1920,0.00164361861305636,0,0,0,0,0,0,0,0,0,0,4.56873270896417,4.56854128856077,240.714690134601,65,0.7,1e-4,15,249.853607750739
1950,0.00160764928737975,0,0,0,0,0,0,0,0,0,0,4.46831959457426,4.46813440965006,240.922140471049,66,0.7,1e-4,15,249.86020212456071
1980,0.00157320433456898,0,0,0,0,0,0,0,0,0,0,4.37216242349516,4.37198314452979,241.120645804431,67,0.7,1e-4,15,249.86636457679052
0,250,0,0,0,0,0,0,0,0,0,0,0,0,0,1,0.7,1e-4,16,250
30,250.000322400697,0,0,0,0,0,0,0,0,0,0,0,0,0,2,0.7,1e-4,16,250.000322400697
60,250.000090984018,0,0,0,0,0,0,0,0,0,0,0,0,0,3,0.7,1e-4,16,250.000090984018
90,250.000018876751,0,0,0,0,0,0,0,0,0,0,0,0,0,4,0.7,1e-4,16,250.000018876751
120,220.563274748824,0,0,0,0,0,0,0,0,0,0,34.1776947761383,34.1776947761383,0.00770409975046474,5,0.7,1e-4,16,288.92636840085106
150,151.181001234992,0,0,0,0,0,0,0,0,0,0,61.9439135942626,61.9428969746044,0.0257300507681001,6,0.7,1e-4,16,275.0935418546271
180,101.245067876836,0,0,0,0,0,0,0,0,0,0,72.4975835697851,72.4952830091493,0.0555550998399534,7,0.7,1e-4,16,246.29348955561036
210,65.446435402282,0,0,0,0,0,0,0,0,0,0,74.5475473282555,74.5442642792973,0.10454213808394,8,0.7,1e-4,16,214.64278914791873
240,39.5678810442788,0,0,0,0,0,0,0,0,0,0,71.1410727925182,71.1373393241066,0.185799919382302,9,0.7,1e-4,16,182.0320930802859
270,21.6334268367561,0,0,0,0,0,0,0,0,0,0,63.8175751087794,63.8139799498615,0.324779671630999,10,0.7,1e-4,16,149.589761567028
300,10.3025968023492,0,0,0,0,0,0,0,0,0,0,54.3327230601785,54.3297694648611,0.56928624672475,11,0.7,1e-4,16,119.53437557411355
330,4.1288831219428,0,0,0,0,0,0,0,0,0,0,44.9758681768448,44.9737995242375,1.00621718791099,12,0.7,1e-4,16,95.08476801093609
360,1.40831450318706,0,0,0,0,0,0,0,0,0,0,38.208798027601,38.2074686787928,1.78354832713175,13,0.7,1e-4,16,79.60812953671261
390,0.482134211541505,0,0,0,0,0,0,0,0,0,0,35.6299366069683,35.6288711749499,3.14559487492995,14,0.7,1e-4,16,74.88653686838965
420,0.205374363701344,0,0,0,0,0,0,0,0,0,0,36.9735683679393,36.9722461038461,5.51961885616902,15,0.7,1e-4,16,79.67080769165577
450,0.103541571797829,0,0,0,0,0,0,0,0,0,0,40.9023167107731,40.9003882769062,9.5685603550189,16,0.7,1e-4,16,91.47480691449603
480,0.0578628491836462,0,0,0,0,0,0,0,0,0,0,46.4055603934366,46.4028453302188,15.9539549172436,17,0.7,1e-4,16,108.82022349008265
510,0.0343870623877793,0,0,0,0,0,0,0,0,0,0,52.5432132258781,52.5397058353698,24.8449518579724,18,0.7,1e-4,16,129.96225798160808
540,0.0208467657553475,0,0,0,0,0,0,0,0,0,0,58.2298062142448,58.2256852685769,35.5650619145798,19,0.7,1e-4,16,152.04140016315685
570,0.0126051304707785,0,0,0,0,0,0,0,0,0,0,62.7327696481591,62.7283083570758,46.7832574376509,20,0.7,1e-4,16,172.2569405733566
600,0.0100033074152145,0,0,0,0,0,0,0,0,0,0,50.1850436683349,50.1786457447532,55.5007520600634,21,0.7,1e-4,16,155.8744447805667
630,0.00886049832002328,0,0,0,0,0,0,0,0,0,0,44.7395197395866,44.7328576715049,90.516725393491,22,0.7,1e-4,16,179.99796330290252
660,0.00866504438767045,0,0,0,0,0,0,0,0,0,0,43.6382696669308,43.6319795142619,118.900664123793,23,0.7,1e-4,16,206.17957834937337
690,0.00778983463780286,0,0,0,0,0,0,0,0,0,0,39.2548850466544,39.2496198982714,143.75178462688,24,0.7,1e-4,16,222.2640794064436
720,0.0069621478471289,0,0,0,0,0,0,0,0,0,0,35.0720175185453,35.0676799704524,161.714865104463,25,0.7,1e-4,16,231.86152474130785
750,0.00619262814723463,0,0,0,0,0,0,0,0,0,0,31.1940470938238,31.1904768528787,175.153103467494,26,0.7,1e-4,16,237.54382004234373
780,0.00553225879521159,0,0,0,0,0,0,0,0,0,0,27.8641569663149,27.8611871986642,185.317451791912,27,0.7,1e-4,16,241.0483282156863
810,0.00497372165123336,0,0,0,0,0,0,0,0,0,0,25.0484462119868,25.0459435991569,193.213522142375,28,0.7,1e-4,16,243.31288567516995
840,0.00450289646019666,0,0,0,0,0,0,0,0,0,0,22.6749316597906,22.6727949802417,199.490242610451,29,0.7,1e-4,16,244.8424721469435
870,0.00410433035551568,0,0,0,0,0,0,0,0,0,0,20.6657896673867,20.6639431827349,204.58254468059,30,0.7,1e-4,16,245.9163818610671
900,0.00376460791045585,0,0,0,0,0,0,0,0,0,0,18.9533273389542,18.9517141564407,208.786708584402,31,0.7,1e-4,16,246.69551468770734
930,0.00347277133069826,0,0,0,0,0,0,0,0,0,0,17.4822885279819,17.4808654539118,212.310075689614,32,0.7,1e-4,16,247.2767024428384
960,0.0032200843589042,0,0,0,0,0,0,0,0,0,0,16.2086188508583,16.2073526617467,215.301409376717,33,0.7,1e-4,16,247.72060097368092
990,0.0029996268949055,0,0,0,0,0,0,0,0,0,0,15.0974256770271,15.0962904705895,217.869872729158,34,0.7,1e-4,16,248.06658850366952
1020,0.00280590995762635,0,0,0,0,0,0,0,0,0,0,14.1210337334546,14.1200090485514,220.097192698583,35,0.7,1e-4,16,248.34104139054662
1050,0.00263455741405744,0,0,0,0,0,0,0,0,0,0,13.2573796865333,13.256449158865,222.04565374707,36,0.7,1e-4,16,248.56211714988234
1080,0.00248205627357688,0,0,0,0,0,0,0,0,0,0,12.4887525788256,12.4879029691386,223.763481896097,37,0.7,1e-4,16,248.7426195003348
1110,0.00234556487988323,0,0,0,0,0,0,0,0,0,0,11.8008264656397,11.800046948507,225.288551822585,38,0.7,1e-4,16,248.89177080161159
1140,0.00222276658637239,0,0,0,0,0,0,0,0,0,0,11.181922498465,11.181204135164,226.65099110385,39,0.7,1e-4,16,249.01634050406537
1170,0.00211175812344263,0,0,0,0,0,0,0,0,0,0,10.6224459979838,10.6217813409518,227.875043165873,40,0.7,1e-4,16,249.12138226293203
1200,0.00201096411368775,0,0,0,0,0,0,0,0,0,0,10.1144554044761,10.1138381969523,228.980422061122,41,0.7,1e-4,16,249.2107266266641
1230,0.001919071237558,0,0,0,0,0,0,0,0,0,0,9.65133032820298,9.65075527356712,229.983312567519,42,0.7,1e-4,16,249.28731724052665
1260,0.00183497719264573,0,0,0,0,0,0,0,0,0,0,9.22751420141126,9.22697678415555,230.89711864337,43,0.7,1e-4,16,249.35344460612944
1290,0.0017577508388667,0,0,0,0,0,0,0,0,0,0,8.83831333600897,8.83780968139523,231.733030635692,44,0.7,1e-4,16,249.41091140393505
1320,0.00168660085072897,0,0,0,0,0,0,0,0,0,0,8.47973887704057,8.47926564005197,232.500460128263,45,0.7,1e-4,16,249.46115124620627
1350,0.00162085088188287,0,0,0,0,0,0,0,0,0,0,8.14838159226395,8.14793586896547,233.207376889678,46,0.7,1e-4,16,249.5053152017893
1380,0.00155991974940898,0,0,0,0,0,0,0,0,0,0,7.84131197137739,7.84089122758231,233.860572551041,47,0.7,1e-4,16,249.54433566975013
1410,0.00150330551458017,0,0,0,0,0,0,0,0,0,0,7.55599997084141,7.55560198426319,234.4658688438,48,0.7,1e-4,16,249.5789741044192
1440,0.00145057260932369,0,0,0,0,0,0,0,0,0,0,7.29025011441686,7.28987292741909,235.028283460585,49,0.7,1e-4,16,249.60985707503025
1470,0.00140134135968593,0,0,0,0,0,0,0,0,0,0,7.04214867857773,7.04179055931901,235.552163215882,50,0.7,1e-4,16,249.63750379513843
1500,0.00135527940833378,0,0,0,0,0,0,0,0,0,0,6.81002045203632,6.80967986231564,236.041291749428,51,0.7,1e-4,16,249.66234734318832
1530,0.00131209465126258,0,0,0,0,0,0,0,0,0,0,6.59239312910098,6.59206869758873,236.498977246366,52,0.7,1e-4,16,249.68475116770696
1560,0.00127152938934721,0,0,0,0,0,0,0,0,0,0,6.38796782753354,6.38765832736054,236.928124348829,53,0.7,1e-4,16,249.7050220331124
1590,0.00123335546035816,0,0,0,0,0,0,0,0,0,0,6.19559454924093,6.19529887913635,237.331293470084,54,0.7,1e-4,16,249.72342025392163
1620,0.001197370166797,0,0,0,0,0,0,0,0,0,0,6.01425165288798,6.01396882122421,237.710750000936,55,0.7,1e-4,16,249.74016784521498
1650,0.00116339285320733,0,0,0,0,0,0,0,0,0,0,5.84302860063404,5.84275771186661,238.068505353467,56,0.7,1e-4,16,249.75545505882087
1680,0.00113126201629993,0,0,0,0,0,0,0,0,0,0,5.68111139084969,5.68085163394073,238.406351372481,57,0.7,1e-4,16,249.76944565928773
1710,0.00110083285437205,0,0,0,0,0,0,0,0,0,0,5.52777020534305,5.52752084383613,238.72588932692,58,0.7,1e-4,16,249.78228120895355
1740,0.00107197518064898,0,0,0,0,0,0,0,0,0,0,5.38234889112155,5.38210925459775,239.028554447646,59,0.7,1e-4,16,249.79408456854594
1770,0.00104457163948817,0,0,0,0,0,0,0,0,0,0,5.24425596887187,5.24402544556659,239.315636786653,60,0.7,1e-4,16,249.80496277273093
1800,0.00101851617573608,0,0,0,0,0,0,0,0,0,0,5.11295691755917,5.11273494795876,239.588299022889,61,0.7,1e-4,16,249.81500940458267
1830,9.9371271657434e-4,0,0,0,0,0,0,0,0,0,0,4.98796753015749,4.98775360142611,239.847591721733,62,0.7,1e-4,16,249.8243065660332
1860,9.7007403244116e-4,0,0,0,0,0,0,0,0,0,0,4.86884817206571,4.86864181317881,240.094466461492,63,0.7,1e-4,16,249.83292652076898
1890,9.4752074944924e-4,0,0,0,0,0,0,0,0,0,0,4.75519880318475,4.75499958066597,240.329787165577,64,0.7,1e-4,16,249.84093307017716
1920,9.2598049044264e-4,0,0,0,0,0,0,0,0,0,0,4.6466546484301,4.64646216260557,240.554339919109,65,0.7,1e-4,16,249.84838271063512
1950,9.0538712567071e-4,0,0,0,0,0,0,0,0,0,0,4.54288242079201,4.54269630248966,240.768841500467,66,0.7,1e-4,16,249.85532561087436
1980,8.8568011718818e-4,0,0,0,0,0,0,0,0,0,0,4.4435770168375,4.44339692447035,240.973946819175,67,0.7,1e-4,16,249.86180644060005
0,250,0,0,0,0,0,0,0,0,0,0,0,0,0,1,0.7,1e-4,6,250
30,250.000322400697,0,0,0,0,0,0,0,0,0,0,0,0,0,2,0.7,1e-4,6,250.000322400697
60,250.000090984018,0,0,0,0,0,0,0,0,0,0,0,0,0,3,0.7,1e-4,6,250.000090984018
90,250.000018876751,0,0,0,0,0,0,0,0,0,0,0,0,0,4,0.7,1e-4,6,250.000018876751
120,220.563274748824,0,0,0,0,0,0,0,0,0,0,34.1776947761383,34.1776947761383,0.00770409975046474,5,0.7,1e-4,6,288.92636840085106
150,151.181001234992,0,0,0,0,0,0,0,0,0,0,61.9439135942626,61.9428969746044,0.0257300507681001,6,0.7,1e-4,6,275.0935418546271
180,101.245067876836,0,0,0,0,0,0,0,0,0,0,72.4975835697851,72.4952830091493,0.0555550998399534,7,0.7,1e-4,6,246.29348955561036
210,65.446435402282,0,0,0,0,0,0,0,0,0,0,74.5475473282555,74.5442642792973,0.10454213808394,8,0.7,1e-4,6,214.64278914791873
240,39.5678810442788,0,0,0,0,0,0,0,0,0,0,71.1410727925182,71.1373393241066,0.185799919382302,9,0.7,1e-4,6,182.0320930802859
270,21.6334268367561,0,0,0,0,0,0,0,0,0,0,63.8175751087794,63.8139799498615,0.324779671630999,10,0.7,1e-4,6,149.589761567028
300,14.4644862294114,0,0,0,0,0,0,0,0,0,0,38.1032916646437,38.0987586135483,0.521931777900368,11,0.7,1e-4,6,91.18846828550376
330,13.7013193013632,0,0,0,0,0,0,0,0,0,0,34.5371451080733,34.5315879173023,1.63667048624826,12,0.7,1e-4,6,84.40672281298706
360,15.6948293283039,0,0,0,0,0,0,0,0,0,0,36.0616744472157,36.0555667368565,4.63733693889521,13,0.7,1e-4,6,92.44940745127131
390,18.883281179058802,0,0,0,0,0,0,0,0,0,0,39.6835453299987,39.6768830312866,12.9642473203877,14,0.7,1e-4,6,111.2079568607318
420,22.7587818048082,0,0,0,0,0,0,0,0,0,0,43.649712661527,43.6425639212709,29.8616653708245,15,0.7,1e-4,6,139.9127237584306
450,25.6943965940755,0,0,0,0,0,0,0,0,0,0,45.1887332489815,45.1816434749957,55.4507114142412,16,0.7,1e-4,6,171.51548473229388
480,26.6756618981726,0,0,0,0,0,0,0,0,0,0,43.4479019655366,43.441500489448,84.3840636150573,17,0.7,1e-4,6,197.9491279682145
510,26.00033881814,0,0,0,0,0,0,0,0,0,0,39.6590671185989,39.6536575744244,111.035396802922,18,0.7,1e-4,6,216.3484603140853
540,24.4411853484693,0,0,0,0,0,0,0,0,0,0,35.2756805041689,35.2712466953514,133.006819305043,19,0.7,1e-4,6,227.9949318530326
570,22.6012688529581,0,0,0,0,0,0,0,0,0,0,31.1271498596487,31.1235351558695,150.301984739776,20,0.7,1e-4,6,235.1539386082523
600,20.790418437293,0,0,0,0,0,0,0,0,0,0,27.5047435038047,27.5017743326004,163.799645053592,21,0.7,1e-4,6,239.5965813272901
630,19.1329382113993,0,0,0,0,0,0,0,0,0,0,24.4408389073019,24.4383689757248,174.422189586326,22,0.7,1e-4,6,242.43433568075199
660,17.6612663581222,0,0,0,0,0,0,0,0,0,0,21.8736221472543,21.8715389269471,182.906272053729,23,0.7,1e-4,6,244.3126994860526
690,16.3696395174961,0,0,0,0,0,0,0,0,0,0,19.7206247761861,19.718844195295,189.792053095628,24,0.7,1e-4,6,245.6011615846052
720,15.2389713658434,0,0,0,0,0,0,0,0,0,0,17.9048964763515,17.9033559458441,195.467193843251,25,0.7,1e-4,6,246.51441763129
750,14.247434458896,0,0,0,0,0,0,0,0,0,0,16.3620461409721,16.3606987145321,200.210600784563,26,0.7,1e-4,6,247.18078009896323
780,13.3745169914213,0,0,0,0,0,0,0,0,0,0,15.0403815283943,15.0391915666844,204.22537288551,27,0.7,1e-4,6,247.67946297201001
810,12.6023055025081,0,0,0,0,0,0,0,0,0,0,13.8990252507538,13.8979653288149,207.661679977873,28,0.7,1e-4,6,248.0609760599498
840,11.915645864538,0,0,0,0,0,0,0,0,0,0,12.9057475426685,12.9047962660035,210.632326542196,29,0.7,1e-4,6,248.358516215406
870,11.3018935474553,0,0,0,0,0,0,0,0,0,0,12.0350619736491,12.0342024312459,213.223353338579,30,0.7,1e-4,6,248.5945112909293
900,10.7505488001021,0,0,0,0,0,0,0,0,0,0,11.2666961081939,11.2659147667985,215.501334397382,31,0.7,1e-4,6,248.78449407247652
930,10.2528936170231,0,0,0,0,0,0,0,0,0,0,10.5844076207889,10.5836935253241,217.51846921652,32,0.7,1e-4,6,248.9394639796561
960,9.80167123741953,0,0,0,0,0,0,0,0,0,0,9.9750811869442,9.97442537498793,219.31618935979,33,0.7,1e-4,6,249.06736715914167
990,9.3908174624869,0,0,0,0,0,0,0,0,0,0,9.42804234374472,9.42743741128265,220.927750776025,34,0.7,1e-4,6,249.17404799353926
1020,9.01524090593231,0,0,0,0,0,0,0,0,0,0,8.93453541886897,8.93397519422795,222.380123697542,35,0.7,1e-4,6,249.26387521657122
1050,8.67064534663009,0,0,0,0,0,0,0,0,0,0,8.48732451876349,8.48680381485896,223.695389083594,36,0.7,1e-4,6,249.34016276384654
1080,8.35338678395506,0,0,0,0,0,0,0,0,0,0,8.08038671338166,8.07990113734682,224.891783560398,37,0.7,1e-4,6,249.40545819508156
1110,8.06035849349375,0,0,0,0,0,0,0,0,0,0,7.70867448367703,7.70822028903074,225.984490630181,38,0.7,1e-4,6,249.46174389638253
1140,7.78889844201128,0,0,0,0,0,0,0,0,0,0,7.36793045751926,7.3675044282245,226.986246410288,39,0.7,1e-4,6,249.51057973804305
1170,7.53671448046026,0,0,0,0,0,0,0,0,0,0,7.05454186031743,7.05414121900233,227.907808184388,40,0.7,1e-4,6,249.553205744168
1200,7.30182366229854,0,0,0,0,0,0,0,0,0,0,6.7654253331831,6.76504766785483,228.758320342818,41,0.7,1e-4,6,249.59061700615447
1230,7.08250280127985,0,0,0,0,0,0,0,0,0,0,6.49793513421376,6.49757833926021,229.545602767451,42,0.7,1e-4,6,249.6236190422048
1260,6.87724799761885,0,0,0,0,0,0,0,0,0,0,6.24978947233889,6.24945170066897,230.276380019926,43,0.7,1e-4,6,249.6528691905527
1290,6.68474134645494,0,0,0,0,0,0,0,0,0,0,6.01901100077637,6.01869062471681,230.956464927405,44,0.7,1e-4,6,249.6789078993531
1320,6.50382342214263,0,0,0,0,0,0,0,0,0,0,5.80387844354931,5.80357402268035,231.590906732123,45,0.7,1e-4,6,249.70218262049528
1350,6.33347042796507,0,0,0,0,0,0,0,0,0,0,5.60288703377644,5.60259728830737,232.184111478967,46,0.7,1e-4,6,249.72306622901587
1380,6.17277513164069,0,0,0,0,0,0,0,0,0,0,5.41471597135583,5.41443975995461,232.739940485472,47,0.7,1e-4,6,249.74187134842313
1410,6.02093088708792,0,0,0,0,0,0,0,0,0,0,5.23820150689936,5.23793780812738,233.261791382397,48,0.7,1e-4,6,249.75886158451166
1440,5.87721818379745,0,0,0,0,0,0,0,0,0,0,5.07231456210965,5.0720624587929,233.752665198776,49,0.7,1e-4,6,249.77426040347598
1470,5.74099327571911,0,0,0,0,0,0,0,0,0,0,4.91614202875548,4.91590069476167,234.215222200438,50,0.7,1e-4,6,249.78825819967426
1500,5.61167852864955,0,0,0,0,0,0,0,0,0,0,4.76887106692012,4.76863975591835,234.651828609475,51,0.7,1e-4,6,249.801017960963
1530,5.48875419396682,0,0,0,0,0,0,0,0,0,0,4.62977586143834,4.62955389730111,235.064595886663,52,0.7,1e-4,6,249.81267983936928
1560,5.37175137123641,0,0,0,0,0,0,0,0,0,0,4.49820640313719,4.49799317170993,235.455413915151,53,0.7,1e-4,6,249.82336486123455
1590,5.26024596581769,0,0,0,0,0,0,0,0,0,0,4.37357894589167,4.3733738879063,235.825979156696,54,0.7,1e-4,6,249.83317795631166
1620,5.1538534825213,0,0,0,0,0,0,0,0,0,0,4.25536785701608,4.25517046196615,236.177818642903,55,0.7,1e-4,6,249.84221044440653
1650,5.05222452445539,0,0,0,0,0,0,0,0,0,0,4.14309863121239,4.14290843204006,236.512310499636,56,0.7,1e-4,6,249.85054208734383
1680,4.95504088888642,0,0,0,0,0,0,0,0,0,0,4.03634188027541,4.03615844874642,236.830701572704,57,0.7,1e-4,6,249.85824279061222
1710,4.86201217034049,0,0,0,0,0,0,0,0,0,0,3.93470814436178,3.93453108702607,237.134122619414,58,0.7,1e-4,6,249.86537402114234
1740,4.77287279615811,0,0,0,0,0,0,0,0,0,0,3.8378433976674,3.83767235232006,237.423601447699,59,0.7,1e-4,6,249.87198999384458
1770,4.68737943196768,0,0,0,0,0,0,0,0,0,0,3.74542514321211,3.74525977578305,237.700074317901,60,0.7,1e-4,6,249.87813866886384
1800,4.60530870460162,0,0,0,0,0,0,0,0,0,0,3.65715900917445,3.65699901098728,237.964395868399,61,0.7,1e-4,6,249.88386259316235
1830,4.52645519826603,0,0,0,0,0,0,0,0,0,0,3.57277577369078,3.5726208590401,238.217347782488,62,0.7,1e-4,6,249.8891996134849
1860,4.45062968662831,0,0,0,0,0,0,0,0,0,0,3.49202875688281,3.49187866088734,238.459646378203,63,0.7,1e-4,6,249.89418348260145
1890,4.37765756917485,0,0,0,0,0,0,0,0,0,0,3.41469152862212,3.41454600531742,238.691949273536,64,0.7,1e-4,6,249.8988443766504
1920,4.3073774849284,0,0,0,0,0,0,0,0,0,0,3.34055588858295,3.34041470922283,238.914861255368,65,0.7,1e-4,6,249.9032093381022
1950,4.2396400805726,0,0,0,0,0,0,0,0,0,0,3.26943008179929,3.26929303333946,239.12893946058,66,0.7,1e-4,6,249.90730265629134
1980,4.17430691335024,0,0,0,0,0,0,0,0,0,0,3.20113721848373,3.20100410222525,239.334697961265,67,0.7,1e-4,6,249.91114619532422
0,250,0,0,0,0,0,0,0,0,0,0,0,0,0,1,0.7,1e-4,7,250
30,250.000322400697,0,0,0,0,0,0,0,0,0,0,0,0,0,2,0.7,1e-4,7,250.000322400697
60,250.000090984018,0,0,0,0,0,0,0,0,0,0,0,0,0,3,0.7,1e-4,7,250.000090984018
90,250.000018876751,0,0,0,0,0,0,0,0,0,0,0,0,0,4,0.7,1e-4,7,250.000018876751
120,220.563274748824,0,0,0,0,0,0,0,0,0,0,34.1776947761383,34.1776947761383,0.00770409975046474,5,0.7,1e-4,7,288.92636840085106
150,151.181001234992,0,0,0,0,0,0,0,0,0,0,61.9439135942626,61.9428969746044,0.0257300507681001,6,0.7,1e-4,7,275.0935418546271
180,101.245067876836,0,0,0,0,0,0,0,0,0,0,72.4975835697851,72.4952830091493,0.0555550998399534,7,0.7,1e-4,7,246.29348955561036
210,65.446435402282,0,0,0,0,0,0,0,0,0,0,74.5475473282555,74.5442642792973,0.10454213808394,8,0.7,1e-4,7,214.64278914791873
240,39.5678810442788,0,0,0,0,0,0,0,0,0,0,71.1410727925182,71.1373393241066,0.185799919382302,9,0.7,1e-4,7,182.0320930802859
270,21.6334268367561,0,0,0,0,0,0,0,0,0,0,63.8175751087794,63.8139799498615,0.324779671630999,10,0.7,1e-4,7,149.589761567028
300,10.3025968023492,0,0,0,0,0,0,0,0,0,0,54.3327230601785,54.3297694648611,0.56928624672475,11,0.7,1e-4,7,119.53437557411355
330,6.12282384288766,0,0,0,0,0,0,0,0,0,0,27.2251101165827,27.2216657915328,0.898265118211854,12,0.7,1e-4,7,61.46786486921501
360,5.51426711182042,0,0,0,0,0,0,0,0,0,0,24.8560123938894,24.8517766639948,3.33877434217981,13,0.7,1e-4,7,58.56083051188443
390,7.15755621459756,0,0,0,0,0,0,0,0,0,0,30.1563905664088,30.1509862954419,10.4304901763579,14,0.7,1e-4,7,77.89542325280615
420,9.53928094598568,0,0,0,0,0,0,0,0,0,0,38.2856216106395,38.2788549846642,29.6441117181368,15,0.7,1e-4,7,115.74786925942618
450,11.3911966582114,0,0,0,0,0,0,0,0,0,0,43.7188383167135,43.7114203265628,60.1256373919869,16,0.7,1e-4,7,158.94709269347462
480,11.8805912204462,0,0,0,0,0,0,0,0,0,0,43.9192085519613,43.912243774164,93.1572306694576,17,0.7,1e-4,7,192.8692742160291
510,11.3491707995066,0,0,0,0,0,0,0,0,0,0,40.7157936874881,40.7098557704603,121.729538137597,18,0.7,1e-4,7,214.504358395052
540,10.4286386709233,0,0,0,0,0,0,0,0,0,0,36.5141971479434,36.5093191962116,143.860351597908,19,0.7,1e-4,7,227.31250661298628
570,9.44141553941123,0,0,0,0,0,0,0,0,0,0,32.4036263741716,32.3996448367643,160.59088250785,20,0.7,1e-4,7,234.83556925819715
600,8.52841547778938,0,0,0,0,0,0,0,0,0,0,28.7833378322317,28.7800616491836,173.296104092319,21,0.7,1e-4,7,239.38791905152368
630,7.72671463405221,0,0,0,0,0,0,0,0,0,0,25.7060309998448,25.7032999654515,183.125129590259,22,0.7,1e-4,7,242.2611751896075
660,7.03599928962855,0,0,0,0,0,0,0,0,0,0,23.1174433089672,23.1151347847153,190.887094363506,23,0.7,1e-4,7,244.15567174681706
690,6.44340160078251,0,0,0,0,0,0,0,0,0,0,20.9380214587005,20.9360440895142,197.138381633075,24,0.7,1e-4,7,245.45584878207222
720,5.93384894764622,0,0,0,0,0,0,0,0,0,0,19.092798296636,19.0910841199639,202.262189865271,25,0.7,1e-4,7,246.37992122951712
750,5.49346155952223,0,0,0,0,0,0,0,0,0,0,17.5188043737426,17.5173023805925,206.527147311879,26,0.7,1e-4,7,247.05671562573633
780,5.11046478915219,0,0,0,0,0,0,0,0,0,0,16.1653774917091,16.1640489033977,210.125434261768,27,0.7,1e-4,7,247.56532544602697
810,4.77518526638732,0,0,0,0,0,0,0,0,0,0,14.9923582794216,14.9911732004827,213.197384433504,28,0.7,1e-4,7,247.9561011797956
840,4.4797711523120904,0,0,0,0,0,0,0,0,0,0,13.9679987272672,13.9669337888918,215.847450247876,29,0.7,1e-4,7,248.2621539163471
870,4.21786548643197,0,0,0,0,0,0,0,0,0,0,13.067121265846,13.0661579583036,218.154749353635,30,0.7,1e-4,7,248.50589406421656
900,3.98431043750393,0,0,0,0,0,0,0,0,0,0,12.2696394963366,12.2687629768132,220.180168106112,31,0.7,1e-4,7,248.70288101676573
930,3.77490186921022,0,0,0,0,0,0,0,0,0,0,11.559411733071,11.5586099628011,221.971240918083,32,0.7,1e-4,7,248.86416448316533
960,3.58619309010108,0,0,0,0,0,0,0,0,0,0,10.9233650110068,10.9226281225661,223.565564884142,33,0.7,1e-4,7,248.997751107816
990,3.41534043601679,0,0,0,0,0,0,0,0,0,0,10.3508282034493,10.3501480307767,224.993231290074,34,0.7,1e-4,7,249.10954796031677
1020,3.25998247441605,0,0,0,0,0,0,0,0,0,0,9.83302345464331,9.83239317954764,226.27858513793,35,0.7,1e-4,7,249.203984246537
1050,3.11814554528977,0,0,0,0,0,0,0,0,0,0,9.36267655155219,9.36209043465232,227.44151744278,36,0.7,1e-4,7,249.28442997427427
1080,2.98816970024244,0,0,0,0,0,0,0,0,0,0,8.93371657931144,8.93316975293267,228.498427456924,37,0.7,1e-4,7,249.35348348941054
1110,2.86865038099664,0,0,0,0,0,0,0,0,0,0,8.54104279475354,8.54053110182544,229.462948242741,38,0.7,1e-4,7,249.4131725203166
1140,2.75839224798764,0,0,0,0,0,0,0,0,0,0,8.18034235913927,8.17986222663522,230.346500229722,39,0.7,1e-4,7,249.46509706348414
1170,2.65637241526822,0,0,0,0,0,0,0,0,0,0,7.84794678934728,7.84749512793767,231.15871813366,40,0.7,1e-4,7,249.51053246621316
1200,2.56171099891422,0,0,0,0,0,0,0,0,0,0,7.540718083825,7.54029220762497,231.907783533693,41,0.7,1e-4,7,249.55050482405719
1230,2.47364738090537,0,0,0,0,0,0,0,0,0,0,7.2559577512969,7.25555531316389,232.600686386847,42,0.7,1e-4,7,249.58584683221315
1260,2.3915209645249,0,0,0,0,0,0,0,0,0,0,6.99133364033265,6.99095257930442,233.243432461564,43,0.7,1e-4,7,249.61723964572596
1290,2.31475547984152,0,0,0,0,0,0,0,0,0,0,6.74482070089856,6.74445919918985,233.841209216222,44,0.7,1e-4,7,249.64524459615194
1320,2.24284611155379,0,0,0,0,0,0,0,0,0,0,6.51465272422875,6.514309171813,234.398519458888,45,0.7,1e-4,7,249.67032746648354
1350,2.17534888366478,0,0,0,0,0,0,0,0,0,0,6.29928279076307,6.2989557560182,234.919289815572,46,0.7,1e-4,7,249.69287724601804
1380,2.11187185905522,0,0,0,0,0,0,0,0,0,0,6.09735066946792,6.09703887470408,235.40695934496,47,0.7,1e-4,7,249.7132207481872
1410,2.05206780666951,0,0,0,0,0,0,0,0,0,0,5.9076558003076,5.90735810125145,235.864552389715,48,0.7,1e-4,7,249.73163409794356
1440,1.99562806187813,0,0,0,0,0,0,0,0,0,0,5.72913478736848,5.72885015587392,236.294738823778,49,0.7,1e-4,7,249.74835182889854
1470,1.94227736195079,0,0,0,0,0,0,0,0,0,0,5.56084255674218,5.56057006614778,236.699884155044,50,0.7,1e-4,7,249.76357413988475
1500,1.8917694824313,0,0,0,0,0,0,0,0,0,0,5.40193650800783,5.40167532067758,237.082091411779,51,0.7,1e-4,7,249.7774727228957
1530,1.84388353450901,0,0,0,0,0,0,0,0,0,0,5.25166312372444,5.25141248039921,237.443236335167,52,0.7,1e-4,7,249.79019547379966
1560,1.79842081045739,0,0,0,0,0,0,0,0,0,0,5.10934660716107,5.1091058178191,237.784997087706,53,0.7,1e-4,7,249.80187032314356
1590,1.75520208553459,0,0,0,0,0,0,0,0,0,0,4.97437920156637,4.97414763754762,238.108879444674,54,0.7,1e-4,7,249.81260836932256
1620,1.71406530168314,0,0,0,0,0,0,0,0,0,0,4.8462129098633,4.84598999705705,238.416238246489,55,0.7,1e-4,7,249.82250645509248
1650,1.67486357189467,0,0,0,0,0,0,0,0,0,0,4.72435238571383,4.72413759864463,238.70829574102,56,0.7,1e-4,7,249.83164929727315
1680,1.63746345496066,0,0,0,0,0,0,0,0,0,0,4.60834880843598,4.60814166511174,238.98615732723,57,0.7,1e-4,7,249.84011125573838
1710,1.60174345908035,0,0,0,0,0,0,0,0,0,0,4.49779458756575,4.49759464497503,239.250825118015,58,0.7,1e-4,7,249.84795780963614
1740,1.56759273988292,0,0,0,0,0,0,0,0,0,0,4.39231876969806,4.39212561986237,239.50320966531,59,0.7,1e-4,7,249.85524679475336
1770,1.53490996418462,0,0,0,0,0,0,0,0,0,0,4.29158304197121,4.29139630847352,239.74414013043,60,0.7,1e-4,7,249.86202944505933
1800,1.50360231550883,0,0,0,0,0,0,0,0,0,0,4.19527824423027,4.19509757915351,239.97437313404,61,0.7,1e-4,7,249.8683512729326
1830,1.47358462125789,0,0,0,0,0,0,0,0,0,0,4.10312131633743,4.10294639755715,240.194600480785,62,0.7,1e-4,7,249.87425281593747
1860,1.44477858460483,0,0,0,0,0,0,0,0,0,0,4.0148526189337,4.01468314771765,240.405455921452,63,0.7,1e-4,7,249.87977027270816
1890,1.41711210680047,0,0,0,0,0,0,0,0,0,0,3.93023357570306,3.9300692745774,240.607521089222,64,0.7,1e-4,7,249.88493604630293
1920,1.39051868777154,0,0,0,0,0,0,0,0,0,0,3.84904459324599,3.84888520409409,240.801330724961,65,0.7,1e-4,7,249.88977921007262
1950,1.36493689470038,0,0,0,0,0,0,0,0,0,0,3.77108322135418,3.77092850371859,240.987377288595,66,0.7,1e-4,7,249.89432590836816
1980,1.34030988979309,0,0,0,0,0,0,0,0,0,0,3.69616252204366,3.6960122516062,241.166115038842,67,0.7,1e-4,7,249.89859970228497
0,250,0,0,0,0,0,0,0,0,0,0,0,0,0,1,0.7,1e-4,8,250
30,250.000322400697,0,0,0,0,0,0,0,0,0,0,0,0,0,2,0.7,1e-4,8,250.000322400697
60,250.000090984018,0,0,0,0,0,0,0,0,0,0,0,0,0,3,0.7,1e-4,8,250.000090984018
90,250.000018876751,0,0,0,0,0,0,0,0,0,0,0,0,0,4,0.7,1e-4,8,250.000018876751
120,220.563274748824,0,0,0,0,0,0,0,0,0,0,34.1776947761383,34.1776947761383,0.00770409975046474,5,0.7,1e-4,8,288.92636840085106
150,151.181001234992,0,0,0,0,0,0,0,0,0,0,61.9439135942626,61.9428969746044,0.0257300507681001,6,0.7,1e-4,8,275.0935418546271
180,101.245067876836,0,0,0,0,0,0,0,0,0,0,72.4975835697851,72.4952830091493,0.0555550998399534,7,0.7,1e-4,8,246.29348955561036
210,65.446435402282,0,0,0,0,0,0,0,0,0,0,74.5475473282555,74.5442642792973,0.10454213808394,8,0.7,1e-4,8,214.64278914791873
240,39.5678810442788,0,0,0,0,0,0,0,0,0,0,71.1410727925182,71.1373393241066,0.185799919382302,9,0.7,1e-4,8,182.0320930802859
270,21.6334268367561,0,0,0,0,0,0,0,0,0,0,63.8175751087794,63.8139799498615,0.324779671630999,10,0.7,1e-4,8,149.589761567028
300,10.3025968023492,0,0,0,0,0,0,0,0,0,0,54.3327230601785,54.3297694648611,0.56928624672475,11,0.7,1e-4,8,119.53437557411355
330,4.1288831219428,0,0,0,0,0,0,0,0,0,0,44.9758681768448,44.9737995242375,1.00621718791099,12,0.7,1e-4,8,95.08476801093609
360,2.22263731330437,0,0,0,0,0,0,0,0,0,0,18.6078480089506,18.6053925331568,1.48312570977628,13,0.7,1e-4,8,40.91900356518805
390,2.17885602295949,0,0,0,0,0,0,0,0,0,0,19.602287248037,19.5987807656239,6.6286330377848,14,0.7,1e-4,8,48.00855707440519
420,3.67677398812779,0,0,0,0,0,0,0,0,0,0,31.3815602004628,31.3757316423643,21.6135122880834,15,0.7,1e-4,8,88.04757811903829
450,4.92919074154368,0,0,0,0,0,0,0,0,0,0,41.2315568859067,41.2241394246933,53.3118766643893,16,0.7,1e-4,8,140.69676371653298
480,5.33596323645728,0,0,0,0,0,0,0,0,0,0,43.8178504004486,43.8104659663008,90.0677099737603,17,0.7,1e-4,8,183.03198957696696
510,5.17816798159022,0,0,0,0,0,0,0,0,0,0,41.9019218083156,41.8954497780896,120.778550599568,18,0.7,1e-4,8,209.75409016756342
540,4.73093156107945,0,0,0,0,0,0,0,0,0,0,37.8462790341664,37.8409445248194,144.434322156599,19,0.7,1e-4,8,224.85247727666425
570,4.25334059916876,0,0,0,0,0,0,0,0,0,0,33.7106564916163,33.7063040650247,161.794771979121,20,0.7,1e-4,8,233.46507313493078
600,3.81125265689318,0,0,0,0,0,0,0,0,0,0,29.9751910772338,29.9716188723572,174.792182401167,21,0.7,1e-4,8,238.55024500765117
630,3.42747191993427,0,0,0,0,0,0,0,0,0,0,26.781639114588,26.7786694039686,184.720879534965,22,0.7,1e-4,8,241.70865997345587
660,3.10013017575943,0,0,0,0,0,0,0,0,0,0,24.0879006089082,24.0853968107994,192.494682062268,23,0.7,1e-4,8,243.76810965773504
690,2.82192465113216,0,0,0,0,0,0,0,0,0,0,21.8182413357214,21.8161016714356,198.714405754146,24,0.7,1e-4,8,245.17067341243515
720,2.58467526247959,0,0,0,0,0,0,0,0,0,0,19.8963223709476,19.8944713170977,203.7865690794,25,0.7,1e-4,8,246.1620380299249
750,2.3811173097732,0,0,0,0,0,0,0,0,0,0,18.2570981961135,18.2554792322104,207.991472062151,26,0.7,1e-4,8,246.8851668002481
780,2.20522187957534,0,0,0,0,0,0,0,0,0,0,16.8478679548878,16.8464382360777,211.527387775153,27,0.7,1e-4,8,247.42691584569383
810,2.05212028323554,0,0,0,0,0,0,0,0,0,0,15.6267512979332,15.6254778820825,214.537801348516,28,0.7,1e-4,8,247.84215081176725
840,1.91791382029767,0,0,0,0,0,0,0,0,0,0,14.5606069094194,14.5594641084772,217.128754392595,29,0.7,1e-4,8,248.16673923078926
870,1.79948121270643,0,0,0,0,0,0,0,0,0,0,13.6231469588581,13.6221144703905,219.380102116325,30,0.7,1e-4,8,248.42484475828002
900,1.69431381216922,0,0,0,0,0,0,0,0,0,0,12.7934024299283,12.7924640054529,221.353001413951,31,0.7,1e-4,8,248.63318166150142
930,1.60038342932199,0,0,0,0,0,0,0,0,0,0,12.0545276692037,12.0536701531145,223.095002433285,32,0.7,1e-4,8,248.8035836849252
960,1.51603909691145,0,0,0,0,0,0,0,0,0,0,11.3928847911717,11.3920974178757,224.643582626273,33,0.7,1e-4,8,248.94460393223184
990,1.43992726372925,0,0,0,0,0,0,0,0,0,0,10.7973459824883,10.7966198555654,226.028646149884,34,0.7,1e-4,8,249.06253925166695
1020,1.37093023673956,0,0,0,0,0,0,0,0,0,0,10.2587612962791,10.2580889975863,227.274322088866,35,0.7,1e-4,8,249.16210261947097
1050,1.30811859932508,0,0,0,0,0,0,0,0,0,0,9.76955095748229,9.76892625021467,228.40027863284,36,0.7,1e-4,8,249.24687443986204
1080,1.25071426889339,0,0,0,0,0,0,0,0,0,0,9.32339118586701,9.32280878640702,229.422697383869,37,0.7,1e-4,8,249.31961162503643
1110,1.19806165074055,0,0,0,0,0,0,0,0,0,0,8.91497042954101,8.91442583027761,230.355005270675,38,0.7,1e-4,8,249.3824631812342
1140,1.14960497021797,0,0,0,0,0,0,0,0,0,0,8.53979886259299,8.53928819294075,231.208431082511,39,0.7,1e-4,8,249.4371231082627
1170,1.10487034133975,0,0,0,0,0,0,0,0,0,0,8.19405841814188,8.19357833450012,231.992433410583,40,0.7,1e-4,8,249.48494050456475
1200,1.06345148688258,0,0,0,0,0,0,0,0,0,0,7.87448387573675,7.87403147359781,232.715033135118,41,0.7,1e-4,8,249.52699997133516
1230,1.02499829089626,0,0,0,0,0,0,0,0,0,0,7.57826790547117,7.57784064864339,233.383074242863,42,0.7,1e-4,8,249.5641810878738
1260,0.989207562344221,0,0,0,0,0,0,0,0,0,0,7.30298472358154,7.30258038675641,234.002430258931,43,0.7,1e-4,8,249.5972029316132
1290,0.955815536025782,0,0,0,0,0,0,0,0,0,0,7.04652830787227,7.04614492968457,234.578168998462,44,0.7,1e-4,8,249.6266577720446
1320,0.92459174722384,0,0,0,0,0,0,0,0,0,0,6.80706208117235,6.80669792557716,235.114685079017,45,0.7,1e-4,8,249.65303683299035
1350,0.895333999421897,0,0,0,0,0,0,0,0,0,0,6.58297768749688,6.58263121178841,235.61580727984,46,0.7,1e-4,8,249.6767501785472
1380,0.867864207083662,0,0,0,0,0,0,0,0,0,0,6.37286102376366,6.37253085193567,236.084886117078,47,0.7,1e-4,8,249.698142199861
1410,0.842024943106886,0,0,0,0,0,0,0,0,0,0,6.17546409679238,6.17514899722349,236.524865739282,48,0.7,1e-4,8,249.71750377640475
1440,0.817676556972127,0,0,0,0,0,0,0,0,0,0,5.98968158493415,5.98938045159682,236.93834330684,49,0.7,1e-4,8,249.73508190034312
1470,0.79469475761226,0,0,0,0,0,0,0,0,0,0,5.81453122081456,5.81424305737204,237.327618313221,50,0.7,1e-4,8,249.75108734901985
1500,0.772968576697883,0,0,0,0,0,0,0,0,0,0,5.64913729444707,5.64886120073103,237.694733771648,51,0.7,1e-4,8,249.76570084352397
1530,0.752398644898904,0,0,0,0,0,0,0,0,0,0,5.49271671772263,5.49245187818322,238.041510783357,52,0.7,1e-4,8,249.77907802416178
1560,0.732895726884098,0,0,0,0,0,0,0,0,0,0,5.34456720187419,5.34431287567317,238.369577690273,53,0.7,1e-4,8,249.79135349470445
1590,0.714379471211709,0,0,0,0,0,0,0,0,0,0,5.20405718630506,5.20381269878393,238.680394772439,54,0.7,1e-4,8,249.8026441287397
1620,0.696777339487936,0,0,0,0,0,0,0,0,0,0,5.07061722566352,5.07038196096756,238.975275261448,55,0.7,1e-4,8,249.81305178756702
1650,0.680023685712612,0,0,0,0,0,0,0,0,0,0,4.94373259639428,4.94350599107274,239.255403292781,56,0.7,1e-4,8,249.82266556596065
1680,0.664058961962752,0,0,0,0,0,0,0,0,0,0,4.8229369273482,4.8227184647821,239.521849302877,57,0.7,1e-4,8,249.83156365697005
1710,0.648829030768147,0,0,0,0,0,0,0,0,0,0,4.7078066937848,4.70759589931933,239.775583283756,58,0.7,1e-4,8,249.83981490762827
1740,0.634284567926759,0,0,0,0,0,0,0,0,0,0,4.59795644209825,4.59775287877711,240.017486233786,59,0.7,1e-4,8,249.8474801225881
1770,0.620380542259906,0,0,0,0,0,0,0,0,0,0,4.49303463525602,4.49283790007214,240.248360083581,60,0.7,1e-4,8,249.85461316116906
1800,0.607075761049095,0,0,0,0,0,0,0,0,0,0,4.39272002736116,4.3925297479516,240.468936327922,61,0.7,1e-4,8,249.86126186428385
1830,0.594332471730361,0,0,0,0,0,0,0,0,0,0,4.29671849079036,4.2965343225148,240.679883555632,62,0.7,1e-4,8,249.8674688406675
1860,0.582116011928271,0,0,0,0,0,0,0,0,0,0,4.20476023169321,4.20458185504471,240.881814037544,63,0.7,1e-4,8,249.87327213621018
1890,0.570394501153996,0,0,0,0,0,0,0,0,0,0,4.11659733979139,4.11642445809574,241.07528950677101,64,0.7,1e-4,8,249.87870580581213
1920,0.559138568520058,0,0,0,0,0,0,0,0,0,0,4.03200162680744,4.03183396417393,241.260826244078,65,0.7,1e-4,8,249.88380040357944
1950,0.548321111678628,0,0,0,0,0,0,0,0,0,0,3.95076271481308,3.95060001430506,241.438899563621,66,0.7,1e-4,8,249.88858340441777
1980,0.537917082902458,0,0,0,0,0,0,0,0,0,0,3.87268634158208,3.87252836357993,241.609947779664,67,0.7,1e-4,8,249.89307956772848
0,250,0,0,0,0,0,0,0,0,0,0,0,0,0,1,0.7,1e-4,9,250
30,250.000322400697,0,0,0,0,0,0,0,0,0,0,0,0,0,2,0.7,1e-4,9,250.000322400697
60,250.000090984018,0,0,0,0,0,0,0,0,0,0,0,0,0,3,0.7,1e-4,9,250.000090984018
90,250.000018876751,0,0,0,0,0,0,0,0,0,0,0,0,0,4,0.7,1e-4,9,250.000018876751
120,220.563274748824,0,0,0,0,0,0,0,0,0,0,34.1776947761383,34.1776947761383,0.00770409975046474,5,0.7,1e-4,9,288.92636840085106
150,151.181001234992,0,0,0,0,0,0,0,0,0,0,61.9439135942626,61.9428969746044,0.0257300507681001,6,0.7,1e-4,9,275.0935418546271
180,101.245067876836,0,0,0,0,0,0,0,0,0,0,72.4975835697851,72.4952830091493,0.0555550998399534,7,0.7,1e-4,9,246.29348955561036
210,65.446435402282,0,0,0,0,0,0,0,0,0,0,74.5475473282555,74.5442642792973,0.10454213808394,8,0.7,1e-4,9,214.64278914791873
240,39.5678810442788,0,0,0,0,0,0,0,0,0,0,71.1410727925182,71.1373393241066,0.185799919382302,9,0.7,1e-4,9,182.0320930802859
270,21.6334268367561,0,0,0,0,0,0,0,0,0,0,63.8175751087794,63.8139799498615,0.324779671630999,10,0.7,1e-4,9,149.589761567028
300,10.3025968023492,0,0,0,0,0,0,0,0,0,0,54.3327230601785,54.3297694648611,0.56928624672475,11,0.7,1e-4,9,119.53437557411355
330,4.1288831219428,0,0,0,0,0,0,0,0,0,0,44.9758681768448,44.9737995242375,1.00621718791099,12,0.7,1e-4,9,95.08476801093609
360,1.40831450318706,0,0,0,0,0,0,0,0,0,0,38.208798027601,38.2074686787928,1.78354832713175,13,0.7,1e-4,9,79.60812953671261
390,0.826852390523037,0,0,0,0,0,0,0,0,0,0,15.9504514719629,15.9482088035239,2.39502844500278,14,0.7,1e-4,9,35.120541111012614
420,0.943934267790415,0,0,0,0,0,0,0,0,0,0,20.2345983353555,20.2308550758437,12.6779633537296,15,0.7,1e-4,9,54.08735103271921
450,1.72341658163614,0,0,0,0,0,0,0,0,0,0,35.4439474334345,35.4372883757655,37.2263542679768,16,0.7,1e-4,9,109.83100665881294
480,2.12790121194058,0,0,0,0,0,0,0,0,0,0,43.5278750872483,43.5201209683135,74.8441824157376,17,0.7,1e-4,9,164.02007968323997
510,2.11203378255803,0,0,0,0,0,0,0,0,0,0,42.9072582631583,42.900209130603,111.026029694129,18,0.7,1e-4,9,198.94553087044832
540,1.97389026497023,0,0,0,0,0,0,0,0,0,0,39.8955801564437,39.8896176826984,137.452461970876,19,0.7,1e-4,9,219.2115500749883
570,1.77077541533017,0,0,0,0,0,0,0,0,0,0,35.642592952486,35.6377321019984,157.24234535751,20,0.7,1e-4,9,230.29344582732458
600,1.58136766883959,0,0,0,0,0,0,0,0,0,0,31.7235331764819,31.7195587114997,171.643629061193,21,0.7,1e-4,9,236.6680886180142
630,1.41442575287254,0,0,0,0,0,0,0,0,0,0,28.294573538359298,28.2912892233821,182.516530322858,22,0.7,1e-4,9,240.51681883747193
660,1.27245365029933,0,0,0,0,0,0,0,0,0,0,25.3931168750985,25.3903642994414,190.915860660032,23,0.7,1e-4,9,242.97179548487122
690,1.15233454450256,0,0,0,0,0,0,0,0,0,0,22.9475901343429,22.9452509002283,197.568744348192,24,0.7,1e-4,9,244.61391992726578
720,1.05049928825867,0,0,0,0,0,0,0,0,0,0,20.8806214542144,20.8786077989009,202.948202371921,25,0.7,1e-4,9,245.75793091329498
750,0.963639346658705,0,0,0,0,0,0,0,0,0,0,19.1220705986552,19.1203171826716,207.376540471891,26,0.7,1e-4,9,246.58256759987648
780,0.889006517479939,0,0,0,0,0,0,0,0,0,0,17.6143316024644,17.6127891902328,211.078183517646,27,0.7,1e-4,9,247.19431082782316
810,0.824386577476823,0,0,0,0,0,0,0,0,0,0,16.3113289471528,16.309959913648,214.213646871365,28,0.7,1e-4,9,247.65932230964262
840,0.768016358193845,0,0,0,0,0,0,0,0,0,0,15.1765645801649,15.1753397567215,216.900339471477,29,0.7,1e-4,9,248.02026016655725
870,0.718493069066838,0,0,0,0,0,0,0,0,0,0,14.1811169054818,14.1800133642846,219.225903368373,30,0.7,1e-4,9,248.30552670720624
900,0.674696433203542,0,0,0,0,0,0,0,0,0,0,13.3019636319816,13.3009631155122,221.25694718032,31,0.7,1e-4,9,248.53457036101733
930,0.635726315158974,0,0,0,0,0,0,0,0,0,0,12.5206562738738,12.5197440679812,223.044913465511,32,0.7,1e-4,9,248.72104012252498
960,0.600854280892111,0,0,0,0,0,0,0,0,0,0,11.8222996858498,11.8214638003249,224.630107562287,33,0.7,1e-4,9,248.87472532935382
990,0.569486398252953,0,0,0,0,0,0,0,0,0,0,11.1947732904488,11.1940038551638,226.044520455447,34,0.7,1e-4,9,249.00278399931256
1020,0.541134740778156,0,0,0,0,0,0,0,0,0,0,10.6281373568227,10.6274261708966,227.313842997276,35,0.7,1e-4,9,249.11054126577346
1050,0.515395509775142,0,0,0,0,0,0,0,0,0,0,10.1141789108002,10.1135191018074,228.458927148786,36,0.7,1e-4,9,249.20202067116873
1080,0.491932158084476,0,0,0,0,0,0,0,0,0,0,9.6460625609806,9.64544832430536,229.496862189792,37,0.7,1e-4,9,249.28030523316244
1110,0.47046229298813,0,0,0,0,0,0,0,0,0,0,9.21806023863532,9.2174866359189,230.44177838213,38,0.7,1e-4,9,249.34778754967235
1140,0.450747443469641,0,0,0,0,0,0,0,0,0,0,8.82534052959179,8.82480333126238,231.305454766826,39,0.7,1e-4,9,249.4063460711498
1170,0.432585009286008,0,0,0,0,0,0,0,0,0,0,8.46380325876457,8.46329881981888,232.097784227895,40,0.7,1e-4,9,249.45747131576445
1200,0.415801881934894,0,0,0,0,0,0,0,0,0,0,8.12994866037945,8.12947382150973,232.827133196638,41,0.7,1e-4,9,249.50235756046206
1230,0.400249355145143,0,0,0,0,0,0,0,0,0,0,7.82077316323726,7.8203251714679,233.500622653705,42,0.7,1e-4,9,249.5419703435553
1260,0.385799036690384,0,0,0,0,0,0,0,0,0,0,7.53368580129148,7.53326224577305,234.124349689455,43,0.7,1e-4,9,249.5770967732099
1290,0.372339543018729,0,0,0,0,0,0,0,0,0,0,7.26644071990525,7.26603947958702,234.703563706674,44,0.7,1e-4,9,249.608383449185
1320,0.359773809982146,0,0,0,0,0,0,0,0,0,0,7.01708232951363,7.01670153020167,235.242807680196,45,0.7,1e-4,9,249.63636534989345
1350,0.34801689163605,0,0,0,0,0,0,0,0,0,0,6.78390046385105,6.7835384427393,235.746032255294,46,0.7,1e-4,9,249.6614880535204
1380,0.336994148146218,0,0,0,0,0,0,0,0,0,0,6.56539350353551,6.56504877973034,236.216688556508,47,0.7,1e-4,9,249.68412498792006
1410,0.32663974581291,0,0,0,0,0,0,0,0,0,0,6.36023788111024,6.35990913099468,236.657804178024,48,0.7,1e-4,9,249.70459093594184
1440,0.3168954089365,0,0,0,0,0,0,0,0,0,0,6.16726272931392,6.16694876584542,237.072045789581,49,0.7,1e-4,9,249.72315269367684
1470,0.307709376043581,0,0,0,0,0,0,0,0,0,0,5.98542869849178,5.98512845371628,237.461771016675,50,0.7,1e-4,9,249.74003754492662
1500,0.299035522847605,0,0,0,0,0,0,0,0,0,0,5.81381017219045,5.81352268240156,237.82907166943,51,0.7,1e-4,9,249.7554400468696
1530,0.290832621955581,0,0,0,0,0,0,0,0,0,0,5.6515802671721,5.65130466025786,238.175809950134,52,0.7,1e-4,9,249.76952749951954
1560,0.283063715286457,0,0,0,0,0,0,0,0,0,0,5.49799812646669,5.49773361107435,238.503648929062,53,0.7,1e-4,9,249.7824443818895
1590,0.275695579835569,0,0,0,0,0,0,0,0,0,0,5.3523981099261,5.35214396614567,238.814078315432,54,0.7,1e-4,9,249.79431597133933
1620,0.268698271101025,0,0,0,0,0,0,0,0,0,0,5.21418056223483,5.21393613355717,239.108436346115,55,0.7,1e-4,9,249.80525131300803
1650,0.262044731406583,0,0,0,0,0,0,0,0,0,0,5.08280389811805,5.08256858446735,239.387928454965,56,0.7,1e-4,9,249.81534566895698
1680,0.255710452681741,0,0,0,0,0,0,0,0,0,0,4.95777779208947,4.95755104376509,239.653643259782,57,0.7,1e-4,9,249.8246825483183
1710,0.249673185123058,0,0,0,0,0,0,0,0,0,0,4.83865729817396,4.83843861056538,239.906566304323,58,0.7,1e-4,9,249.8333353981854
1740,0.243912684660473,0,0,0,0,0,0,0,0,0,0,4.72503775567568,4.72482666463685,240.147591913332,59,0.7,1e-4,9,249.84136901830502
1770,0.238410493365289,0,0,0,0,0,0,0,0,0,0,4.6165503618159,4.61634643960441,240.377533455047,60,0.7,1e-4,9,249.8488407498326
1800,0.23314974792178,0,0,0,0,0,0,0,0,0,0,4.51285831215861,4.51266116386017,240.597132254378,61,0.7,1e-4,9,249.85580147831857
1830,0.228115012088309,0,0,0,0,0,0,0,0,0,0,4.41365342612373,4.41346268649516,240.807065358612,62,0.7,1e-4,9,249.8622964833192
1860,0.223292129732481,0,0,0,0,0,0,0,0,0,0,4.31865318830107,4.31846851897525,241.007952323754,63,0.7,1e-4,9,249.8683661607628
1890,0.21866809556677,0,0,0,0,0,0,0,0,0,0,4.22759814730468,4.22741923430961,241.200361162158,64,0.7,1e-4,9,249.87404663933907
1920,0.21423094115852,0,0,0,0,0,0,0,0,0,0,4.14024962300801,4.14007617455923,241.384813569558,65,0.7,1e-4,9,249.87937030828374
1950,0.209969634159197,0,0,0,0,0,0,0,0,0,0,4.05638768053973,4.0562194250713,241.561789530997,66,0.7,1e-4,9,249.88436627076723
1980,0.205873989006441,0,0,0,0,0,0,0,0,0,0,3.97580933568937,3.97564602009356,241.731731389824,67,0.7,1e-4,9,249.88906073461337
0,250,0,0,0,0,0,0,0,0,0,0,0,0,0,1,0.8,0,10,250
30,250.000322400697,0,0,0,0,0,0,0,0,0,0,0,0,0,2,0.8,0,10,250.000322400697
60,250.000090984018,0,0,0,0,0,0,0,0,0,0,0,0,0,3,0.8,0,10,250.000090984018
90,250.000018876751,0,0,0,0,0,0,0,0,0,0,0,0,0,4,0.8,0,10,250.000018876751
120,217.407204849243,0,0,0,0,0,0,0,0,0,0,38.2778227378248,38.2778227378248,0,5,0.8,0,10,293.9628503248926
150,142.117020808891,0,0,0,0,0,0,0,0,0,0,67.8219258125729,67.8219258125729,0,6,0.8,0,10,277.7608724340368
180,89.5686524790187,0,0,0,0,0,0,0,0,0,0,77.4488699285816,77.4488699285816,0,7,0.8,0,10,244.4663923361819
210,53.4792581393121,0,0,0,0,0,0,0,0,0,0,77.3348969668697,77.3348969668697,0,8,0.8,0,10,208.1490520730515
240,29.077651955105,0,0,0,0,0,0,0,0,0,0,71.2299971249054,71.2299971249054,0,9,0.8,0,10,171.5376462049158
270,13.7744883786507,0,0,0,0,0,0,0,0,0,0,61.4861275814769,61.4861275814769,0,10,0.8,0,10,136.7467435416045
300,5.3846105925293,0,0,0,0,0,0,0,0,0,0,50.7191395737128,50.7191395737128,0,11,0.8,0,10,106.8228897399549
330,1.62168486102811,0,0,0,0,0,0,0,0,0,0,41.5672605982158,41.5672605982158,0,12,0.8,0,10,84.75620605745972
360,0.348178620724324,0,0,0,0,0,0,0,0,0,0,35.728662117345,35.728662117345,0,13,0.8,0,10,71.80550285541433
390,0.0510564652515498,0,0,0,0,0,0,0,0,0,0,33.1356080603893,33.1356080603893,0,14,0.8,0,10,66.32227258603015
420,0.00731588535703387,0,0,0,0,0,0,0,0,0,0,2.16090581179022,2.16090581179022,0,15,0.8,0,10,4.329127508937474
450,0.00151917823858722,0,0,0,0,0,0,0,0,0,0,0.242742212843207,0.242742212843207,0,16,0.8,0,10,0.4870036039250012
480,2.5462052013895e-4,0,0,0,0,0,0,0,0,0,0,0.0470566671307374,0.0470566671307374,0,17,0.8,0,10,0.09436795478161375
510,4.38638522580672e-5,0,0,0,0,0,0,0,0,0,0,0.0086644818662554,0.0086644818662554,0,18,0.8,0,10,0.01737282758476887
540,8.00138607051845e-6,0,0,0,0,0,0,0,0,0,0,0.00154805533523804,0.00154805533523804,0,19,0.8,0,10,0.0031041120565465986
570,1.46195115028384e-6,0,0,0,0,0,0,0,0,0,0,2.8089815428798e-4,2.8089815428798e-4,0,20,0.8,0,10,5.632582597262438e-4
600,2.66078197738996e-7,0,0,0,0,0,0,0,0,0,0,5.1202778658736e-5,5.1202778658736e-5,0,21,0.8,0,10,1.02671635515211e-4
630,4.84659531972576e-8,0,0,0,0,0,0,0,0,0,0,9.32506416669191e-6,9.32506416669191e-6,0,22,0.8,0,10,1.8698594286581076e-5
660,8.83692084373143e-9,0,0,0,0,0,0,0,0,0,0,1.69862720798484e-6,1.69862720798484e-6,0,23,0.8,0,10,3.4060913368134115e-6
690,1.61204508450642e-9,0,0,0,0,0,0,0,0,0,0,3.09628493198927e-7,3.09628493198927e-7,0,24,0.8,0,10,6.208690314823604e-7
720,2.9421226855738103e-10,0,0,0,0,0,0,0,0,0,0,5.64707440673297e-8,5.64707440673297e-8,0,25,0.8,0,10,1.1323570040321678e-7
750,5.37247485735106e-11,0,0,0,0,0,0,0,0,0,0,1.03044836908458e-8,1.03044836908458e-8,0,26,0.8,0,10,2.066269213026511e-8
780,9.81562719555596e-12,0,0,0,0,0,0,0,0,0,0,1.88128969361986e-9,1.88128969361986e-9,0,27,0.8,0,10,3.772395014435276e-9
810,1.79427834108148e-12,0,0,0,0,0,0,0,0,0,0,3.43648093440544e-10,3.43648093440544e-10,0,28,0.8,0,10,6.890904652221695e-10
840,3.2816335048092697e-13,0,0,0,0,0,0,0,0,0,0,6.28059285765146e-11,6.28059285765146e-11,0,29,0.8,0,10,1.259400205035101e-10
870,6.00508804415218e-14,0,0,0,0,0,0,0,0,0,0,1.1484601587668198e-11,1.1484601587668198e-11,0,30,0.8,0,10,2.302925405577792e-11
900,1.0994564129253e-14,0,0,0,0,0,0,0,0,0,0,2.1011652219731297e-12,2.1011652219731297e-12,0,31,0.8,0,10,4.2133250080755124e-12
930,2.01403160297561e-15,0,0,0,0,0,0,0,0,0,0,3.84621695360076e-13,3.84621695360076e-13,0,32,0.8,0,10,7.712574223231276e-13
960,3.69134373577865e-16,0,0,0,0,0,0,0,0,0,0,7.044285690962071e-14,7.044285690962071e-14,0,33,0.8,0,10,1.4125484819281928e-13
990,6.76913157615979e-17,0,0,0,0,0,0,0,0,0,0,1.2908330207924101e-14,1.2908330207924101e-14,0,34,0.8,0,10,2.58843517316098e-14
1020,1.2419725544477401e-17,0,0,0,0,0,0,0,0,0,0,2.36664659088821e-15,2.36664659088821e-15,0,35,0.8,0,10,4.745712907320898e-15
1050,2.2799322043071697e-18,0,0,0,0,0,0,0,0,0,0,4.3413750598820004e-16,4.3413750598820004e-16,0,36,0.8,0,10,8.705549441807072e-16
1080,4.1875796040538697e-19,0,0,0,0,0,0,0,0,0,0,7.9680504255384506e-17,7.9680504255384506e-17,0,37,0.8,0,10,1.597797664711744e-16
1110,7.695480549971429e-20,0,0,0,0,0,0,0,0,0,0,1.46321460541374e-17,1.46321460541374e-17,0,38,0.8,0,10,2.9341246913774513e-17
1140,1.41494727946918e-20,0,0,0,0,0,0,0,0,0,0,2.68840989834895e-18,2.68840989834895e-18,0,39,0.8,0,10,5.390969269492592e-18
1170,2.60301658920755e-21,0,0,0,0,0,0,0,0,0,0,4.942136850106219e-19,4.942136850106219e-19,0,40,0.8,0,10,9.910303866104513e-19
1200,4.79121982474745e-22,0,0,0,0,0,0,0,0,0,0,9.090048295556269e-20,9.090048295556269e-20,0,41,0.8,0,10,1.8228008789360014e-19
1230,8.82364572570958e-23,0,0,0,0,0,0,0,0,0,0,1.6728233289508598e-20,1.6728233289508598e-20,0,42,0.8,0,10,3.354470303627429e-20
1260,1.62586002777356e-23,0,0,0,0,0,0,0,0,0,0,3.08011367700015e-21,3.08011367700015e-21,0,43,0.8,0,10,6.176485954278036e-21
1290,2.9974482451106502e-24,0,0,0,0,0,0,0,0,0,0,5.674355203317769e-22,5.674355203317769e-22,0,44,0.8,0,10,1.1378684889086646e-21
1320,5.5290943788775e-25,0,0,0,0,0,0,0,0,0,0,1.0459230110241799e-22,1.0459230110241799e-22,0,45,0.8,0,10,2.0973751164272373e-22
1350,1.0204468928328899e-25,0,0,0,0,0,0,0,0,0,0,1.9289308853478298e-23,1.9289308853478298e-23,0,46,0.8,0,10,3.8680662396239887e-23
1380,1.88434851987126e-26,0,0,0,0,0,0,0,0,0,0,3.55932536093898e-24,3.55932536093898e-24,0,47,0.8,0,10,7.137494207076672e-24
1410,3.48150319465947e-27,0,0,0,0,0,0,0,0,0,0,6.571327450188779e-25,6.571327450188779e-25,0,48,0.8,0,10,1.3177469932324154e-24
1440,6.43587254763537e-28,0,0,0,0,0,0,0,0,0,0,1.21387299839608e-25,1.21387299839608e-25,0,49,0.8,0,10,2.434181869339795e-25
1470,1.19037409841818e-28,0,0,0,0,0,0,0,0,0,0,2.24351223304381e-26,2.24351223304381e-26,0,50,0.8,0,10,4.4989282070718016e-26
1500,2.20290224576086e-29,0,0,0,0,0,0,0,0,0,0,4.14876664779543e-27,4.14876664779543e-27,0,51,0.8,0,10,8.319562318048468e-27
1530,4.07889978252659e-30,0,0,0,0,0,0,0,0,0,0,7.676182244783229e-28,7.676182244783229e-28,0,52,0.8,0,10,1.5393153487391725e-27
1560,7.556613767074869e-31,0,0,0,0,0,0,0,0,0,0,1.42104416881722e-28,1.42104416881722e-28,0,53,0.8,0,10,2.849644951401515e-28
1590,1.40070966723737e-31,0,0,0,0,0,0,0,0,0,0,2.63212334193676e-29,2.63212334193676e-29,0,54,0.8,0,10,5.278253780545894e-29
1620,2.59780212650356e-32,0,0,0,0,0,0,0,0,0,0,4.8779976402609494e-30,4.8779976402609494e-30,0,55,0.8,0,10,9.781973301786934e-30
1650,4.82060317261649e-33,0,0,0,0,0,0,0,0,0,0,9.045112135405749e-31,9.045112135405749e-31,0,56,0.8,0,10,1.8138430302537663e-30
1680,8.950234226239299e-34,0,0,0,0,0,0,0,0,0,0,1.6781225609719098e-31,1.6781225609719098e-31,0,57,0.8,0,10,3.365195356170059e-31
1710,1.66266768717826e-34,0,0,0,0,0,0,0,0,0,0,3.11509345581457e-32,3.11509345581457e-32,0,58,0.8,0,10,6.246813588500922e-32
1740,3.09040133763131e-35,0,0,0,0,0,0,0,0,0,0,5.78570786175644e-33,5.78570786175644e-33,0,59,0.8,0,10,1.1602319736889193e-32
1770,5.747288717272149e-36,0,0,0,0,0,0,0,0,0,0,1.07517775749289e-33,1.07517775749289e-33,0,60,0.8,0,10,2.156102803703052e-33
1800,1.0694246403199599e-36,0,0,0,0,0,0,0,0,0,0,1.99913777785137e-34,1.99913777785137e-34,0,61,0.8,0,10,4.008969802105939e-34
1830,1.99102509601669e-37,0,0,0,0,0,0,0,0,0,0,3.7191543306103295e-35,3.7191543306103295e-35,0,62,0.8,0,10,7.458218912180826e-35
1860,3.70888181685747e-38,0,0,0,0,0,0,0,0,0,0,6.9228517240605e-36,6.9228517240605e-36,0,63,0.8,0,10,1.3882792266289573e-35
1890,6.91272540623417e-39,0,0,0,0,0,0,0,0,0,0,1.2893343453529999e-36,1.2893343453529999e-36,0,64,0.8,0,10,2.585581416112234e-36
1920,1.28912789298433e-39,0,0,0,0,0,0,0,0,0,0,2.40262561573544e-37,2.40262561573544e-37,0,65,0.8,0,10,4.818142510400724e-37
1950,2.40537854384901e-40,0,0,0,0,0,0,0,0,0,0,4.47968031628298e-38,4.47968031628298e-38,0,66,0.8,0,10,8.98341441800445e-38
1980,4.490678126102e-41,0,0,0,0,0,0,0,0,0,0,8.35696626857794e-39,8.35696626857794e-39,0,67,0.8,0,10,1.67588393184169e-38
0,250,0,0,0,0,0,0,0,0,0,0,0,0,0,1,0.8,0,11,250
30,250.000322400697,0,0,0,0,0,0,0,0,0,0,0,0,0,2,0.8,0,11,250.000322400697
60,250.000090984018,0,0,0,0,0,0,0,0,0,0,0,0,0,3,0.8,0,11,250.000090984018
90,250.000018876751,0,0,0,0,0,0,0,0,0,0,0,0,0,4,0.8,0,11,250.000018876751
120,217.407204849243,0,0,0,0,0,0,0,0,0,0,38.2778227378248,38.2778227378248,0,5,0.8,0,11,293.9628503248926
150,142.117020808891,0,0,0,0,0,0,0,0,0,0,67.8219258125729,67.8219258125729,0,6,0.8,0,11,277.7608724340368
180,89.5686524790187,0,0,0,0,0,0,0,0,0,0,77.4488699285816,77.4488699285816,0,7,0.8,0,11,244.4663923361819
210,53.4792581393121,0,0,0,0,0,0,0,0,0,0,77.3348969668697,77.3348969668697,0,8,0.8,0,11,208.1490520730515
240,29.077651955105,0,0,0,0,0,0,0,0,0,0,71.2299971249054,71.2299971249054,0,9,0.8,0,11,171.5376462049158
270,13.7744883786507,0,0,0,0,0,0,0,0,0,0,61.4861275814769,61.4861275814769,0,10,0.8,0,11,136.7467435416045
300,5.3846105925293,0,0,0,0,0,0,0,0,0,0,50.7191395737128,50.7191395737128,0,11,0.8,0,11,106.8228897399549
330,1.62168486102811,0,0,0,0,0,0,0,0,0,0,41.5672605982158,41.5672605982158,0,12,0.8,0,11,84.75620605745972
360,0.348178620724324,0,0,0,0,0,0,0,0,0,0,35.728662117345,35.728662117345,0,13,0.8,0,11,71.80550285541433
390,0.0510564652515498,0,0,0,0,0,0,0,0,0,0,33.1356080603893,33.1356080603893,0,14,0.8,0,11,66.32227258603015
420,0.00543539248905389,0,0,0,0,0,0,0,0,0,0,32.3917293151808,32.3917293151808,0,15,0.8,0,11,64.78889402285064
450,5.9293440543341e-4,0,0,0,0,0,0,0,0,0,0,1.93413500140708,1.93413500140708,0,16,0.8,0,11,3.8688629372195935
480,9.63866564571889e-5,0,0,0,0,0,0,0,0,0,0,0.12354359333811,0.12354359333811,0,17,0.8,0,11,0.2471835733326772
510,1.15610098436338e-5,0,0,0,0,0,0,0,0,0,0,0.00938796809568678,0.00938796809568678,0,18,0.8,0,11,0.018787497201217192
540,1.10875707187532e-6,0,0,0,0,0,0,0,0,0,0,8.1234405159825e-4,8.1234405159825e-4,0,19,0.8,0,11,0.0016257968602683753
570,9.78860725829303e-8,0,0,0,0,0,0,0,0,0,0,7.27563162692784e-5,7.27563162692784e-5,0,20,0.8,0,11,1.4561051861113975e-4
600,8.4081312215223e-9,0,0,0,0,0,0,0,0,0,0,6.48495596663654e-6,6.48495596663654e-6,0,21,0.8,0,11,1.2978320064494602e-5
630,7.17855097842405e-10,0,0,0,0,0,0,0,0,0,0,5.70981965802572e-7,5.70981965802572e-7,0,22,0.8,0,11,1.1426817867029864e-6
660,6.137980097219039e-11,0,0,0,0,0,0,0,0,0,0,4.97751155786175e-8,4.97751155786175e-8,0,23,0.8,0,11,9.961161095820719e-8
690,5.26538694849656e-12,0,0,0,0,0,0,0,0,0,0,4.31257425922703e-9,4.31257425922703e-9,0,24,0.8,0,11,8.630413905402558e-9
720,4.52963459363618e-13,0,0,0,0,0,0,0,0,0,0,3.72483606124658e-10,3.72483606124658e-10,0,25,0.8,0,11,7.454201757086796e-10
750,3.90395778108253e-14,0,0,0,0,0,0,0,0,0,0,3.2132017058369894e-11,3.2132017058369894e-11,0,26,0.8,0,11,6.430307369455061e-11
780,3.3681356483903103e-15,0,0,0,0,0,0,0,0,0,0,2.7710872706419498e-12,2.7710872706419498e-12,0,27,0.8,0,11,5.54554267693229e-12
810,2.90719188808894e-16,0,0,0,0,0,0,0,0,0,0,2.39011055852051e-13,2.39011055852051e-13,0,28,0.8,0,11,4.783128308929109e-13
840,2.50971442136289e-17,0,0,0,0,0,0,0,0,0,0,2.06198546976746e-14,2.06198546976746e-14,0,29,0.8,0,11,4.1264806539562834e-14
870,2.16661482441188e-18,0,0,0,0,0,0,0,0,0,0,1.7792713514105203e-15,1.7792713514105203e-15,0,30,0.8,0,11,3.5607093176454525e-15
900,1.87036805097873e-19,0,0,0,0,0,0,0,0,0,0,1.53554251720661e-16,1.53554251720661e-16,0,31,0.8,0,11,3.0729554024641983e-16
930,1.61458256143404e-20,0,0,0,0,0,0,0,0,0,0,1.32532078729807e-17,1.32532078729807e-17,0,32,0.8,0,11,2.6522561571575742e-17
960,1.39375777039585e-21,0,0,0,0,0,0,0,0,0,0,1.1439406575626399e-18,1.1439406575626399e-18,0,33,0.8,0,11,2.2892750728956754e-18
990,1.2031356667256299e-22,0,0,0,0,0,0,0,0,0,0,9.874158640717469e-20,9.874158640717469e-20,0,34,0.8,0,11,1.9760348638102195e-19
1020,1.0385965568641699e-23,0,0,0,0,0,0,0,0,0,0,8.52327507917359e-21,8.52327507917359e-21,0,35,0.8,0,11,1.7056936123915822e-20
1050,8.965757365039109e-25,0,0,0,0,0,0,0,0,0,0,7.35734660671767e-22,7.35734660671767e-22,0,36,0.8,0,11,1.4723658970800379e-21
1080,7.73991774109295e-26,0,0,0,0,0,0,0,0,0,0,6.35102897666357e-23,6.35102897666357e-23,0,37,0.8,0,11,1.2709797871068234e-22
1110,6.6818317262197e-27,0,0,0,0,0,0,0,0,0,0,5.48246019296497e-24,5.48246019296497e-24,0,38,0.8,0,11,1.097160221765616e-23
1140,5.76852354275441e-28,0,0,0,0,0,0,0,0,0,0,4.73277445084589e-25,4.73277445084589e-25,0,39,0.8,0,11,9.471317425234533e-25
1170,4.98016452291292e-29,0,0,0,0,0,0,0,0,0,0,4.08568966927167e-26,4.08568966927167e-26,0,40,0.8,0,11,8.176359503066252e-26
1200,4.29964395104631e-30,0,0,0,0,0,0,0,0,0,0,3.52715376511049e-27,3.52715376511049e-27,0,41,0.8,0,11,7.058607174172026e-27
1230,3.71219679813906e-31,0,0,0,0,0,0,0,0,0,0,3.0450397228939897e-28,3.0450397228939897e-28,0,42,0.8,0,11,6.093791642586118e-28
1260,3.20508186573228e-32,0,0,0,0,0,0,0,0,0,0,2.62888222145069e-29,2.62888222145069e-29,0,43,0.8,0,11,5.260969524767112e-29
1290,2.7673039799802298e-33,0,0,0,0,0,0,0,0,0,0,2.2696500845654596e-30,2.2696500845654596e-30,0,44,0.8,0,11,4.5420674731109e-30
1320,2.38937436926939e-34,0,0,0,0,0,0,0,0,0,0,1.9595497441917598e-31,1.9595497441917598e-31,0,45,0.8,0,11,3.921488862752789e-31
1350,2.06310400833208e-35,0,0,0,0,0,0,0,0,0,0,1.69185556123721e-32,1.69185556123721e-32,0,46,0.8,0,11,3.385774226482752e-32
1380,1.78142538058679e-36,0,0,0,0,0,0,0,0,0,0,1.4607633828038599e-33,1.4607633828038599e-33,0,47,0.8,0,11,2.9233081909883066e-33
1410,1.53823873047831e-37,0,0,0,0,0,0,0,0,0,0,1.26126417991592e-34,1.26126417991592e-34,0,48,0.8,0,11,2.5240665985623184e-34
1440,1.32827942478683e-38,0,0,0,0,0,0,0,0,0,0,1.0890350232035e-35,1.0890350232035e-35,0,49,0.8,0,11,2.1793983258317869e-35
1470,1.14700351442964e-39,0,0,0,0,0,0,0,0,0,0,9.40345020548007e-37,9.40345020548007e-37,0,50,0.8,0,11,1.8818370446104437e-36
1500,9.90488993327598e-41,0,0,0,0,0,0,0,0,0,0,8.11974162836817e-38,8.11974162836817e-38,0,51,0.8,0,11,1.6249388146669617e-37
1530,8.55350597817655e-42,0,0,0,0,0,0,0,0,0,0,7.011433048127351e-39,7.011433048127351e-39,0,52,0.8,0,11,1.4031419602232877e-38
1560,7.386662877033259e-43,0,0,0,0,0,0,0,0,0,0,6.05453751455943e-40,6.05453751455943e-40,0,53,0.8,0,11,1.2116461691995892e-39
1590,6.379138058786319e-44,0,0,0,0,0,0,0,0,0,0,5.22835130688808e-41,5.22835130688808e-41,0,54,0.8,0,11,1.0463081751834947e-40
1620,5.5091593375598893e-45,0,0,0,0,0,0,0,0,0,0,4.51500414659755e-42,4.51500414659755e-42,0,55,0.8,0,11,9.03551745253266e-42
1650,4.757932496084499e-46,0,0,0,0,0,0,0,0,0,0,3.899071083168689e-43,3.899071083168689e-43,0,56,0.8,0,11,7.802900098833462e-43
1680,4.1092336069113e-47,0,0,0,0,0,0,0,0,0,0,3.36723758861605e-44,3.36723758861605e-44,0,57,0.8,0,11,6.738584410839011e-44
1710,3.5490572126435596e-48,0,0,0,0,0,0,0,0,0,0,2.9080105596613795e-45,2.9080105596613795e-45,0,58,0.8,0,11,5.819570176535402e-45
1740,3.0653127050231898e-49,0,0,0,0,0,0,0,0,0,0,2.51146892921273e-46,2.51146892921273e-46,0,59,0.8,0,11,5.0260031711304836e-46
1770,2.64756229400117e-50,0,0,0,0,0,0,0,0,0,0,2.16904845370561e-47,2.16904845370561e-47,0,60,0.8,0,11,4.340744469705221e-47
1800,2.28679486485507e-51,0,0,0,0,0,0,0,0,0,0,1.87335598884768e-48,1.87335598884768e-48,0,61,0.8,0,11,3.7489987725602154e-48
1830,1.97523080380975e-52,0,0,0,0,0,0,0,0,0,0,1.6180092097760002e-49,1.6180092097760002e-49,0,62,0.8,0,11,3.23799365035581e-49
1860,1.7061535475712901e-53,0,0,0,0,0,0,0,0,0,0,1.39749828669502e-50,1.39749828669502e-50,0,63,0.8,0,11,2.796702726937611e-50
1890,1.4737641944597e-54,0,0,0,0,0,0,0,0,0,0,1.20706650587531e-51,1.20706650587531e-51,0,64,0.8,0,11,2.4156067759450798e-51
1920,1.27305601715528e-55,0,0,0,0,0,0,0,0,0,0,1.042607238938e-52,1.042607238938e-52,0,65,0.8,0,11,2.0864875338931553e-52
1950,1.0997061504434998e-56,0,0,0,0,0,0,0,0,0,0,9.005750196710209e-54,9.005750196710209e-54,0,66,0.8,0,11,1.8022497454924853e-53
1980,9.499821012265471e-58,0,0,0,0,0,0,0,0,0,0,7.779087950145139e-55,7.779087950145139e-55,0,67,0.8,0,11,1.5567675721302543e-54
0,250,0,0,0,0,0,0,0,0,0,0,0,0,0,1,0.8,0,12,250
30,250.000322400697,0,0,0,0,0,0,0,0,0,0,0,0,0,2,0.8,0,12,250.000322400697
60,250.000090984018,0,0,0,0,0,0,0,0,0,0,0,0,0,3,0.8,0,12,250.000090984018
90,250.000018876751,0,0,0,0,0,0,0,0,0,0,0,0,0,4,0.8,0,12,250.000018876751
120,217.407204849243,0,0,0,0,0,0,0,0,0,0,38.2778227378248,38.2778227378248,0,5,0.8,0,12,293.9628503248926
150,142.117020808891,0,0,0,0,0,0,0,0,0,0,67.8219258125729,67.8219258125729,0,6,0.8,0,12,277.7608724340368
180,89.5686524790187,0,0,0,0,0,0,0,0,0,0,77.4488699285816,77.4488699285816,0,7,0.8,0,12,244.4663923361819
210,53.4792581393121,0,0,0,0,0,0,0,0,0,0,77.3348969668697,77.3348969668697,0,8,0.8,0,12,208.1490520730515
240,29.077651955105,0,0,0,0,0,0,0,0,0,0,71.2299971249054,71.2299971249054,0,9,0.8,0,12,171.5376462049158
270,13.7744883786507,0,0,0,0,0,0,0,0,0,0,61.4861275814769,61.4861275814769,0,10,0.8,0,12,136.7467435416045
300,5.3846105925293,0,0,0,0,0,0,0,0,0,0,50.7191395737128,50.7191395737128,0,11,0.8,0,12,106.8228897399549
330,1.62168486102811,0,0,0,0,0,0,0,0,0,0,41.5672605982158,41.5672605982158,0,12,0.8,0,12,84.75620605745972
360,0.348178620724324,0,0,0,0,0,0,0,0,0,0,35.728662117345,35.728662117345,0,13,0.8,0,12,71.80550285541433
390,0.0510564652515498,0,0,0,0,0,0,0,0,0,0,33.1356080603893,33.1356080603893,0,14,0.8,0,12,66.32227258603015
420,0.00543539248905389,0,0,0,0,0,0,0,0,0,0,32.3917293151808,32.3917293151808,0,15,0.8,0,12,64.78889402285064
450,4.7519905650852e-4,0,0,0,0,0,0,0,0,0,0,32.2531962850291,32.2531962850291,0,16,0.8,0,12,64.5068677691147
480,4.4297219244038e-5,0,0,0,0,0,0,0,0,0,0,1.90647942047579,1.90647942047579,0,17,0.8,0,12,3.813003138170824
510,6.21444988174493e-6,0,0,0,0,0,0,0,0,0,0,0.113265072113059,0.113265072113059,0,18,0.8,0,12,0.22653635867599975
540,6.91263217257199e-7,0,0,0,0,0,0,0,0,0,0,0.00682322220285434,0.00682322220285434,0,19,0.8,0,12,0.013647135668925938
570,6.11860388869071e-8,0,0,0,0,0,0,0,0,0,0,4.1829993834759e-4,4.1829993834759e-4,0,20,0.8,0,12,8.366610627340669e-4
600,4.84413455488773e-9,0,0,0,0,0,0,0,0,0,0,2.60622139119469e-5,2.60622139119469e-5,0,21,0.8,0,12,5.212927195844869e-5
630,3.60852635892936e-10,0,0,0,0,0,0,0,0,0,0,1.64664148256239e-6,1.64664148256239e-6,0,22,0.8,0,12,3.293643817760673e-6
660,2.58906539737812e-11,0,0,0,0,0,0,0,0,0,0,1.05248283427079e-7,1.05248283427079e-7,0,23,0.8,0,12,2.1052245750813178e-7
690,1.81175690030549e-12,0,0,0,0,0,0,0,0,0,0,6.789616780439361e-9,6.789616780439361e-9,0,24,0.8,0,12,1.3581045317779027e-8
720,1.24581362473947e-13,0,0,0,0,0,0,0,0,0,0,4.41129222923872e-10,4.41129222923872e-10,0,25,0.8,0,12,8.82383027210218e-10
750,8.45857434303167e-15,0,0,0,0,0,0,0,0,0,0,2.8812429454110497e-11,2.8812429454110497e-11,0,26,0.8,0,12,5.7633317482564026e-11
780,5.68927239897245e-16,0,0,0,0,0,0,0,0,0,0,1.88898844379923e-12,1.88898844379923e-12,0,27,0.8,0,12,3.778545814838357e-12
810,3.7996245464414703e-17,0,0,0,0,0,0,0,0,0,0,1.24162177844022e-13,1.24162177844022e-13,0,28,0.8,0,12,2.4836235193350844e-13
840,2.52398052916097e-18,0,0,0,0,0,0,0,0,0,0,8.17436065868735e-15,8.17436065868735e-15,0,29,0.8,0,12,1.6351245297903862e-14
870,1.6697203745777198e-19,0,0,0,0,0,0,0,0,0,0,5.38662533733038e-16,5.38662533733038e-16,0,30,0.8,0,12,1.0774920395035338e-15
900,1.10111667527833e-20,0,0,0,0,0,0,0,0,0,0,3.5510258964346203e-17,3.5510258964346203e-17,0,31,0.8,0,12,7.103152909544519e-17
930,7.24399525274189e-22,0,0,0,0,0,0,0,0,0,0,2.3410201476351e-18,2.3410201476351e-18,0,32,0.8,0,12,4.682764694795474e-18
960,4.7569631377526794e-23,0,0,0,0,0,0,0,0,0,0,1.5429819274298698e-19,1.5429819274298698e-19,0,33,0.8,0,12,3.086439551173515e-19
990,3.11950050885117e-24,0,0,0,0,0,0,0,0,0,0,1.01659748457705e-20,1.01659748457705e-20,0,34,0.8,0,12,2.033506919204985e-20
1020,2.04361167850075e-25,0,0,0,0,0,0,0,0,0,0,6.6946247046773795e-22,6.6946247046773795e-22,0,35,0.8,0,12,1.3391293021033259e-21
1050,1.33779883079743e-26,0,0,0,0,0,0,0,0,0,0,4.40625669517696e-23,4.40625669517696e-23,0,36,0.8,0,12,8.813851189184718e-23
1080,8.75300251568962e-28,0,0,0,0,0,0,0,0,0,0,2.89849147171862e-24,2.89849147171862e-24,0,37,0.8,0,12,5.797858243688809e-24
1110,5.72493726119163e-29,0,0,0,0,0,0,0,0,0,0,1.9056176212503499e-25,1.9056176212503499e-25,0,38,0.8,0,12,3.811807736226819e-25
1140,3.74359300681774e-30,0,0,0,0,0,0,0,0,0,0,1.25219203178342e-26,1.25219203178342e-26,0,39,0.8,0,12,2.5047584228675218e-26
1170,2.44767647185162e-31,0,0,0,0,0,0,0,0,0,0,8.22416984258617e-28,8.22416984258617e-28,0,40,0.8,0,12,1.645078736164419e-27
1200,1.60029241682573e-32,0,0,0,0,0,0,0,0,0,0,5.39903783614177e-29,5.39903783614177e-29,0,41,0.8,0,12,1.0799675964700365e-28
1230,1.0462812815716499e-33,0,0,0,0,0,0,0,0,0,0,3.5429282327888394e-30,3.5429282327888394e-30,0,42,0.8,0,12,7.08690274685925e-30
1260,6.840979869899709e-35,0,0,0,0,0,0,0,0,0,0,2.3240681638471896e-31,2.3240681638471896e-31,0,43,0.8,0,12,4.648820425681369e-31
1290,4.4732224277165195e-36,0,0,0,0,0,0,0,0,0,0,1.52403293544957e-32,1.52403293544957e-32,0,44,0.8,0,12,3.048513193141912e-32
1320,2.92524580548609e-37,0,0,0,0,0,0,0,0,0,0,9.99117213685202e-34,9.99117213685202e-34,0,45,0.8,0,12,1.9985269519509526e-33
1350,1.91314572850659e-38,0,0,0,0,0,0,0,0,0,0,6.54834555100505e-35,6.54834555100505e-35,0,46,0.8,0,12,1.3098604247738607e-34
1380,1.25135123642146e-39,0,0,0,0,0,0,0,0,0,0,4.2909645189935094e-36,4.2909645189935094e-36,0,47,0.8,0,12,8.58318038922344e-36
1410,8.18569849446598e-41,0,0,0,0,0,0,0,0,0,0,2.81125446691089e-37,2.81125446691089e-37,0,48,0.8,0,12,5.623327503671226e-37
1440,5.3552056410176396e-42,0,0,0,0,0,0,0,0,0,0,1.84153328557802e-38,1.84153328557802e-38,0,49,0.8,0,12,3.683602091720142e-38
1470,3.5037902566874996e-43,0,0,0,0,0,0,0,0,0,0,1.20615756174507e-39,1.20615756174507e-39,0,50,0.8,0,12,2.412665502515809e-39
1500,2.29265473152298e-44,0,0,0,0,0,0,0,0,0,0,7.89919998811901e-41,7.89919998811901e-41,0,51,0.8,0,12,1.5800692630969543e-40
1530,1.50028771178955e-45,0,0,0,0,0,0,0,0,0,0,5.1727924706867095e-42,5.1727924706867095e-42,0,52,0.8,0,12,1.0347085229085209e-41
1560,9.81843745921815e-47,0,0,0,0,0,0,0,0,0,0,3.3871701582654692e-43,3.3871701582654692e-43,0,53,0.8,0,12,6.77532216027686e-43
1590,6.425970364222389e-48,0,0,0,0,0,0,0,0,0,0,2.2178137539370098e-44,2.2178137539370098e-44,0,54,0.8,0,12,4.436270104910442e-44
1620,4.2059127084326394e-49,0,0,0,0,0,0,0,0,0,0,1.45209280623967e-45,1.45209280623967e-45,0,55,0.8,0,12,2.904606203750183e-45
1650,2.7529849596808697e-50,0,0,0,0,0,0,0,0,0,0,9.50712553244631e-47,9.50712553244631e-47,0,56,0.8,0,12,1.90170040498523e-46
1680,1.80204875134402e-51,0,0,0,0,0,0,0,0,0,0,6.22433861597467e-48,6.22433861597467e-48,0,57,0.8,0,12,1.2450479280700685e-47
1710,1.1796295821332201e-52,0,0,0,0,0,0,0,0,0,0,4.07501542889702e-49,4.07501542889702e-49,0,58,0.8,0,12,8.151210487376172e-49
1740,7.72215936586474e-54,0,0,0,0,0,0,0,0,0,0,2.66783982057484e-50,2.66783982057484e-50,0,59,0.8,0,12,5.336451857086266e-50
1770,5.05526204151675e-55,0,0,0,0,0,0,0,0,0,0,1.74657243399491e-51,1.74657243399491e-51,0,60,0.8,0,12,3.493650394193972e-51
1800,3.3094701154481397e-56,0,0,0,0,0,0,0,0,0,0,1.1434345747809701e-52,1.1434345747809701e-52,0,61,0.8,0,12,2.287200096573485e-52
1830,2.16661350331473e-57,0,0,0,0,0,0,0,0,0,0,7.485745886291039e-54,7.485745886291039e-54,0,62,0.8,0,12,1.4973658386085393e-53
1860,1.4184405958467e-58,0,0,0,0,0,0,0,0,0,0,4.90070742478545e-55,4.90070742478545e-55,0,63,0.8,0,12,9.802833290166746e-55
1890,9.286377288359269e-60,0,0,0,0,0,0,0,0,0,0,3.20835982149546e-56,3.20835982149546e-56,0,64,0.8,0,12,6.417648280719756e-56
1920,6.0797523359985105e-61,0,0,0,0,0,0,0,0,0,0,2.1004310772500997e-57,2.1004310772500997e-57,0,65,0.8,0,12,4.2014701297337994e-57
1950,3.98042035499707e-62,0,0,0,0,0,0,0,0,0,0,1.37510290085719e-58,1.37510290085719e-58,0,66,0.8,0,12,2.75060384374988e-58
1980,2.60600183657589e-63,0,0,0,0,0,0,0,0,0,0,9.00250893718318e-60,9.00250893718318e-60,0,67,0.8,0,12,1.8007623876202936e-59
0,250,0,0,0,0,0,0,0,0,0,0,0,0,0,1,0.8,0,13,250
30,250.000322400697,0,0,0,0,0,0,0,0,0,0,0,0,0,2,0.8,0,13,250.000322400697
60,250.000090984018,0,0,0,0,0,0,0,0,0,0,0,0,0,3,0.8,0,13,250.000090984018
90,250.000018876751,0,0,0,0,0,0,0,0,0,0,0,0,0,4,0.8,0,13,250.000018876751
120,217.407204849243,0,0,0,0,0,0,0,0,0,0,38.2778227378248,38.2778227378248,0,5,0.8,0,13,293.9628503248926
150,142.117020808891,0,0,0,0,0,0,0,0,0,0,67.8219258125729,67.8219258125729,0,6,0.8,0,13,277.7608724340368
180,89.5686524790187,0,0,0,0,0,0,0,0,0,0,77.4488699285816,77.4488699285816,0,7,0.8,0,13,244.4663923361819
210,53.4792581393121,0,0,0,0,0,0,0,0,0,0,77.3348969668697,77.3348969668697,0,8,0.8,0,13,208.1490520730515
240,29.077651955105,0,0,0,0,0,0,0,0,0,0,71.2299971249054,71.2299971249054,0,9,0.8,0,13,171.5376462049158
270,13.7744883786507,0,0,0,0,0,0,0,0,0,0,61.4861275814769,61.4861275814769,0,10,0.8,0,13,136.7467435416045
300,5.3846105925293,0,0,0,0,0,0,0,0,0,0,50.7191395737128,50.7191395737128,0,11,0.8,0,13,106.8228897399549
330,1.62168486102811,0,0,0,0,0,0,0,0,0,0,41.5672605982158,41.5672605982158,0,12,0.8,0,13,84.75620605745972
360,0.348178620724324,0,0,0,0,0,0,0,0,0,0,35.728662117345,35.728662117345,0,13,0.8,0,13,71.80550285541433
390,0.0510564652515498,0,0,0,0,0,0,0,0,0,0,33.1356080603893,33.1356080603893,0,14,0.8,0,13,66.32227258603015
420,0.00543539248905389,0,0,0,0,0,0,0,0,0,0,32.3917293151808,32.3917293151808,0,15,0.8,0,13,64.78889402285064
450,4.7519905650852e-4,0,0,0,0,0,0,0,0,0,0,32.2531962850291,32.2531962850291,0,16,0.8,0,13,64.5068677691147
480,3.72858423698038e-5,0,0,0,0,0,0,0,0,0,0,32.2346266950756,32.2346266950756,0,17,0.8,0,13,64.46929067599356
510,3.16182456769597e-6,0,0,0,0,0,0,0,0,0,0,1.90369285311326,1.90369285311326,0,18,0.8,0,13,3.8073888680510874
540,3.99055386871757e-7,0,0,0,0,0,0,0,0,0,0,0.112466551287752,0.112466551287752,0,19,0.8,0,13,0.22493350163089088
570,4.26015585804769e-8,0,0,0,0,0,0,0,0,0,0,0.00665010488427749,0.00665010488427749,0,20,0.8,0,13,0.013300252370113562
600,3.6977069739092105e-9,0,0,0,0,0,0,0,0,0,0,3.9365503159554e-4,3.9365503159554e-4,0,21,0.8,0,13,7.87313760898054e-4
630,2.88476666085599e-10,0,0,0,0,0,0,0,0,0,0,2.33286712098305e-5,2.33286712098305e-5,0,22,0.8,0,13,4.665763089632709e-5
660,2.1184374241201297e-11,0,0,0,0,0,0,0,0,0,0,1.38403141386512e-6,1.38403141386512e-6,0,23,0.8,0,13,2.7680840121044813e-6
690,1.4965939098217998e-12,0,0,0,0,0,0,0,0,0,0,8.22011166780056e-8,8.22011166780056e-8,0,24,0.8,0,13,1.6440372994992102e-7
720,1.02923712459246e-13,0,0,0,0,0,0,0,0,0,0,4.88740418018813e-9,4.88740418018813e-9,0,25,0.8,0,13,9.774911284088719e-9
750,6.9398789070753405e-15,0,0,0,0,0,0,0,0,0,0,2.90897072354056e-10,2.90897072354056e-10,0,26,0.8,0,13,5.818010845870191e-10
780,4.60924319966213e-16,0,0,0,0,0,0,0,0,0,0,1.7332120563848397e-11,1.7332120563848397e-11,0,27,0.8,0,13,3.466470205201676e-11
810,3.02505580623356e-17,0,0,0,0,0,0,0,0,0,0,1.03372497759317e-12,1.03372497759317e-12,0,28,0.8,0,13,2.0674802057444023e-12
840,1.96632537732882e-18,0,0,0,0,0,0,0,0,0,0,6.17146219887869e-14,6.17146219887869e-14,0,29,0.8,0,13,1.2343121030295112e-13
870,1.2680339339920199e-19,0,0,0,0,0,0,0,0,0,0,3.6879827486512505e-15,3.6879827486512505e-15,0,30,0.8,0,13,7.3760923006959e-15
900,8.12306463900309e-21,0,0,0,0,0,0,0,0,0,0,2.20594519619652e-16,2.20594519619652e-16,0,31,0.8,0,13,4.41197162303943e-16
930,5.17438687304179e-22,0,0,0,0,0,0,0,0,0,0,1.32066379129019e-17,1.32066379129019e-17,0,32,0.8,0,13,2.6413793264491105e-17
960,3.2801561664652597e-23,0,0,0,0,0,0,0,0,0,0,7.913483892370659e-19,7.913483892370659e-19,0,33,0.8,0,13,1.5827295800357965e-18
990,2.07065028853915e-24,0,0,0,0,0,0,0,0,0,0,4.7457719165889294e-20,4.7457719165889294e-20,0,34,0.8,0,13,9.491750898206713e-20
1020,1.3023417245364898e-25,0,0,0,0,0,0,0,0,0,0,2.84836196631125e-21,2.84836196631125e-21,0,35,0.8,0,13,5.6968541667949536e-21
1050,8.16468331795328e-27,0,0,0,0,0,0,0,0,0,0,1.71087372180171e-22,1.71087372180171e-22,0,36,0.8,0,13,3.4218290904365993e-22
1080,5.1039857519098895e-28,0,0,0,0,0,0,0,0,0,0,1.0283959696041399e-23,1.0283959696041399e-23,0,37,0.8,0,13,2.0568429790657988e-23
1110,3.18251434317943e-29,0,0,0,0,0,0,0,0,0,0,6.185966292074359e-25,6.185966292074359e-25,0,38,0.8,0,13,1.2372250835583037e-24
1140,1.9798737038836197e-30,0,0,0,0,0,0,0,0,0,0,3.7234428667999296e-26,3.7234428667999296e-26,0,39,0.8,0,13,7.447083720970247e-26
1170,1.22916490736937e-31,0,0,0,0,0,0,0,0,0,0,2.24262732758424e-27,2.24262732758424e-27,0,40,0.8,0,13,4.485377571659217e-27
1200,7.61683418459033e-33,0,0,0,0,0,0,0,0,0,0,1.35154431133515e-28,1.35154431133515e-28,0,41,0.8,0,13,2.703164791012146e-28
1230,4.71200450802783e-34,0,0,0,0,0,0,0,0,0,0,8.149856583077709e-30,8.149856583077709e-30,0,42,0.8,0,13,1.6300184366606222e-29
1260,2.9105141481653297e-35,0,0,0,0,0,0,0,0,0,0,4.91702221336633e-31,4.91702221336633e-31,0,43,0.8,0,13,9.834335478147476e-31
1290,1.79524932566105e-36,0,0,0,0,0,0,0,0,0,0,2.96806403212844e-32,2.96806403212844e-32,0,44,0.8,0,13,5.936307589189446e-32
1320,1.10591690667371e-37,0,0,0,0,0,0,0,0,0,0,1.79246214858951e-33,1.79246214858951e-33,0,45,0.8,0,13,3.5850348888696876e-33
1350,6.80469838756475e-39,0,0,0,0,0,0,0,0,0,0,1.08297766035725e-34,1.08297766035725e-34,0,46,0.8,0,13,2.1660233676983757e-34
1380,4.1823951319563e-40,0,0,0,0,0,0,0,0,0,0,6.54589985385333e-36,6.54589985385333e-36,0,47,0.8,0,13,1.3092217947219856e-35
1410,2.56807664225503e-41,0,0,0,0,0,0,0,0,0,0,3.95810760591982e-37,3.95810760591982e-37,0,48,0.8,0,13,7.916472019503866e-37
1440,1.57540033874485e-42,0,0,0,0,0,0,0,0,0,0,2.39421259699061e-38,2.39421259699061e-38,0,49,0.8,0,13,4.788582734015095e-38
1470,9.656150490687e-44,0,0,0,0,0,0,0,0,0,0,1.4487173759737e-39,1.4487173759737e-39,0,50,0.8,0,13,2.897531313452307e-39
1500,5.913907924463789e-45,0,0,0,0,0,0,0,0,0,0,8.76879504616625e-41,8.76879504616625e-41,0,51,0.8,0,13,1.7538181483124946e-40
1530,3.61932323050939e-46,0,0,0,0,0,0,0,0,0,0,5.3091059866119e-42,5.3091059866119e-42,0,52,0.8,0,13,1.061857390554685e-41
1560,2.21352847926023e-47,0,0,0,0,0,0,0,0,0,0,3.2152778729516292e-43,3.2152778729516292e-43,0,53,0.8,0,13,6.4307770987511846e-43
1590,1.35290874124885e-48,0,0,0,0,0,0,0,0,0,0,1.94770043535484e-44,1.94770043535484e-44,0,54,0.8,0,13,3.8955361615838045e-44
1620,8.2641182124256e-50,0,0,0,0,0,0,0,0,0,0,1.1801133070100999e-45,1.1801133070100999e-45,0,55,0.8,0,13,2.360309255202324e-45
1650,5.04529547520053e-51,0,0,0,0,0,0,0,0,0,0,7.151793659730021e-47,7.151793659730021e-47,0,56,0.8,0,13,1.4304091849007562e-46
1680,3.07861092921758e-52,0,0,0,0,0,0,0,0,0,0,4.33499143188834e-48,4.33499143188834e-48,0,57,0.8,0,13,8.670290724869601e-48
1710,1.8776555518424201e-53,0,0,0,0,0,0,0,0,0,0,2.6280657489458297e-49,2.6280657489458297e-49,0,58,0.8,0,13,5.256319263446844e-49
1740,1.1446787918145799e-54,0,0,0,0,0,0,0,0,0,0,1.59349999383231e-50,1.59349999383231e-50,0,59,0.8,0,13,3.1871144555438014e-50
1770,6.97542371404038e-56,0,0,0,0,0,0,0,0,0,0,9.6633857553567e-52,9.6633857553567e-52,0,60,0.8,0,13,1.9327469053084804e-51
1800,4.24901756130992e-57,0,0,0,0,0,0,0,0,0,0,5.86086782878635e-53,5.86086782878635e-53,0,61,0.8,0,13,1.1722160559328831e-52
1830,2.58730913634017e-58,0,0,0,0,0,0,0,0,0,0,3.5550378559351697e-54,3.5550378559351697e-54,0,62,0.8,0,13,7.110334442783973e-54
1860,1.57492581816671e-59,0,0,0,0,0,0,0,0,0,0,2.15660654619097e-55,2.15660654619097e-55,0,63,0.8,0,13,4.313370584963757e-55
1890,9.583701702329191e-61,0,0,0,0,0,0,0,0,0,0,1.30838947238976e-56,1.30838947238976e-56,0,64,0.8,0,13,2.6168747817965434e-56
1920,5.830108751589839e-62,0,0,0,0,0,0,0,0,0,0,7.93849131016435e-58,7.93849131016435e-58,0,65,0.8,0,13,1.587756563120386e-57
1950,3.5456706918254103e-63,0,0,0,0,0,0,0,0,0,0,4.81691977028277e-59,4.81691977028277e-59,0,66,0.8,0,13,9.634194107634723e-59
1980,2.15578855302193e-64,0,0,0,0,0,0,0,0,0,0,2.92299017542553e-60,2.92299017542553e-60,0,67,0.8,0,13,5.846195929706362e-60
0,250,0,0,0,0,0,0,0,0,0,0,0,0,0,1,0.8,0,14,250
30,250.000322400697,0,0,0,0,0,0,0,0,0,0,0,0,0,2,0.8,0,14,250.000322400697
60,250.000090984018,0,0,0,0,0,0,0,0,0,0,0,0,0,3,0.8,0,14,250.000090984018
90,250.000018876751,0,0,0,0,0,0,0,0,0,0,0,0,0,4,0.8,0,14,250.000018876751
120,217.407204849243,0,0,0,0,0,0,0,0,0,0,38.2778227378248,38.2778227378248,0,5,0.8,0,14,293.9628503248926
150,142.117020808891,0,0,0,0,0,0,0,0,0,0,67.8219258125729,67.8219258125729,0,6,0.8,0,14,277.7608724340368
180,89.5686524790187,0,0,0,0,0,0,0,0,0,0,77.4488699285816,77.4488699285816,0,7,0.8,0,14,244.4663923361819
210,53.4792581393121,0,0,0,0,0,0,0,0,0,0,77.3348969668697,77.3348969668697,0,8,0.8,0,14,208.1490520730515
240,29.077651955105,0,0,0,0,0,0,0,0,0,0,71.2299971249054,71.2299971249054,0,9,0.8,0,14,171.5376462049158
270,13.7744883786507,0,0,0,0,0,0,0,0,0,0,61.4861275814769,61.4861275814769,0,10,0.8,0,14,136.7467435416045
300,5.3846105925293,0,0,0,0,0,0,0,0,0,0,50.7191395737128,50.7191395737128,0,11,0.8,0,14,106.8228897399549
330,1.62168486102811,0,0,0,0,0,0,0,0,0,0,41.5672605982158,41.5672605982158,0,12,0.8,0,14,84.75620605745972
360,0.348178620724324,0,0,0,0,0,0,0,0,0,0,35.728662117345,35.728662117345,0,13,0.8,0,14,71.80550285541433
390,0.0510564652515498,0,0,0,0,0,0,0,0,0,0,33.1356080603893,33.1356080603893,0,14,0.8,0,14,66.32227258603015
420,0.00543539248905389,0,0,0,0,0,0,0,0,0,0,32.3917293151808,32.3917293151808,0,15,0.8,0,14,64.78889402285064
450,4.7519905650852e-4,0,0,0,0,0,0,0,0,0,0,32.2531962850291,32.2531962850291,0,16,0.8,0,14,64.5068677691147
480,3.72858423698038e-5,0,0,0,0,0,0,0,0,0,0,32.2346266950756,32.2346266950756,0,17,0.8,0,14,64.46929067599356
510,2.74739407073162e-6,0,0,0,0,0,0,0,0,0,0,32.2326114002624,32.2326114002624,0,18,0.8,0,14,64.46522554791888
540,2.18939059288428e-7,0,0,0,0,0,0,0,0,0,0,1.90344196064059,1.90344196064059,0,19,0.8,0,14,3.806884140220239
570,2.54673897775308e-8,0,0,0,0,0,0,0,0,0,0,0.112407177441602,0.112407177441602,0,20,0.8,0,14,0.22481438035059378
600,2.6275218990873e-9,0,0,0,0,0,0,0,0,0,0,0.00663852703556242,0.00663852703556242,0,21,0.8,0,14,0.01327705669864674
630,2.24871878901344e-10,0,0,0,0,0,0,0,0,0,0,3.9208312038658e-4,3.9208312038658e-4,0,22,0.8,0,14,7.841664656450389e-4
660,1.7409507034996798e-11,0,0,0,0,0,0,0,0,0,0,2.31586703763629e-5,2.31586703763629e-5,0,23,0.8,0,14,4.6317358162232833e-5
690,1.2720559842730998e-12,0,0,0,0,0,0,0,0,0,0,1.36797478387394e-6,1.36797478387394e-6,0,24,0.8,0,14,2.735950839803864e-6
720,8.9528295553395e-14,0,0,0,0,0,0,0,0,0,0,8.08111949705113e-8,8.08111949705113e-8,0,25,0.8,0,14,1.6162247946931817e-7
750,6.13799570097641e-15,0,0,0,0,0,0,0,0,0,0,4.7741263078732804e-9,4.7741263078732804e-9,0,26,0.8,0,14,9.548258753742262e-9
780,4.12736592259749e-16,0,0,0,0,0,0,0,0,0,0,2.8206239499199e-10,2.8206239499199e-10,0,27,0.8,0,14,5.641252027205723e-10
810,2.73426259732614e-17,0,0,0,0,0,0,0,0,0,0,1.666576854888e-11,1.666576854888e-11,0,28,0.8,0,14,3.3331564440385977e-11
840,1.7900583149062197e-18,0,0,0,0,0,0,0,0,0,0,9.847689239119429e-13,9.847689239119429e-13,0,29,0.8,0,14,1.9695396378822006e-12
870,1.16069083156898e-19,0,0,0,0,0,0,0,0,0,0,5.81931828338558e-14,5.81931828338558e-14,0,30,0.8,0,14,1.1638648173679477e-13
900,7.46627221408338e-21,0,0,0,0,0,0,0,0,0,0,3.4390510634545102e-15,3.4390510634545102e-15,0,31,0.8,0,14,6.878109593181235e-15
930,4.77062455391044e-22,0,0,0,0,0,0,0,0,0,0,2.03251528284601e-16,2.03251528284601e-16,0,32,0.8,0,14,4.065035336316574e-16
960,3.03080044893291e-23,0,0,0,0,0,0,0,0,0,0,1.2013170431617101e-17,1.2013170431617101e-17,0,33,0.8,0,14,2.402637117123869e-17
990,1.91597374026822e-24,0,0,0,0,0,0,0,0,0,0,7.10084473282857e-19,7.10084473282857e-19,0,34,0.8,0,14,1.4201708625394543e-18
1020,1.2059974653851298e-25,0,0,0,0,0,0,0,0,0,0,4.1975017447566297e-20,4.1975017447566297e-20,0,35,0.8,0,14,8.395015549487913e-20
1050,7.56228534063356e-27,0,0,0,0,0,0,0,0,0,0,2.48141939347424e-21,2.48141939347424e-21,0,36,0.8,0,14,4.9628463492338206e-21
1080,4.726030900488e-28,0,0,0,0,0,0,0,0,0,0,1.46702596118058e-22,1.46702596118058e-22,0,37,0.8,0,14,2.9340566483920605e-22
1110,2.94465137768288e-29,0,0,0,0,0,0,0,0,0,0,8.67368578501581e-24,8.67368578501581e-24,0,38,0.8,0,14,1.7347401016545398e-23
1140,1.82977686591817e-30,0,0,0,0,0,0,0,0,0,0,5.12858719165492e-25,5.12858719165492e-25,0,39,0.8,0,14,1.0257192681078498e-24
1170,1.1342351315570998e-31,0,0,0,0,0,0,0,0,0,0,3.03263318676976e-26,3.03263318676976e-26,0,40,0.8,0,14,6.065277715890835e-26
1200,7.0153094951469e-33,0,0,0,0,0,0,0,0,0,0,1.79337045165732e-27,1.79337045165732e-27,0,41,0.8,0,14,3.586747918624135e-27
1230,4.33026482326135e-34,0,0,0,0,0,0,0,0,0,0,1.06059121163812e-28,1.06059121163812e-28,0,42,0.8,0,14,2.1211867535410634e-28
1260,2.6679659896704796e-35,0,0,0,0,0,0,0,0,0,0,6.27268996674459e-30,6.27268996674459e-30,0,43,0.8,0,14,1.2545406613149076e-29
1290,1.6410039771033398e-36,0,0,0,0,0,0,0,0,0,0,3.7101143744354497e-31,3.7101143744354497e-31,0,44,0.8,0,14,7.42024515891067e-31
1320,1.00776708619804e-37,0,0,0,0,0,0,0,0,0,0,2.19456444632176e-32,2.19456444632176e-32,0,45,0.8,0,14,4.3891389703143824e-32
1350,6.17992347807028e-39,0,0,0,0,0,0,0,0,0,0,1.2981857266325e-33,1.2981857266325e-33,0,46,0.8,0,14,2.5963776331884783e-33
1380,3.78463559831616e-40,0,0,0,0,0,0,0,0,0,0,7.679848471018969e-35,7.679848471018969e-35,0,47,0.8,0,14,1.5359734788393922e-34
1410,2.31485594606474e-41,0,0,0,0,0,0,0,0,0,0,4.54355385175981e-36,4.54355385175981e-36,0,48,0.8,0,14,9.08713085207908e-36
1440,1.41422838756353e-42,0,0,0,0,0,0,0,0,0,0,2.68822607154731e-37,2.68822607154731e-37,0,49,0.8,0,14,5.376466285378496e-37
1470,8.630659314279419e-44,0,0,0,0,0,0,0,0,0,0,1.59060684547503e-38,1.59060684547503e-38,0,50,0.8,0,14,3.1812223216093744e-38
1500,5.2617143023517994e-45,0,0,0,0,0,0,0,0,0,0,9.41210407466878e-40,9.41210407466878e-40,0,51,0.8,0,14,1.882426076648058e-39
1530,3.2047686914305996e-46,0,0,0,0,0,0,0,0,0,0,5.56977012640954e-41,5.56977012640954e-41,0,52,0.8,0,14,1.1139572300505993e-40
1560,1.95019075667226e-47,0,0,0,0,0,0,0,0,0,0,3.29620609387723e-42,3.29620609387723e-42,0,53,0.8,0,14,6.592431689662027e-42
1590,1.18574464405771e-48,0,0,0,0,0,0,0,0,0,0,1.9508228563565095e-43,1.9508228563565095e-43,0,54,0.8,0,14,3.90165757015946e-43
1620,7.20376788802767e-50,0,0,0,0,0,0,0,0,0,0,1.15464254326949e-44,1.15464254326949e-44,0,55,0.8,0,14,2.309292290306868e-44
1650,4.37322478310545e-51,0,0,0,0,0,0,0,0,0,0,6.83444678555783e-46,6.83444678555783e-46,0,56,0.8,0,14,1.3668937303363491e-45
1680,2.6529863187251202e-52,0,0,0,0,0,0,0,0,0,0,4.0456202460671904e-47,4.0456202460671904e-47,0,57,0.8,0,14,8.091267021997568e-47
1710,1.60833142778768e-53,0,0,0,0,0,0,0,0,0,0,2.39492898708428e-48,2.39492898708428e-48,0,58,0.8,0,14,4.789874057482838e-48
1740,9.744025193121219e-55,0,0,0,0,0,0,0,0,0,0,1.4178353007470999e-49,1.4178353007470999e-49,0,59,0.8,0,14,2.835680345519393e-49
1770,5.89980202606413e-56,0,0,0,0,0,0,0,0,0,0,8.39429802394191e-51,8.39429802394191e-51,0,60,0.8,0,14,1.678865504590408e-50
1800,3.57014249698499e-57,0,0,0,0,0,0,0,0,0,0,4.9701359775003104e-52,4.9701359775003104e-52,0,61,0.8,0,14,9.94030765642559e-52
1830,2.15920913996407e-58,0,0,0,0,0,0,0,0,0,0,2.94291200104972e-53,2.94291200104972e-53,0,62,0.8,0,14,5.88584559419084e-53
1860,1.3051970097287e-59,0,0,0,0,0,0,0,0,0,0,1.74265424243415e-54,1.74265424243415e-54,0,63,0.8,0,14,3.485321536838397e-54
1890,7.885696105520741e-61,0,0,0,0,0,0,0,0,0,0,1.03197684237233e-55,1.03197684237233e-55,0,64,0.8,0,14,2.0639615704407654e-55
1920,4.7620760975485494e-62,0,0,0,0,0,0,0,0,0,0,6.11157675843825e-57,6.11157675843825e-57,0,65,0.8,0,14,1.2223201137637475e-56
1950,2.87444532096029e-63,0,0,0,0,0,0,0,0,0,0,3.61960354582939e-58,3.61960354582939e-58,0,66,0.8,0,14,7.23923583611199e-58
1980,1.73429001518721e-64,0,0,0,0,0,0,0,0,0,0,2.14384297755638e-59,2.14384297755638e-59,0,67,0.8,0,14,4.287703298012912e-59
0,250,0,0,0,0,0,0,0,0,0,0,0,0,0,1,0.8,0,15,250
30,250.000322400697,0,0,0,0,0,0,0,0,0,0,0,0,0,2,0.8,0,15,250.000322400697
60,250.000090984018,0,0,0,0,0,0,0,0,0,0,0,0,0,3,0.8,0,15,250.000090984018
90,250.000018876751,0,0,0,0,0,0,0,0,0,0,0,0,0,4,0.8,0,15,250.000018876751
120,217.407204849243,0,0,0,0,0,0,0,0,0,0,38.2778227378248,38.2778227378248,0,5,0.8,0,15,293.9628503248926
150,142.117020808891,0,0,0,0,0,0,0,0,0,0,67.8219258125729,67.8219258125729,0,6,0.8,0,15,277.7608724340368
180,89.5686524790187,0,0,0,0,0,0,0,0,0,0,77.4488699285816,77.4488699285816,0,7,0.8,0,15,244.4663923361819
210,53.4792581393121,0,0,0,0,0,0,0,0,0,0,77.3348969668697,77.3348969668697,0,8,0.8,0,15,208.1490520730515
240,29.077651955105,0,0,0,0,0,0,0,0,0,0,71.2299971249054,71.2299971249054,0,9,0.8,0,15,171.5376462049158
270,13.7744883786507,0,0,0,0,0,0,0,0,0,0,61.4861275814769,61.4861275814769,0,10,0.8,0,15,136.7467435416045
300,5.3846105925293,0,0,0,0,0,0,0,0,0,0,50.7191395737128,50.7191395737128,0,11,0.8,0,15,106.8228897399549
330,1.62168486102811,0,0,0,0,0,0,0,0,0,0,41.5672605982158,41.5672605982158,0,12,0.8,0,15,84.75620605745972
360,0.348178620724324,0,0,0,0,0,0,0,0,0,0,35.728662117345,35.728662117345,0,13,0.8,0,15,71.80550285541433
390,0.0510564652515498,0,0,0,0,0,0,0,0,0,0,33.1356080603893,33.1356080603893,0,14,0.8,0,15,66.32227258603015
420,0.00543539248905389,0,0,0,0,0,0,0,0,0,0,32.3917293151808,32.3917293151808,0,15,0.8,0,15,64.78889402285064
450,4.7519905650852e-4,0,0,0,0,0,0,0,0,0,0,32.2531962850291,32.2531962850291,0,16,0.8,0,15,64.5068677691147
480,3.72858423698038e-5,0,0,0,0,0,0,0,0,0,0,32.2346266950756,32.2346266950756,0,17,0.8,0,15,64.46929067599356
510,2.74739407073162e-6,0,0,0,0,0,0,0,0,0,0,32.2326114002624,32.2326114002624,0,18,0.8,0,15,64.46522554791888
540,1.94463534026919e-7,0,0,0,0,0,0,0,0,0,0,32.2324199178151,32.2324199178151,0,19,0.8,0,15,64.46484003009374
570,1.48318307741741e-8,0,0,0,0,0,0,0,0,0,0,1.90342096931126,1.90342096931126,0,20,0.8,0,15,3.806841953454351
600,1.61628789473475e-9,0,0,0,0,0,0,0,0,0,0,0.112402887231647,0.112402887231647,0,21,0.8,0,15,0.22480577607958188
630,1.61795839186991e-10,0,0,0,0,0,0,0,0,0,0,0.00663775948299093,0.00663775948299093,0,22,0.8,0,15,0.0132755191277777
660,1.3670664149541498e-11,0,0,0,0,0,0,0,0,0,0,3.9198302653166e-4,3.9198302653166e-4,0,23,0.8,0,15,7.839660667339841e-4
690,1.0511492533108998e-12,0,0,0,0,0,0,0,0,0,0,2.31480669273551e-5,2.31480669273551e-5,0,24,0.8,0,15,4.629613490585945e-5
720,7.64767674994027e-14,0,0,0,0,0,0,0,0,0,0,1.36698551034127e-6,1.36698551034127e-6,0,25,0.8,0,15,2.7339710971593075e-6
750,5.3667543266655606e-15,0,0,0,0,0,0,0,0,0,0,8.07262552426535e-8,8.07262552426535e-8,0,26,0.8,0,15,1.6145251585206133e-7
780,3.6715230017792e-16,0,0,0,0,0,0,0,0,0,0,4.76724438484368e-9,4.76724438484368e-9,0,27,0.8,0,15,9.534489136839661e-9
810,2.46476748408511e-17,0,0,0,0,0,0,0,0,0,0,2.81528092963532e-10,2.81528092963532e-10,0,28,0.8,0,15,5.630562105747388e-10
840,1.63068637576455e-18,0,0,0,0,0,0,0,0,0,0,1.66256171094921e-11,1.66256171094921e-11,0,29,0.8,0,15,3.325123584967058e-11
870,1.06641237963195e-19,0,0,0,0,0,0,0,0,0,0,9.81828249337362e-13,9.81828249337362e-13,0,30,0.8,0,15,1.963656605315962e-12
900,6.90835880725396e-21,0,0,0,0,0,0,0,0,0,0,5.79822395290297e-14,5.79822395290297e-14,0,31,0.8,0,15,1.159644859664182e-13
930,4.4403395773927e-22,0,0,0,0,0,0,0,0,0,0,3.4241766445266e-15,3.4241766445266e-15,0,32,0.8,0,15,6.848353733087158e-15
960,2.83518997595376e-23,0,0,0,0,0,0,0,0,0,0,2.0221764502972498e-16,2.0221764502972498e-16,0,33,0.8,0,15,4.0443531841134973e-16
990,1.80007201947047e-24,0,0,0,0,0,0,0,0,0,0,1.19421809814764e-17,1.19421809814764e-17,0,34,0.8,0,15,2.388436376302482e-17
1020,1.1372914154633798e-25,0,0,0,0,0,0,0,0,0,0,7.052611499004659e-19,7.052611499004659e-19,0,35,0.8,0,15,1.4105224135300734e-18
1050,7.15479273198835e-27,0,0,0,0,0,0,0,0,0,0,4.1650285743298596e-20,4.1650285743298596e-20,0,36,0.8,0,15,8.330057864138992e-20
1080,4.484219954289819e-28,0,0,0,0,0,0,0,0,0,0,2.4597316044497e-21,2.4597316044497e-21,0,37,0.8,0,15,4.919463657321395e-21
1110,2.80107768985199e-29,0,0,0,0,0,0,0,0,0,0,1.4526439136141e-22,1.4526439136141e-22,0,38,0.8,0,15,2.9052881073359687e-22
1140,1.7444811941836398e-30,0,0,0,0,0,0,0,0,0,0,8.57891426106988e-24,8.57891426106988e-24,0,39,0.8,0,15,1.7157830266620954e-23
1170,1.08353113165788e-31,0,0,0,0,0,0,0,0,0,0,5.06649008308704e-25,5.06649008308704e-25,0,40,0.8,0,15,1.013298124970521e-24
1200,6.713710684405309e-33,0,0,0,0,0,0,0,0,0,0,2.99215286244249e-26,2.99215286244249e-26,0,41,0.8,0,15,5.984306396256048e-26
1230,4.1507511728912996e-34,0,0,0,0,0,0,0,0,0,0,1.76710382540406e-27,1.76710382540406e-27,0,42,0.8,0,15,3.5342080658832375e-27
1260,2.56104740653179e-35,0,0,0,0,0,0,0,0,0,0,1.04361921568868e-28,1.04361921568868e-28,0,43,0.8,0,15,2.087238687482101e-28
1290,1.57727993930933e-36,0,0,0,0,0,0,0,0,0,0,6.1634485684922296e-30,6.1634485684922296e-30,0,44,0.8,0,15,1.2326898714264398e-29
1320,9.69760984317602e-38,0,0,0,0,0,0,0,0,0,0,3.6400487050373995e-31,3.6400487050373995e-31,0,45,0.8,0,15,7.2800983798357835e-31
1350,5.9530895938073e-39,0,0,0,0,0,0,0,0,0,0,2.1497716020631401e-32,2.1497716020631401e-32,0,46,0.8,0,15,4.29954379943524e-32
1380,3.64915699424968e-40,0,0,0,0,0,0,0,0,0,0,1.2696357914537299e-33,1.2696357914537299e-33,0,47,0.8,0,15,2.539271947823159e-33
1410,2.23388218729581e-41,0,0,0,0,0,0,0,0,0,0,7.49838438657006e-35,7.49838438657006e-35,0,48,0.8,0,15,1.4996771007022307e-34
1440,1.3657966219968799e-42,0,0,0,0,0,0,0,0,0,0,4.4285132648816695e-36,4.4285132648816695e-36,0,49,0.8,0,15,8.857027895559962e-36
1470,8.34077192369848e-44,0,0,0,0,0,0,0,0,0,0,2.61547098694933e-37,2.61547098694933e-37,0,50,0.8,0,15,5.2309428079758525e-37
1500,5.0880778199012496e-45,0,0,0,0,0,0,0,0,0,0,1.54469794957355e-38,1.54469794957355e-38,0,51,0.8,0,15,3.089396407954882e-38
1530,3.10068950381369e-46,0,0,0,0,0,0,0,0,0,0,9.123026557014829e-40,9.123026557014829e-40,0,52,0.8,0,15,1.8246056214719162e-39
1560,1.8877604104903101e-47,0,0,0,0,0,0,0,0,0,0,5.38810454067656e-41,5.38810454067656e-41,0,53,0.8,0,15,1.0776210969113531e-40
1590,1.1482703655582399e-48,0,0,0,0,0,0,0,0,0,0,3.1822536431362095e-42,3.1822536431362095e-42,0,54,0.8,0,15,6.364508434542785e-42
1620,6.97866950592995e-50,0,0,0,0,0,0,0,0,0,0,1.8794694701166195e-43,1.8794694701166195e-43,0,55,0.8,0,15,3.758939638100189e-43
1650,4.23792158736159e-51,0,0,0,0,0,0,0,0,0,0,1.1100370182519199e-44,1.1100370182519199e-44,0,56,0.8,0,15,2.2200744602959985e-44
1680,2.57160315559557e-52,0,0,0,0,0,0,0,0,0,0,6.5560363345131e-46,6.5560363345131e-46,0,57,0.8,0,15,1.3112075240629355e-45
1710,1.55934842360009e-53,0,0,0,0,0,0,0,0,0,0,3.8721033797315e-47,3.8721033797315e-47,0,58,0.8,0,15,7.744208318811424e-47
1740,9.449017429068759e-55,0,0,0,0,0,0,0,0,0,0,2.28693719304245e-48,2.28693719304245e-48,0,59,0.8,0,15,4.5738753309866425e-48
1770,5.7220187621462e-56,0,0,0,0,0,0,0,0,0,0,1.35071347474362e-49,1.35071347474362e-49,0,60,0.8,0,15,2.7014275216891162e-49
1800,3.46293889431707e-57,0,0,0,0,0,0,0,0,0,0,7.97763069188918e-51,7.97763069188918e-51,0,61,0.8,0,15,1.5955264846717253e-50
1830,2.09452762940147e-58,0,0,0,0,0,0,0,0,0,0,4.71179430214161e-52,4.71179430214161e-52,0,62,0.8,0,15,9.42359069881085e-52
1860,1.26614944359866e-59,0,0,0,0,0,0,0,0,0,0,2.78291804398766e-53,2.78291804398766e-53,0,63,0.8,0,15,5.565837354124763e-53
1890,7.649843191160471e-61,0,0,0,0,0,0,0,0,0,0,1.64367598178037e-54,1.64367598178037e-54,0,64,0.8,0,15,3.287352728545059e-54
1920,4.61954418284264e-62,0,0,0,0,0,0,0,0,0,0,9.708087880924049e-56,9.708087880924049e-56,0,65,0.8,0,15,1.9416180381392282e-55
1950,2.78826730517617e-63,0,0,0,0,0,0,0,0,0,0,5.73393659024914e-57,5.73393659024914e-57,0,66,0.8,0,15,1.1467875968765585e-56
1980,1.6821604505377e-64,0,0,0,0,0,0,0,0,0,0,3.38667692623021e-58,3.38667692623021e-58,0,67,0.8,0,15,6.773355534620871e-58
0,250,0,0,0,0,0,0,0,0,0,0,0,0,0,1,0.8,0,16,250
30,250.000322400697,0,0,0,0,0,0,0,0,0,0,0,0,0,2,0.8,0,16,250.000322400697
60,250.000090984018,0,0,0,0,0,0,0,0,0,0,0,0,0,3,0.8,0,16,250.000090984018
90,250.000018876751,0,0,0,0,0,0,0,0,0,0,0,0,0,4,0.8,0,16,250.000018876751
120,217.407204849243,0,0,0,0,0,0,0,0,0,0,38.2778227378248,38.2778227378248,0,5,0.8,0,16,293.9628503248926
150,142.117020808891,0,0,0,0,0,0,0,0,0,0,67.8219258125729,67.8219258125729,0,6,0.8,0,16,277.7608724340368
180,89.5686524790187,0,0,0,0,0,0,0,0,0,0,77.4488699285816,77.4488699285816,0,7,0.8,0,16,244.4663923361819
210,53.4792581393121,0,0,0,0,0,0,0,0,0,0,77.3348969668697,77.3348969668697,0,8,0.8,0,16,208.1490520730515
240,29.077651955105,0,0,0,0,0,0,0,0,0,0,71.2299971249054,71.2299971249054,0,9,0.8,0,16,171.5376462049158
270,13.7744883786507,0,0,0,0,0,0,0,0,0,0,61.4861275814769,61.4861275814769,0,10,0.8,0,16,136.7467435416045
300,5.3846105925293,0,0,0,0,0,0,0,0,0,0,50.7191395737128,50.7191395737128,0,11,0.8,0,16,106.8228897399549
330,1.62168486102811,0,0,0,0,0,0,0,0,0,0,41.5672605982158,41.5672605982158,0,12,0.8,0,16,84.75620605745972
360,0.348178620724324,0,0,0,0,0,0,0,0,0,0,35.728662117345,35.728662117345,0,13,0.8,0,16,71.80550285541433
390,0.0510564652515498,0,0,0,0,0,0,0,0,0,0,33.1356080603893,33.1356080603893,0,14,0.8,0,16,66.32227258603015
420,0.00543539248905389,0,0,0,0,0,0,0,0,0,0,32.3917293151808,32.3917293151808,0,15,0.8,0,16,64.78889402285064
450,4.7519905650852e-4,0,0,0,0,0,0,0,0,0,0,32.2531962850291,32.2531962850291,0,16,0.8,0,16,64.5068677691147
480,3.72858423698038e-5,0,0,0,0,0,0,0,0,0,0,32.2346266950756,32.2346266950756,0,17,0.8,0,16,64.46929067599356
510,2.74739407073162e-6,0,0,0,0,0,0,0,0,0,0,32.2326114002624,32.2326114002624,0,18,0.8,0,16,64.46522554791888
540,1.94463534026919e-7,0,0,0,0,0,0,0,0,0,0,32.2324199178151,32.2324199178151,0,19,0.8,0,16,64.46484003009374
570,1.33864672876194e-8,0,0,0,0,0,0,0,0,0,0,32.232403253223,32.232403253223,0,20,0.8,0,16,64.46480651983246
600,9.88230919748832e-10,0,0,0,0,0,0,0,0,0,0,1.90341930142058,1.90341930142058,0,21,0.8,0,16,3.806838603829391
630,1.02082200052186e-10,0,0,0,0,0,0,0,0,0,0,0.112402583833943,0.112402583833943,0,22,0.8,0,16,0.2248051677699682
660,9.94636583978277e-12,0,0,0,0,0,0,0,0,0,0,0.00663770898299575,0.00663770898299575,0,23,0.8,0,16,0.013275417975937866
690,8.304311279662179e-13,0,0,0,0,0,0,0,0,0,0,3.919766726125e-4,3.919766726125e-4,0,24,0.8,0,16,7.83953346055431e-4
720,6.34396745459924e-14,0,0,0,0,0,0,0,0,0,0,2.31474064563359e-5,2.31474064563359e-5,0,25,0.8,0,16,4.629481297611148e-5
750,4.596842130416651e-15,0,0,0,0,0,0,0,0,0,0,1.36692458505315e-6,1.36692458505315e-6,0,26,0.8,0,16,2.7338491747031422e-6
780,3.21684751058241e-16,0,0,0,0,0,0,0,0,0,0,8.07210630786847e-8,8.07210630786847e-8,0,27,0.8,0,16,1.6144212647905415e-7
810,2.19625314997113e-17,0,0,0,0,0,0,0,0,0,0,4.7668259202241306e-9,4.7668259202241306e-9,0,28,0.8,0,16,9.533651862410793e-9
840,1.47210939391025e-18,0,0,0,0,0,0,0,0,0,0,2.81495730883083e-10,2.81495730883083e-10,0,29,0.8,0,16,5.629914632382753e-10
870,9.72759645963574e-20,0,0,0,0,0,0,0,0,0,0,1.66231925179293e-11,1.66231925179293e-11,0,30,0.8,0,16,3.324638513313456e-11
900,6.35525163790574e-21,0,0,0,0,0,0,0,0,0,0,9.81651100059714e-13,9.81651100059714e-13,0,31,0.8,0,16,1.9633022064746795e-12
930,4.11367088385149e-22,0,0,0,0,0,0,0,0,0,0,5.79695570373585e-14,5.79695570373585e-14,0,32,0.8,0,16,1.1593911448608408e-13
960,2.64225275313192e-23,0,0,0,0,0,0,0,0,0,0,3.42328381846571e-15,3.42328381846571e-15,0,33,0.8,0,16,6.846567663353948e-15
990,1.68611641475003e-24,0,0,0,0,0,0,0,0,0,0,2.0215567328041002e-16,2.0215567328041002e-16,0,34,0.8,0,16,4.0431134824693646e-16
1020,1.0699833052707798e-25,0,0,0,0,0,0,0,0,0,0,1.1937930925355301e-17,1.1937930925355301e-17,0,35,0.8,0,16,2.387586195770893e-17
1050,6.75722418136396e-27,0,0,0,0,0,0,0,0,0,0,7.049726860294149e-19,7.049726860294149e-19,0,36,0.8,0,16,1.409945378816054e-18
1080,4.2493808345202e-28,0,0,0,0,0,0,0,0,0,0,4.1630882852866995e-20,4.1630882852866995e-20,0,37,0.8,0,16,8.326176613067207e-20
1110,2.66235626636302e-29,0,0,0,0,0,0,0,0,0,0,2.4584368236081402e-21,2.4584368236081402e-21,0,38,0.8,0,16,4.916873673839843e-21
1140,1.66253436112673e-30,0,0,0,0,0,0,0,0,0,0,1.45178593627352e-22,1.45178593627352e-22,0,39,0.8,0,16,2.903571889172383e-22
1170,1.0351208925297098e-31,0,0,0,0,0,0,0,0,0,0,8.57326442418849e-24,8.57326442418849e-24,0,40,0.8,0,16,1.714652895188907e-23
1200,6.427714943606909e-33,0,0,0,0,0,0,0,0,0,0,5.062790469149149e-25,5.062790469149149e-25,0,41,0.8,0,16,1.0125581002575448e-24
1230,3.9817848893025595e-34,0,0,0,0,0,0,0,0,0,0,2.98974253433872e-26,2.98974253433872e-26,0,42,0.8,0,16,5.979485108495288e-26
1260,2.4612177565120696e-35,0,0,0,0,0,0,0,0,0,0,1.76554067542438e-27,1.76554067542438e-27,0,43,0.8,0,16,3.5310813754609374e-27
1290,1.5182953020584398e-36,0,0,0,0,0,0,0,0,0,0,1.04260971207361e-28,1.04260971207361e-28,0,44,0.8,0,16,2.0852194393301733e-28
1320,9.34908078087698e-38,0,0,0,0,0,0,0,0,0,0,6.1569539582290496e-30,6.1569539582290496e-30,0,45,0.8,0,16,1.2313908009948907e-29
1350,5.74714013662033e-39,0,0,0,0,0,0,0,0,0,0,3.6358850716132896e-31,3.6358850716132896e-31,0,46,0.8,0,16,7.2717702006979805e-31
1380,3.5274530320634797e-40,0,0,0,0,0,0,0,0,0,0,2.14711096166263e-32,2.14711096166263e-32,0,47,0.8,0,16,4.2942219585997903e-32
1410,2.16195848540708e-41,0,0,0,0,0,0,0,0,0,0,1.26794067057289e-33,1.26794067057289e-33,0,48,0.8,0,16,2.5358813627653648e-33
1440,1.3232893310242e-42,0,0,0,0,0,0,0,0,0,0,7.487614507938689e-35,7.487614507938689e-35,0,49,0.8,0,16,1.4975229148206312e-34
1470,8.089537162465049e-44,0,0,0,0,0,0,0,0,0,0,4.42168828424546e-36,4.42168828424546e-36,0,50,0.8,0,16,8.843376649386292e-36
1500,4.9395794271608296e-45,0,0,0,0,0,0,0,0,0,0,2.61115630585456e-37,2.61115630585456e-37,0,51,0.8,0,16,5.222312661104914e-37
1530,3.01291056808407e-46,0,0,0,0,0,0,0,0,0,0,1.54197636825687e-38,1.54197636825687e-38,0,52,0.8,0,16,3.083952766642846e-38
1560,1.83587010771276e-47,0,0,0,0,0,0,0,0,0,0,9.10589560984921e-40,9.10589560984921e-40,0,53,0.8,0,16,1.821179140328543e-39
1590,1.11759355329218e-48,0,0,0,0,0,0,0,0,0,0,5.37734273247793e-41,5.37734273247793e-41,0,54,0.8,0,16,1.0754685576715214e-40
1620,6.797300460461989e-50,0,0,0,0,0,0,0,0,0,0,3.1755055008250895e-42,3.1755055008250895e-42,0,55,0.8,0,16,6.351011069623183e-42
1650,4.13068430567931e-51,0,0,0,0,0,0,0,0,0,0,1.8752454579543697e-43,1.8752454579543697e-43,0,56,0.8,0,16,3.750490957215582e-43
1680,2.50819299075047e-52,0,0,0,0,0,0,0,0,0,0,1.1073973406368099e-44,1.1073973406368099e-44,0,57,0.8,0,16,2.2147947063555496e-44
1710,1.52185084889116e-53,0,0,0,0,0,0,0,0,0,0,6.53956606334783e-46,6.53956606334783e-46,0,58,0.8,0,16,1.3079132278880745e-45
1740,9.227259359978599e-55,0,0,0,0,0,0,0,0,0,0,3.86184187823756e-47,3.86184187823756e-47,0,59,0.8,0,16,7.723683848747713e-47
1770,5.590862699083129e-56,0,0,0,0,0,0,0,0,0,0,2.2805528718781003e-48,2.2805528718781003e-48,0,60,0.8,0,16,4.561105799664828e-48
1800,3.38536229798331e-57,0,0,0,0,0,0,0,0,0,0,1.3467466501514399e-49,1.3467466501514399e-49,0,61,0.8,0,16,2.6934933341565025e-49
1830,2.04863877805673e-58,0,0,0,0,0,0,0,0,0,0,7.95301430867114e-51,7.95301430867114e-51,0,62,0.8,0,16,1.5906028822206157e-50
1860,1.2390026547890901e-59,0,0,0,0,0,0,0,0,0,0,4.6965367479953804e-52,4.6965367479953804e-52,0,63,0.8,0,16,9.393073619891027e-52
1890,7.489235908387011e-61,0,0,0,0,0,0,0,0,0,0,2.77347200782834e-53,2.77347200782834e-53,0,64,0.8,0,16,5.546944090549039e-53
1920,4.524516932105829e-62,0,0,0,0,0,0,0,0,0,0,1.63783425587445e-54,1.63783425587445e-54,0,65,0.8,0,16,3.2756685569940694e-54
1950,2.73203732800067e-63,0,0,0,0,0,0,0,0,0,0,9.67199837218038e-56,9.67199837218038e-56,0,66,0.8,0,16,1.9343997017564493e-55
1980,1.64888491151547e-64,0,0,0,0,0,0,0,0,0,0,5.71166306747084e-57,5.71166306747084e-57,0,67,0.8,0,16,1.1423326299830171e-56
0,250,0,0,0,0,0,0,0,0,0,0,0,0,0,1,0.8,0,6,250
30,250.000322400697,0,0,0,0,0,0,0,0,0,0,0,0,0,2,0.8,0,6,250.000322400697
60,250.000090984018,0,0,0,0,0,0,0,0,0,0,0,0,0,3,0.8,0,6,250.000090984018
90,250.000018876751,0,0,0,0,0,0,0,0,0,0,0,0,0,4,0.8,0,6,250.000018876751
120,217.407204849243,0,0,0,0,0,0,0,0,0,0,38.2778227378248,38.2778227378248,0,5,0.8,0,6,293.9628503248926
150,142.117020808891,0,0,0,0,0,0,0,0,0,0,67.8219258125729,67.8219258125729,0,6,0.8,0,6,277.7608724340368
180,89.5686524790187,0,0,0,0,0,0,0,0,0,0,77.4488699285816,77.4488699285816,0,7,0.8,0,6,244.4663923361819
210,53.4792581393121,0,0,0,0,0,0,0,0,0,0,77.3348969668697,77.3348969668697,0,8,0.8,0,6,208.1490520730515
240,29.077651955105,0,0,0,0,0,0,0,0,0,0,71.2299971249054,71.2299971249054,0,9,0.8,0,6,171.5376462049158
270,13.7744883786507,0,0,0,0,0,0,0,0,0,0,61.4861275814769,61.4861275814769,0,10,0.8,0,6,136.7467435416045
300,7.96960750519276,0,0,0,0,0,0,0,0,0,0,29.9671438762159,29.9671438762159,0,11,0.8,0,6,67.90389525762455
330,6.71754951415441,0,0,0,0,0,0,0,0,0,0,25.5291686226159,25.5291686226159,0,12,0.8,0,6,57.77588675938621
360,7.06754583748423,0,0,0,0,0,0,0,0,0,0,24.838993665764,24.838993665764,0,13,0.8,0,6,56.745533169012234
390,7.74673717193251,0,0,0,0,0,0,0,0,0,0,25.6787272043634,25.6787272043634,0,14,0.8,0,6,59.10419158065931
420,8.70524910198789,0,0,0,0,0,0,0,0,0,0,26.951688859939,26.951688859939,0,15,0.8,0,6,62.60862682186589
450,9.86402313360347,0,0,0,0,0,0,0,0,0,0,28.4413112420728,28.4413112420728,0,16,0.8,0,6,66.74664561774907
480,11.2545062020151,0,0,0,0,0,0,0,0,0,0,30.0765186915345,30.0765186915345,0,17,0.8,0,6,71.4075435850841
510,12.9161221144316,0,0,0,0,0,0,0,0,0,0,31.8265018220608,31.8265018220608,0,18,0.8,0,6,76.5691257585532
540,14.912449613327,0,0,0,0,0,0,0,0,0,0,33.6850719773824,33.6850719773824,0,19,0.8,0,6,82.2825935680918
570,17.3258464632148,0,0,0,0,0,0,0,0,0,0,35.6396077546024,35.6396077546024,0,20,0.8,0,6,88.6050619724196
600,20.2635928615853,0,0,0,0,0,0,0,0,0,0,37.6723935357519,37.6723935357519,0,21,0.8,0,6,95.6083799330891
630,23.8643295718039,0,0,0,0,0,0,0,0,0,0,39.7513134639131,39.7513134639131,0,22,0.8,0,6,103.3669564996301
660,28.3066585864825,0,0,0,0,0,0,0,0,0,0,41.8242514330034,41.8242514330034,0,23,0.8,0,6,111.95516145248929
690,33.818833170312,0,0,0,0,0,0,0,0,0,0,43.8096938711288,43.8096938711288,0,24,0.8,0,6,121.43822091256959
720,40.6876709556452,0,0,0,0,0,0,0,0,0,0,45.5857437513705,45.5857437513705,0,25,0.8,0,6,131.85915845838622
750,49.2622619609772,0,0,0,0,0,0,0,0,0,0,46.977880980765,46.977880980765,0,26,0.8,0,6,143.2180239225072
780,59.9431544352461,0,0,0,0,0,0,0,0,0,0,47.7496093532817,47.7496093532817,0,27,0.8,0,6,155.4423731418095
810,73.1405082383128,0,0,0,0,0,0,0,0,0,0,47.6048336839274,47.6048336839274,0,28,0.8,0,6,168.35017560616762
840,89.1778272222594,0,0,0,0,0,0,0,0,0,0,46.217858608638,46.217858608638,0,29,0.8,0,6,181.6135444395354
870,108.122197355371,0,0,0,0,0,0,0,0,0,0,43.3107210531603,43.3107210531603,0,30,0.8,0,6,194.7436394616916
900,129.559302281688,0,0,0,0,0,0,0,0,0,0,38.7844494119193,38.7844494119193,0,31,0.8,0,6,207.12820110552659
930,152.416948219865,0,0,0,0,0,0,0,0,0,0,32.863991735979,32.863991735979,0,32,0.8,0,6,218.144931691823
960,175.024257542466,0,0,0,0,0,0,0,0,0,0,26.15136044584,26.15136044584,0,33,0.8,0,6,227.32697843414599
990,195.5289325762,0,0,0,0,0,0,0,0,0,0,19.4825568544322,19.4825568544322,0,34,0.8,0,6,234.4940462850644
1020,212.513543131993,0,0,0,0,0,0,0,0,0,0,13.6247557556554,13.6247557556554,0,35,0.8,0,6,239.7630546433038
1050,225.415602171485,0,0,0,0,0,0,0,0,0,0,9.01433337585588,9.01433337585588,0,36,0.8,0,6,243.44426892319677
1080,234.501559146743,0,0,0,0,0,0,0,0,0,0,5.70402122966552,5.70402122966552,0,37,0.8,0,6,245.90960160607403
1110,240.519622817872,0,0,0,0,0,0,0,0,0,0,3.49167152812575,3.49167152812575,0,38,0.8,0,6,247.5029658741235
1140,244.324920107755,0,0,0,0,0,0,0,0,0,0,2.08868560218111,2.08868560218111,0,39,0.8,0,6,248.50229131211722
1170,246.652521470925,0,0,0,0,0,0,0,0,0,0,1.23060671953341,1.23060671953341,0,40,0.8,0,6,249.11373490999182
1200,248.044404019112,0,0,0,0,0,0,0,0,0,0,0.718132260296136,0.718132260296136,0,41,0.8,0,6,249.48066853970425
1230,248.864483014354,0,0,0,0,0,0,0,0,0,0,0.416624579706046,0.416624579706046,0,42,0.8,0,6,249.6977321737661
1260,249.343134755958,0,0,0,0,0,0,0,0,0,0,0.240859127254579,0.240859127254579,0,43,0.8,0,6,249.82485301046717
1290,249.620883879972,0,0,0,0,0,0,0,0,0,0,0.138958178546712,0.138958178546712,0,44,0.8,0,6,249.89880023706544
1320,249.78148552093,0,0,0,0,0,0,0,0,0,0,0.080072116287159,0.080072116287159,0,45,0.8,0,6,249.94162975350432
1350,249.87415340561,0,0,0,0,0,0,0,0,0,0,0.0461078107857716,0.0461078107857716,0,46,0.8,0,6,249.96636902718154
1380,249.92755643442499,0,0,0,0,0,0,0,0,0,0,0.0265394491400273,0.0265394491400273,0,47,0.8,0,6,249.98063533270505
1410,249.958309215178,0,0,0,0,0,0,0,0,0,0,0.0152724203628699,0.0152724203628699,0,48,0.8,0,6,249.98885405590374
1440,249.976011016645,0,0,0,0,0,0,0,0,0,0,0.00878750078137491,0.00878750078137491,0,49,0.8,0,6,249.99358601820776
1470,249.986197936902,0,0,0,0,0,0,0,0,0,0,0.00505579225690513,0.00505579225690513,0,50,0.8,0,6,249.9963095214158
1500,249.992059400226,0,0,0,0,0,0,0,0,0,0,0.00290866487773822,0.00290866487773822,0,51,0.8,0,6,249.99787672998147
1530,249.995431754663,0,0,0,0,0,0,0,0,0,0,0.00167335082450866,0.00167335082450866,0,52,0.8,0,6,249.998778456312
1560,249.997371923915,0,0,0,0,0,0,0,0,0,0,9.6266215978497e-4,9.6266215978497e-4,0,53,0.8,0,6,249.99929724823457
1590,249.998488103458,0,0,0,0,0,0,0,0,0,0,5.5380530077008e-4,5.5380530077008e-4,0,54,0.8,0,6,249.99959571405952
1620,249.999130231461,0,0,0,0,0,0,0,0,0,0,3.1859443959421e-4,3.1859443959421e-4,0,55,0.8,0,6,249.9997674203402
1650,249.999499638524,0,0,0,0,0,0,0,0,0,0,1.8328125649047e-4,1.8328125649047e-4,0,56,0.8,0,6,249.99986620103698
1680,249.999712152009,0,0,0,0,0,0,0,0,0,0,1.0543801283705e-4,1.0543801283705e-4,0,57,0.8,0,6,249.9999230280347
1710,249.999834406968,0,0,0,0,0,0,0,0,0,0,6.06563072113421e-5,6.06563072113421e-5,0,58,0.8,0,6,249.99995571958243
1740,249.999904737793,0,0,0,0,0,0,0,0,0,0,3.48942998333063e-5,3.48942998333063e-5,0,59,0.8,0,6,249.99997452639266
1770,249.999945197665,0,0,0,0,0,0,0,0,0,0,2.00739517723808e-5,2.00739517723808e-5,0,60,0.8,0,6,249.99998534556855
1800,249.999968473381,0,0,0,0,0,0,0,0,0,0,1.15481173214774e-5,1.15481173214774e-5,0,61,0.8,0,6,249.99999156961564
1830,249.999981863409,0,0,0,0,0,0,0,0,0,0,6.64338549692233e-6,6.64338549692233e-6,0,62,0.8,0,6,249.99999515018
1860,249.999989566406,0,0,0,0,0,0,0,0,0,0,3.82179770458127e-6,3.82179770458127e-6,0,63,0.8,0,6,249.9999972100014
1890,249.999993997777,0,0,0,0,0,0,0,0,0,0,2.19859847190116e-6,2.19859847190116e-6,0,64,0.8,0,6,249.99999839497394
1920,249.999996547049,0,0,0,0,0,0,0,0,0,0,1.26480664871385e-6,1.26480664871385e-6,0,65,0.8,0,6,249.99999907666228
1950,249.999998013592,0,0,0,0,0,0,0,0,0,0,7.27616188771063e-7,7.27616188771063e-7,0,66,0.8,0,6,249.99999946882437
1980,249.999998857262,0,0,0,0,0,0,0,0,0,0,4.18582014332574e-7,4.18582014332574e-7,0,67,0.8,0,6,249.99999969442604
0,250,0,0,0,0,0,0,0,0,0,0,0,0,0,1,0.8,0,7,250
30,250.000322400697,0,0,0,0,0,0,0,0,0,0,0,0,0,2,0.8,0,7,250.000322400697
60,250.000090984018,0,0,0,0,0,0,0,0,0,0,0,0,0,3,0.8,0,7,250.000090984018
90,250.000018876751,0,0,0,0,0,0,0,0,0,0,0,0,0,4,0.8,0,7,250.000018876751
120,217.407204849243,0,0,0,0,0,0,0,0,0,0,38.2778227378248,38.2778227378248,0,5,0.8,0,7,293.9628503248926
150,142.117020808891,0,0,0,0,0,0,0,0,0,0,67.8219258125729,67.8219258125729,0,6,0.8,0,7,277.7608724340368
180,89.5686524790187,0,0,0,0,0,0,0,0,0,0,77.4488699285816,77.4488699285816,0,7,0.8,0,7,244.4663923361819
210,53.4792581393121,0,0,0,0,0,0,0,0,0,0,77.3348969668697,77.3348969668697,0,8,0.8,0,7,208.1490520730515
240,29.077651955105,0,0,0,0,0,0,0,0,0,0,71.2299971249054,71.2299971249054,0,9,0.8,0,7,171.5376462049158
270,13.7744883786507,0,0,0,0,0,0,0,0,0,0,61.4861275814769,61.4861275814769,0,10,0.8,0,7,136.7467435416045
300,5.3846105925293,0,0,0,0,0,0,0,0,0,0,50.7191395737128,50.7191395737128,0,11,0.8,0,7,106.8228897399549
330,2.51182008031095,0,0,0,0,0,0,0,0,0,0,17.4699017809892,17.4699017809892,0,12,0.8,0,7,37.45162364228935
360,1.75680981983575,0,0,0,0,0,0,0,0,0,0,13.5140551679342,13.5140551679342,0,13,0.8,0,7,28.78492015570415
390,1.67955009980245,0,0,0,0,0,0,0,0,0,0,11.9900148572882,11.9900148572882,0,14,0.8,0,7,25.65957981437885
420,1.70980550209942,0,0,0,0,0,0,0,0,0,0,11.9847737204656,11.9847737204656,0,15,0.8,0,7,25.679352943030622
450,1.81596987515584,0,0,0,0,0,0,0,0,0,0,12.2515902207365,12.2515902207365,0,16,0.8,0,7,26.31915031662884
480,1.94887340272942,0,0,0,0,0,0,0,0,0,0,12.7140504349218,12.7140504349218,0,17,0.8,0,7,27.37697427257302
510,2.10662713303093,0,0,0,0,0,0,0,0,0,0,13.2511248267782,13.2511248267782,0,18,0.8,0,7,28.60887678658733
540,2.28430638171931,0,0,0,0,0,0,0,0,0,0,13.8430769323392,13.8430769323392,0,19,0.8,0,7,29.97046024639771
570,2.4836804757347,0,0,0,0,0,0,0,0,0,0,14.4797984615102,14.4797984615102,0,20,0.8,0,7,31.4432773987551
600,2.70671841596452,0,0,0,0,0,0,0,0,0,0,15.1594602940629,15.1594602940629,0,21,0.8,0,7,33.02563900409032
630,2.95675752625136,0,0,0,0,0,0,0,0,0,0,15.8842019315737,15.8842019315737,0,22,0.8,0,7,34.725161389398764
660,3.23780164683831,0,0,0,0,0,0,0,0,0,0,16.6567999426033,16.6567999426033,0,23,0.8,0,7,36.551401532044906
690,3.55474076165532,0,0,0,0,0,0,0,0,0,0,17.481151376836,17.481151376836,0,24,0.8,0,7,38.517043515327316
720,3.91344044921237,0,0,0,0,0,0,0,0,0,0,18.3614559456235,18.3614559456235,0,25,0.8,0,7,40.63635234045937
750,4.32096350093308,0,0,0,0,0,0,0,0,0,0,19.302409214464,19.302409214464,0,26,0.8,0,7,42.92578192986108
780,4.78584710358645,0,0,0,0,0,0,0,0,0,0,20.3090546350457,20.3090546350457,0,27,0.8,0,7,45.40395637367785
810,5.31846390437095,0,0,0,0,0,0,0,0,0,0,21.3868032320875,21.3868032320875,0,28,0.8,0,7,48.092070368545954
840,5.93148872788917,0,0,0,0,0,0,0,0,0,0,22.5413689556413,22.5413689556413,0,29,0.8,0,7,51.01422663917177
870,6.64050141799832,0,0,0,0,0,0,0,0,0,0,23.7786902006383,23.7786902006383,0,30,0.8,0,7,54.197881819274926
900,7.46477110731687,0,0,0,0,0,0,0,0,0,0,25.104780065247,25.104780065247,0,31,0.8,0,7,57.67433123781087
930,8.42828062923269,0,0,0,0,0,0,0,0,0,0,26.5254852599452,26.5254852599452,0,32,0.8,0,7,61.47925114912309
960,9.56107136443616,0,0,0,0,0,0,0,0,0,0,28.0461021960049,28.0461021960049,0,33,0.8,0,7,65.65327575644596
990,10.9010151620765,0,0,0,0,0,0,0,0,0,0,29.6707828736009,29.6707828736009,0,34,0.8,0,7,70.2425809092783
1020,12.4961543691577,0,0,0,0,0,0,0,0,0,0,31.4016297262742,31.4016297262742,0,35,0.8,0,7,75.29941382170611
1050,14.4077918980495,0,0,0,0,0,0,0,0,0,0,33.2373345975479,33.2373345975479,0,36,0.8,0,7,80.8824610931453
1080,16.7145566052316,0,0,0,0,0,0,0,0,0,0,35.1711556831551,35.1711556831551,0,37,0.8,0,7,87.0568679715418
1110,19.5177007927899,0,0,0,0,0,0,0,0,0,0,37.1879473498329,37.1879473498329,0,38,0.8,0,7,93.8935954924557
1140,22.947870998176,0,0,0,0,0,0,0,0,0,0,39.2598672862895,39.2598672862895,0,39,0.8,0,7,101.467605570755
1170,27.1734500416267,0,0,0,0,0,0,0,0,0,0,41.3403108695067,41.3403108695067,0,40,0.8,0,7,109.85407178064011
1200,32.4101286596316,0,0,0,0,0,0,0,0,0,0,43.3556408590905,43.3556408590905,0,41,0.8,0,7,119.1214103778126
1230,38.9303005780836,0,0,0,0,0,0,0,0,0,0,45.1945740392633,45.1945740392633,0,42,0.8,0,7,129.3194486566102
1260,47.0686152666891,0,0,0,0,0,0,0,0,0,0,46.6960342117117,46.6960342117117,0,43,0.8,0,7,140.4606836901125
1290,57.2157737542856,0,0,0,0,0,0,0,0,0,0,47.6385496893654,47.6385496893654,0,44,0.8,0,7,152.4928731330164
1320,69.7859075660977,0,0,0,0,0,0,0,0,0,0,47.738707875811,47.738707875811,0,45,0.8,0,7,165.2633233177197
1350,85.1353539893067,0,0,0,0,0,0,0,0,0,0,46.6728747294204,46.6728747294204,0,46,0.8,0,7,178.4811034481475
1380,103.410719207265,0,0,0,0,0,0,0,0,0,0,44.1418430078338,44.1418430078338,0,47,0.8,0,7,191.6944052229326
1410,124.331423807381,0,0,0,0,0,0,0,0,0,0,39.9906570952491,39.9906570952491,0,48,0.8,0,7,204.3127379978792
1440,146.986912277328,0,0,0,0,0,0,0,0,0,0,34.3576327883883,34.3576327883883,0,49,0.8,0,7,215.7021778541046
1470,169.823007203363,0,0,0,0,0,0,0,0,0,0,27.760699805878,27.760699805878,0,50,0.8,0,7,225.34440681511902
1500,190.976320886839,0,0,0,0,0,0,0,0,0,0,21.0045605429505,21.0045605429505,0,51,0.8,0,7,232.98544197274
1530,208.875286690247,0,0,0,0,0,0,0,0,0,0,14.9015746232215,14.9015746232215,0,52,0.8,0,7,238.67843593669
1560,222.741286784273,0,0,0,0,0,0,0,0,0,0,9.97961700983494,9.97961700983494,0,53,0.8,0,7,242.70052080394288
1590,232.669682692036,0,0,0,0,0,0,0,0,0,0,6.37479519418273,6.37479519418273,0,54,0.8,0,7,245.41927308040144
1620,239.33225515299,0,0,0,0,0,0,0,0,0,0,3.92901164881309,3.92901164881309,0,55,0.8,0,7,247.19027845061618
1650,243.585946998288,0,0,0,0,0,0,0,0,0,0,2.36121290869906,2.36121290869906,0,56,0.8,0,7,248.3083728156861
1680,246.205466541497,0,0,0,0,0,0,0,0,0,0,1.39534190831946,1.39534190831946,0,57,0.8,0,7,248.99615035813594
1710,247.779023009676,0,0,0,0,0,0,0,0,0,0,0.815781125594763,0.815781125594763,0,58,0.8,0,7,249.41058526086553
1740,248.708858487678,0,0,0,0,0,0,0,0,0,0,0.473808571558326,0.473808571558326,0,59,0.8,0,7,249.65647563079463
1770,249.252568657889,0,0,0,0,0,0,0,0,0,0,0.274101502962179,0.274101502962179,0,60,0.8,0,7,249.80077166381335
1800,249.568424955435,0,0,0,0,0,0,0,0,0,0,0.158198625617294,0.158198625617294,0,61,0.8,0,7,249.88482220666958
1830,249.751185097206,0,0,0,0,0,0,0,0,0,0,0.0911798805084136,0.0911798805084136,0,62,0.8,0,7,249.93354485822283
1860,249.856681090266,0,0,0,0,0,0,0,0,0,0,0.0525109207118818,0.0525109207118818,0,63,0.8,0,7,249.96170293168976
1890,249.917491197088,0,0,0,0,0,0,0,0,0,0,0.0302273588898763,0.0302273588898763,0,64,0.8,0,7,249.97794591486775
1920,249.952514296894,0,0,0,0,0,0,0,0,0,0,0.0173954349926809,0.0173954349926809,0,65,0.8,0,7,249.98730516687937
1950,249.972675792202,0,0,0,0,0,0,0,0,0,0,0.0100093025913305,0.0100093025913305,0,66,0.8,0,7,249.99269439738467
1980,249.984278744744,0,0,0,0,0,0,0,0,0,0,0.00575882665096657,0.00575882665096657,0,67,0.8,0,7,249.9957963980459
0,250,0,0,0,0,0,0,0,0,0,0,0,0,0,1,0.8,0,8,250
30,250.000322400697,0,0,0,0,0,0,0,0,0,0,0,0,0,2,0.8,0,8,250.000322400697
60,250.000090984018,0,0,0,0,0,0,0,0,0,0,0,0,0,3,0.8,0,8,250.000090984018
90,250.000018876751,0,0,0,0,0,0,0,0,0,0,0,0,0,4,0.8,0,8,250.000018876751
120,217.407204849243,0,0,0,0,0,0,0,0,0,0,38.2778227378248,38.2778227378248,0,5,0.8,0,8,293.9628503248926
150,142.117020808891,0,0,0,0,0,0,0,0,0,0,67.8219258125729,67.8219258125729,0,6,0.8,0,8,277.7608724340368
180,89.5686524790187,0,0,0,0,0,0,0,0,0,0,77.4488699285816,77.4488699285816,0,7,0.8,0,8,244.4663923361819
210,53.4792581393121,0,0,0,0,0,0,0,0,0,0,77.3348969668697,77.3348969668697,0,8,0.8,0,8,208.1490520730515
240,29.077651955105,0,0,0,0,0,0,0,0,0,0,71.2299971249054,71.2299971249054,0,9,0.8,0,8,171.5376462049158
270,13.7744883786507,0,0,0,0,0,0,0,0,0,0,61.4861275814769,61.4861275814769,0,10,0.8,0,8,136.7467435416045
300,5.3846105925293,0,0,0,0,0,0,0,0,0,0,50.7191395737128,50.7191395737128,0,11,0.8,0,8,106.8228897399549
330,1.62168486102811,0,0,0,0,0,0,0,0,0,0,41.5672605982158,41.5672605982158,0,12,0.8,0,8,84.75620605745972
360,0.54340034268824,0,0,0,0,0,0,0,0,0,0,8.10926286642314,8.10926286642314,0,13,0.8,0,8,16.76192607553452
390,0.280089043654911,0,0,0,0,0,0,0,0,0,0,5.1162222828653,5.1162222828653,0,14,0.8,0,8,10.51253360938551
420,0.216361646678026,0,0,0,0,0,0,0,0,0,0,3.63182361311086,3.63182361311086,0,15,0.8,0,8,7.480008872899746
450,0.190903737647973,0,0,0,0,0,0,0,0,0,0,3.24264945773339,3.24264945773339,0,16,0.8,0,8,6.676202653114753
480,0.183490975588073,0,0,0,0,0,0,0,0,0,0,3.04290962347305,3.04290962347305,0,17,0.8,0,8,6.269310222534173
510,0.183021701037033,0,0,0,0,0,0,0,0,0,0,3.00242103901288,3.00242103901288,0,18,0.8,0,8,6.187863779062793
540,0.186978109595682,0,0,0,0,0,0,0,0,0,0,3.01796906458951,3.01796906458951,0,19,0.8,0,8,6.222916238774702
570,0.193288153097522,0,0,0,0,0,0,0,0,0,0,3.07477148790146,3.07477148790146,0,20,0.8,0,8,6.342831128900442
600,0.201270978471619,0,0,0,0,0,0,0,0,0,0,3.15253745214325,3.15253745214325,0,21,0.8,0,8,6.5063458827581195
630,0.210399341748985,0,0,0,0,0,0,0,0,0,0,3.24489458455215,3.24489458455215,0,22,0.8,0,8,6.700188510853286
660,0.220459392851903,0,0,0,0,0,0,0,0,0,0,3.34671311704342,3.34671311704342,0,23,0.8,0,8,6.913885626938743
690,0.231318208977391,0,0,0,0,0,0,0,0,0,0,3.45571880081103,3.45571880081103,0,24,0.8,0,8,7.142755810599451
720,0.242929328390455,0,0,0,0,0,0,0,0,0,0,3.57053214098708,3.57053214098708,0,25,0.8,0,8,7.383993610364614
750,0.255282853734283,0,0,0,0,0,0,0,0,0,0,3.69051340234553,3.69051340234553,0,26,0.8,0,8,7.6363096584253425
780,0.268397463058516,0,0,0,0,0,0,0,0,0,0,3.81538627286593,3.81538627286593,0,27,0.8,0,8,7.899170008790376
810,0.282308170987474,0,0,0,0,0,0,0,0,0,0,3.94509985012281,3.94509985012281,0,28,0.8,0,8,8.172507871233094
840,0.297062225510805,0,0,0,0,0,0,0,0,0,0,4.07973470597224,4.07973470597224,0,29,0.8,0,8,8.456531637455285
870,0.312715988868361,0,0,0,0,0,0,0,0,0,0,4.21945017279141,4.21945017279141,0,30,0.8,0,8,8.75161633445118
900,0.329333727494479,0,0,0,0,0,0,0,0,0,0,4.36445734947625,4.36445734947625,0,31,0.8,0,8,9.05824842644698
930,0.346987117283699,0,0,0,0,0,0,0,0,0,0,4.51500294867702,4.51500294867702,0,32,0.8,0,8,9.376993014637739
960,0.365755322690913,0,0,0,0,0,0,0,0,0,0,4.67136196512211,4.67136196512211,0,33,0.8,0,8,9.708479252935133
990,0.385725411231372,0,0,0,0,0,0,0,0,0,0,4.83383390332997,4.83383390332997,0,34,0.8,0,8,10.053393217891312
1020,0.406993010888367,0,0,0,0,0,0,0,0,0,0,5.0027417300591,5.0027417300591,0,35,0.8,0,8,10.412476471006567
1050,0.429663159058502,0,0,0,0,0,0,0,0,0,0,5.17843207729661,5.17843207729661,0,36,0.8,0,8,10.786527313651721
1080,0.453851320670813,0,0,0,0,0,0,0,0,0,0,5.36127633673475,5.36127633673475,0,37,0.8,0,8,11.176403994140312
1110,0.479684574933891,0,0,0,0,0,0,0,0,0,0,5.55167226691181,5.55167226691181,0,38,0.8,0,8,11.583029108757511
1140,0.507302980669213,0,0,0,0,0,0,0,0,0,0,5.75004599575671,5.75004599575671,0,39,0.8,0,8,12.007394972182633
1170,0.536861140223071,0,0,0,0,0,0,0,0,0,0,5.95685433625182,5.95685433625182,0,40,0.8,0,8,12.45056981272671
1200,0.568529988845668,0,0,0,0,0,0,0,0,0,0,6.17258739615724,6.17258739615724,0,41,0.8,0,8,12.913704781160149
1230,0.602498843682984,0,0,0,0,0,0,0,0,0,0,6.3977714818455,6.3977714818455,0,42,0.8,0,8,13.398041807373984
1260,0.638977753819606,0,0,0,0,0,0,0,0,0,0,6.63297231408413,6.63297231408413,0,43,0.8,0,8,13.904922381987866
1290,0.678200201198404,0,0,0,0,0,0,0,0,0,0,6.87879858270173,6.87879858270173,0,44,0.8,0,8,14.435797366601864
1320,0.720426211998873,0,0,0,0,0,0,0,0,0,0,7.13590587464642,7.13590587464642,0,45,0.8,0,8,14.992237961291714
1350,0.765945949745279,0,0,0,0,0,0,0,0,0,0,7.40500101597895,7.40500101597895,0,46,0.8,0,8,15.575947981703179
1380,0.815083875532285,0,0,0,0,0,0,0,0,0,0,7.68684687412651,7.68684687412651,0,47,0.8,0,8,16.188777623785306
1410,0.868203577939558,0,0,0,0,0,0,0,0,0,0,7.98226767252785,7.98226767252785,0,48,0.8,0,8,16.832738922995258
1440,0.925713396223296,0,0,0,0,0,0,0,0,0,0,8.29215487587257,8.29215487587257,0,49,0.8,0,8,17.510023147968433
1470,0.98807298618921,0,0,0,0,0,0,0,0,0,0,8.61747371054066,8.61747371054066,0,50,0.8,0,8,18.22302040727053
1500,1.05580100999122,0,0,0,0,0,0,0,0,0,0,8.9592703915606,8.9592703915606,0,51,0.8,0,8,18.97434179311242
1530,1.12948417052459,0,0,0,0,0,0,0,0,0,0,9.31868013430693,9.31868013430693,0,52,0.8,0,8,19.766844439138453
1560,1.20978786009505,0,0,0,0,0,0,0,0,0,0,9.69693603601916,9.69693603601916,0,53,0.8,0,8,20.603659932133372
1590,1.29746875422982,0,0,0,0,0,0,0,0,0,0,10.0953789186579,10.0953789186579,0,54,0.8,0,8,21.48822659154562
1620,1.39338975819839,0,0,0,0,0,0,0,0,0,0,10.5154682300216,10.5154682300216,0,55,0.8,0,8,22.42432621824159
1650,1.49853781038626,0,0,0,0,0,0,0,0,0,0,10.9587941035109,10.9587941035109,0,56,0.8,0,8,23.41612601740806
1680,1.61404516880613,0,0,0,0,0,0,0,0,0,0,11.4270906770887,11.4270906770887,0,57,0.8,0,8,24.468226522983528
1710,1.7412149622218,0,0,0,0,0,0,0,0,0,0,11.9222507668222,11.9222507668222,0,58,0.8,0,8,25.5857164958662
1740,1.88155198547195,0,0,0,0,0,0,0,0,0,0,12.4463419769565,12.4463419769565,0,59,0.8,0,8,26.77423593938495
1770,2.03679997271677,0,0,0,0,0,0,0,0,0,0,13.0016243024345,13.0016243024345,0,60,0.8,0,8,28.04004857758577
1800,2.20898690994606,0,0,0,0,0,0,0,0,0,0,13.5905692348505,13.5905692348505,0,61,0.8,0,8,29.39012537964706
1830,2.4004803725696,0,0,0,0,0,0,0,0,0,0,14.215880309846,14.215880309846,0,62,0.8,0,8,30.8322409922616
1860,2.61405542672309,0,0,0,0,0,0,0,0,0,0,14.8805149195771,14.8805149195771,0,63,0.8,0,8,32.37508526587729
1890,2.85297835660308,0,0,0,0,0,0,0,0,0,0,15.5877070386844,15.5877070386844,0,64,0.8,0,8,34.02839243397188
1920,3.12111043244011,0,0,0,0,0,0,0,0,0,0,16.3409902478506,16.3409902478506,0,65,0.8,0,8,35.80309092814131
1950,3.42303719333751,0,0,0,0,0,0,0,0,0,0,17.1442200441141,17.1442200441141,0,66,0.8,0,8,37.711477281565706
1980,3.76423039377804,0,0,0,0,0,0,0,0,0,0,18.0015938410496,18.0015938410496,0,67,0.8,0,8,39.767418075877245
0,250,0,0,0,0,0,0,0,0,0,0,0,0,0,1,0.8,0,9,250
30,250.000322400697,0,0,0,0,0,0,0,0,0,0,0,0,0,2,0.8,0,9,250.000322400697
60,250.000090984018,0,0,0,0,0,0,0,0,0,0,0,0,0,3,0.8,0,9,250.000090984018
90,250.000018876751,0,0,0,0,0,0,0,0,0,0,0,0,0,4,0.8,0,9,250.000018876751
120,217.407204849243,0,0,0,0,0,0,0,0,0,0,38.2778227378248,38.2778227378248,0,5,0.8,0,9,293.9628503248926
150,142.117020808891,0,0,0,0,0,0,0,0,0,0,67.8219258125729,67.8219258125729,0,6,0.8,0,9,277.7608724340368
180,89.5686524790187,0,0,0,0,0,0,0,0,0,0,77.4488699285816,77.4488699285816,0,7,0.8,0,9,244.4663923361819
210,53.4792581393121,0,0,0,0,0,0,0,0,0,0,77.3348969668697,77.3348969668697,0,8,0.8,0,9,208.1490520730515
240,29.077651955105,0,0,0,0,0,0,0,0,0,0,71.2299971249054,71.2299971249054,0,9,0.8,0,9,171.5376462049158
270,13.7744883786507,0,0,0,0,0,0,0,0,0,0,61.4861275814769,61.4861275814769,0,10,0.8,0,9,136.7467435416045
300,5.3846105925293,0,0,0,0,0,0,0,0,0,0,50.7191395737128,50.7191395737128,0,11,0.8,0,9,106.8228897399549
330,1.62168486102811,0,0,0,0,0,0,0,0,0,0,41.5672605982158,41.5672605982158,0,12,0.8,0,9,84.75620605745972
360,0.348178620724324,0,0,0,0,0,0,0,0,0,0,35.728662117345,35.728662117345,0,13,0.8,0,9,71.80550285541433
390,0.0753509829961225,0,0,0,0,0,0,0,0,0,0,3.48478633876284,3.48478633876284,0,14,0.8,0,9,7.044923660521802
420,0.0242968944904606,0,0,0,0,0,0,0,0,0,0,1.21224022466248,1.21224022466248,0,15,0.8,0,9,2.4487773438154203
450,0.0102152572140668,0,0,0,0,0,0,0,0,0,0,0.530911322021391,0.530911322021391,0,16,0.8,0,9,1.0720379012568488
480,0.00537967888637495,0,0,0,0,0,0,0,0,0,0,0.270102911787199,0.270102911787199,0,17,0.8,0,9,0.5455855024607729
510,0.00300449244808712,0,0,0,0,0,0,0,0,0,0,0.15219450259239,0.15219450259239,0,18,0.8,0,9,0.3073934976328671
540,0.00177400674165946,0,0,0,0,0,0,0,0,0,0,0.089019915271034,0.089019915271034,0,19,0.8,0,9,0.17981383728372746
570,0.00107412090999954,0,0,0,0,0,0,0,0,0,0,0.0537619817100494,0.0537619817100494,0,20,0.8,0,9,0.10859808433009835
600,6.6335165725363e-4,0,0,0,0,0,0,0,0,0,0,0.0330334711318607,0.0330334711318607,0,21,0.8,0,9,0.06673029392097503
630,4.1496029674316e-4,0,0,0,0,0,0,0,0,0,0,0.0205763972136732,0.0205763972136732,0,22,0.8,0,9,0.04156775472408956
660,2.622207740905e-4,0,0,0,0,0,0,0,0,0,0,0.0129431611118358,0.0129431611118358,0,23,0.8,0,9,0.0261485429977621
690,1.670449482173e-4,0,0,0,0,0,0,0,0,0,0,0.00820818526375522,0.00820818526375522,0,24,0.8,0,9,0.016583415475727743
720,1.0715919168536e-4,0,0,0,0,0,0,0,0,0,0,0.00524152765558946,0.00524152765558946,0,25,0.8,0,9,0.010590214502864279
750,6.91749157178817e-5,0,0,0,0,0,0,0,0,0,0,0.00336809323099488,0.00336809323099488,0,26,0.8,0,9,0.006805361377707641
780,4.49170526255126e-5,0,0,0,0,0,0,0,0,0,0,0.00217691042050265,0.00217691042050265,0,27,0.8,0,9,0.004398737893630812
810,2.93297722339861e-5,0,0,0,0,0,0,0,0,0,0,0.00141488240107655,0.00141488240107655,0,28,0.8,0,9,0.002859094574387086
840,1.92565473147881e-5,0,0,0,0,0,0,0,0,0,0,9.2461386272192e-4,9.2461386272192e-4,0,29,0.8,0,9,0.001868484272758628
870,1.27111932771025e-5,0,0,0,0,0,0,0,0,0,0,6.0747253737276e-4,6.0747253737276e-4,0,30,0.8,0,9,0.0012276562680226225
900,8.43560592240344e-6,0,0,0,0,0,0,0,0,0,0,4.012387315889e-4,4.012387315889e-4,0,31,0.8,0,9,8.109130691002034e-4
930,5.62812405292827e-6,0,0,0,0,0,0,0,0,0,0,2.664306880922e-4,2.664306880922e-4,0,32,0.8,0,9,5.384895002373282e-4
960,3.77512354814371e-6,0,0,0,0,0,0,0,0,0,0,1.778580098681e-4,1.778580098681e-4,0,33,0.8,0,9,3.594911432843437e-4
990,2.54581182379668e-6,0,0,0,0,0,0,0,0,0,0,1.1936520656761e-4,1.1936520656761e-4,0,34,0.8,0,9,2.4127622495901668e-4
1020,1.72607508176985e-6,0,0,0,0,0,0,0,0,0,0,8.05392752051048e-5,8.05392752051048e-5,0,35,0.8,0,9,1.6280462549197943e-4
1050,1.17664120735421e-6,0,0,0,0,0,0,0,0,0,0,5.46356240159869e-5,5.46356240159869e-5,0,36,0.8,0,9,1.1044788923932801e-4
1080,8.06479960509665e-7,0,0,0,0,0,0,0,0,0,0,3.72645900999937e-5,3.72645900999937e-5,0,37,0.8,0,9,7.533566016049706e-5
1110,5.55806269775158e-7,0,0,0,0,0,0,0,0,0,0,2.55554814874817e-5,2.55554814874817e-5,0,38,0.8,0,9,5.1666769244738556e-5
1140,3.85167426098725e-7,0,0,0,0,0,0,0,0,0,0,1.76219849922664e-5,1.76219849922664e-5,0,39,0.8,0,9,3.5629137410631526e-5
1170,2.6840362922695e-7,0,0,0,0,0,0,0,0,0,0,1.22186983580428e-5,1.22186983580428e-5,0,40,0.8,0,9,2.470580034531255e-5
1200,1.88086168049203e-7,0,0,0,0,0,0,0,0,0,0,8.51944252998704e-6,8.51944252998704e-6,0,41,0.8,0,9,1.7226971228023282e-5
1230,1.32547721795986e-7,0,0,0,0,0,0,0,0,0,0,5.97352463709955e-6,5.97352463709955e-6,0,42,0.8,0,9,1.2079596995995086e-5
1260,9.39403620151951e-8,0,0,0,0,0,0,0,0,0,0,4.21212102830441e-6,4.21212102830441e-6,0,43,0.8,0,9,8.518182418624015e-6
1290,6.69598788753743e-8,0,0,0,0,0,0,0,0,0,0,2.98702921961032e-6,2.98702921961032e-6,0,44,0.8,0,9,6.041018318096015e-6
1320,4.80040358264134e-8,0,0,0,0,0,0,0,0,0,0,2.13041676109731e-6,2.13041676109731e-6,0,45,0.8,0,9,4.308837558021034e-6
1350,3.46146517863365e-8,0,0,0,0,0,0,0,0,0,0,1.52825007872431e-6,1.52825007872431e-6,0,46,0.8,0,9,3.0911148092349565e-6
1380,2.51061449560229e-8,0,0,0,0,0,0,0,0,0,0,1.10267515085033e-6,1.10267515085033e-6,0,47,0.8,0,9,2.230456446656683e-6
1410,1.83171090709962e-8,0,0,0,0,0,0,0,0,0,0,8.00281647042888e-7,8.00281647042888e-7,0,48,0.8,0,9,1.6188804031567723e-6
1440,1.34434244810305e-8,0,0,0,0,0,0,0,0,0,0,5.84250775195223e-7,5.84250775195223e-7,0,49,0.8,0,9,1.1819449748714766e-6
1470,9.925639143955431e-9,0,0,0,0,0,0,0,0,0,0,4.29077981146122e-7,4.29077981146122e-7,0,50,0.8,0,9,8.680816014361994e-7
1500,7.37262960587923e-9,0,0,0,0,0,0,0,0,0,0,3.17010198163597e-7,3.17010198163597e-7,0,51,0.8,0,9,6.413930259330732e-7
1530,5.50962139802224e-9,0,0,0,0,0,0,0,0,0,0,2.35629770532076e-7,2.35629770532076e-7,0,52,0.8,0,9,4.767691624621742e-7
1560,4.14263643350043e-9,0,0,0,0,0,0,0,0,0,0,1.76208610197843e-7,1.76208610197843e-7,0,53,0.8,0,9,3.565598568291864e-7
1590,3.1340664529088905e-9,0,0,0,0,0,0,0,0,0,0,1.32581986297471e-7,1.32581986297471e-7,0,54,0.8,0,9,2.6829803904785087e-7
1620,2.38581505220803e-9,0,0,0,0,0,0,0,0,0,0,1.00374412472929e-7,1.00374412472929e-7,0,55,0.8,0,9,2.0313463999806603e-7
1650,1.82761075512564e-9,0,0,0,0,0,0,0,0,0,0,7.64651534852641e-8,7.64651534852641e-8,0,56,0.8,0,9,1.5475791772565385e-7
1680,1.40886847404493e-9,0,0,0,0,0,0,0,0,0,0,5.86175158211263e-8,5.86175158211263e-8,0,57,0.8,0,9,1.1864390011629754e-7
1710,1.09299649436785e-9,0,0,0,0,0,0,0,0,0,0,4.52205758260033e-8,4.52205758260033e-8,0,58,0.8,0,9,9.153414814637445e-8
1740,8.53396231288017e-10,0,0,0,0,0,0,0,0,0,0,3.51084325065361e-8,3.51084325065361e-8,0,59,0.8,0,9,7.107026124436022e-8
1770,6.70638804402336e-10,0,0,0,0,0,0,0,0,0,0,2.74331456617491e-8,2.74331456617491e-8,0,60,0.8,0,9,5.553693012790054e-8
1800,5.30463289653481e-10,0,0,0,0,0,0,0,0,0,0,2.15750124585726e-8,2.15750124585726e-8,0,61,0.8,0,9,4.368048820679868e-8
1830,4.22351169317403e-10,0,0,0,0,0,0,0,0,0,0,1.70789259022617e-8,1.70789259022617e-8,0,62,0.8,0,9,3.45802029738408e-8
1860,3.38506586846048e-10,0,0,0,0,0,0,0,0,0,0,1.36090312113483e-8,1.36090312113483e-8,0,63,0.8,0,9,2.7556569009542648e-8
1890,2.73123636005006e-10,0,0,0,0,0,0,0,0,0,0,1.0916274759359e-8,1.0916274759359e-8,0,64,0.8,0,9,2.2105673154723007e-08
1920,2.21857549938104e-10,0,0,0,0,0,0,0,0,0,0,8.81507626051863e-9,8.81507626051863e-9,0,65,0.8,0,9,1.7852010070975365e-8
1950,1.81441356481834e-10,0,0,0,0,0,0,0,0,0,0,7.1664847110685105e-9,7.1664847110685105e-9,0,66,0.8,0,9,1.4514410778618856e-8
1980,1.49406756581096e-10,0,0,0,0,0,0,0,0,0,0,5.86596204481809e-9,5.86596204481809e-9,0,67,0.8,0,9,1.1881330846217276e-8
0,250,0,0,0,0,0,0,0,0,0,0,0,0,0,1,0.8,1e-4,10,250
30,250.000322400697,0,0,0,0,0,0,0,0,0,0,0,0,0,2,0.8,1e-4,10,250.000322400697
60,250.000090984018,0,0,0,0,0,0,0,0,0,0,0,0,0,3,0.8,1e-4,10,250.000090984018
90,250.000018876751,0,0,0,0,0,0,0,0,0,0,0,0,0,4,0.8,1e-4,10,250.000018876751
120,217.400477947593,0,0,0,0,0,0,0,0,0,0,38.2765556627123,38.2765556627123,0.00888383361707028,5,0.8,1e-4,10,293.96247310663466
150,142.105743987572,0,0,0,0,0,0,0,0,0,0,67.8155731816259,67.8144597988156,0.0291047888534215,6,0.8,1e-4,10,277.76488175686694
180,89.5550312682602,0,0,0,0,0,0,0,0,0,0,77.4385722823535,77.4361327758134,0.0622491673276094,7,0.8,1e-4,10,244.49198549375473
210,53.4700572590206,0,0,0,0,0,0,0,0,0,0,77.3272554380157,77.3239367539021,0.115972256218246,8,0.8,1e-4,10,208.23722170715664
240,29.0854624281421,0,0,0,0,0,0,0,0,0,0,71.2504810655362,71.2469652173445,0.203453089681536,9,0.8,1e-4,10,171.78636180070433
270,13.8166540887706,0,0,0,0,0,0,0,0,0,0,61.6111007891833,61.6080425361952,0.348943386772439,10,0.8,1e-4,10,137.38474080092155
300,5.47541435862205,0,0,0,0,0,0,0,0,0,0,51.1404367819811,51.1382484510665,0.594248270093583,11,0.8,1e-4,10,108.34834786176323
330,1.75592108423642,0,0,0,0,0,0,0,0,0,0,42.6791452057361,42.6778334952917,1.00657314945557,12,0.8,1e-4,10,88.1194729347198
360,0.488446295422074,0,0,0,0,0,0,0,0,0,0,38.1333273927207,38.1325242780854,1.68851760537168,13,0.8,1e-4,10,78.44281557159985
390,0.151664657124059,0,0,0,0,0,0,0,0,0,0,37.4540102435295,37.4532433371325,2.81116992416971,14,0.8,1e-4,10,77.87008816195576
420,0.109873086141407,0,0,0,0,0,0,0,0,0,0,17.3065498513963,17.3040012964401,3.42718157867338,15,0.8,1e-4,10,38.147605812651186
450,0.122223962937145,0,0,0,0,0,0,0,0,0,0,22.125545423255,22.1213859608692,19.4209527227088,16,0.8,1e-4,10,63.79010806977015
480,0.219090752487881,0,0,0,0,0,0,0,0,0,0,37.9887426592867,37.9815909986618,49.6102107213132,17,0.8,1e-4,10,125.79963513174958
510,0.254359784510466,0,0,0,0,0,0,0,0,0,0,44.3248641898615,44.3170608323268,88.0605062600505,18,0.8,1e-4,10,176.95679106674928
540,0.241578424182977,0,0,0,0,0,0,0,0,0,0,42.0136598895306,42.0068832512536,122.44021488947,19,0.8,1e-4,10,206.7023364544372
570,0.222245756648739,0,0,0,0,0,0,0,0,0,0,38.6389689802267,38.6333108629363,146.107676146569,20,0.8,1e-4,10,223.60220174638073
600,0.197961292051371,0,0,0,0,0,0,0,0,0,0,34.3955640601614,34.3909623027517,163.816404184343,21,0.8,1e-4,10,232.8008918393075
630,0.176418164060482,0,0,0,0,0,0,0,0,0,0,30.6392534873513,30.6354796094344,176.710701890804,22,0.8,1e-4,10,238.16185315165018
660,0.157765184549271,0,0,0,0,0,0,0,0,0,0,27.3887414896444,27.3856088063244,186.518894802413,23,0.8,1e-4,10,241.45101028293107
690,0.142020925021676,0,0,0,0,0,0,0,0,0,0,24.6468295151765,24.6441914694911,194.150485858666,24,0.8,1e-4,10,243.58352776835528
720,0.128733324192983,0,0,0,0,0,0,0,0,0,0,22.3337388887256,22.3314869120114,200.236933601732,25,0.8,1e-4,10,245.030892726662
750,0.117472077224006,0,0,0,0,0,0,0,0,0,0,20.3740978298853,20.3721514351697,205.188287218109,26,0.8,1e-4,10,246.052008560388
780,0.107860096505209,0,0,0,0,0,0,0,0,0,0,18.7019537321504,18.700252802149,209.285966619403,27,0.8,1e-4,10,246.79603325020761
810,0.0995915664262086,0,0,0,0,0,0,0,0,0,0,17.2638907099183,17.2623897385396,212.727223380185,28,0.8,1e-4,10,247.3530953950691
840,0.0924227285854499,0,0,0,0,0,0,0,0,0,0,16.0173649887156,16.0160290315452,215.654108637618,29,0.8,1e-4,10,247.77992538646427
870,0.0861604544121856,0,0,0,0,0,0,0,0,0,0,14.9286895514681,14.9274913876941,218.171184229945,30,0.8,1e-4,10,248.1135256235194
900,0.080651401575447,0,0,0,0,0,0,0,0,0,0,13.9711295536118,13.970047688781,220.356957614142,31,0.8,1e-4,10,248.37878625811024
930,0.0757731638314584,0,0,0,0,0,0,0,0,0,0,13.1233518432617,13.122369088348,222.271412022196,32,0.8,1e-4,10,248.59290611763714
960,0.0714273442373835,0,0,0,0,0,0,0,0,0,0,12.3682130815489,12.3673155290164,223.961097251982,33,0.8,1e-4,10,248.76805320678469
990,0.0675342398163906,0,0,0,0,0,0,0,0,0,0,11.6918306908348,11.6910069667495,225.462645915751,34,0.8,1e-4,10,248.9130178131517
1020,0.064028785408459,0,0,0,0,0,0,0,0,0,0,11.0828743880201,11.0821150984436,226.805250909172,35,0.8,1e-4,10,249.03426918104415
1050,0.060857456615754,0,0,0,0,0,0,0,0,0,0,10.5320255338748,10.5313228497613,228.012442377799,36,0.8,1e-4,10,249.13664821805085
1080,0.0579758955125714,0,0,0,0,0,0,0,0,0,0,10.0315628382193,10.0309101803436,229.103383081969,37,0.8,1e-4,10,249.22383199604448
1110,0.0553470798437747,0,0,0,0,0,0,0,0,0,0,9.57504301741024,9.57443481445623,230.093826731643,38,0.8,1e-4,10,249.29865164335322
1140,0.052939901773972,0,0,0,0,0,0,0,0,0,0,9.15705296680803,9.15648446761995,230.996836619508,39,0.8,1e-4,10,249.36331395570994
1170,0.0507280566663469,0,0,0,0,0,0,0,0,0,0,8.77301604691167,8.77248317330737,231.823331226226,40,0.8,1e-4,10,249.41955850311138
1200,0.0486891679369645,0,0,0,0,0,0,0,0,0,0,8.4190395600958,8.41853879038844,232.582503210382,41,0.8,1e-4,10,249.46877072880318
1230,0.0468040928569291,0,0,0,0,0,0,0,0,0,0,8.09179378947083,8.09132206547893,233.282144572382,42,0.8,1e-4,10,249.5120645201887
1260,0.045056368007255,0,0,0,0,0,0,0,0,0,0,7.78841539030695,7.78797004250408,233.928901475586,43,0.8,1e-4,10,249.55034327640428
1290,0.0434317632705587,0,0,0,0,0,0,0,0,0,0,7.50642970352152,7.50600839032216,234.528475757504,44,0.8,1e-4,10,249.58434561461823
1320,0.0419179207629546,0,0,0,0,0,0,0,0,0,0,7.24368787427833,7.24328853243454,235.085785631476,45,0.8,1e-4,10,249.61467995895183
1350,0.0405040606922271,0,0,0,0,0,0,0,0,0,0,6.99831563361038,6.9979364374113,235.605094854098,46,0.8,1e-4,10,249.6418509858119
1380,0.0391807402975212,0,0,0,0,0,0,0,0,0,0,6.76867132875846,6.76831065625697,236.090117311353,47,0.8,1e-4,10,249.66628003666594
1410,0.0379396551588299,0,0,0,0,0,0,0,0,0,0,6.55331133466764,6.55296773955656,236.544102285745,48,0.8,1e-4,10,249.68832101512803
1440,0.0367734745341565,0,0,0,0,0,0,0,0,0,0,6.35096139249739,6.35063358055826,236.969904423087,49,0.8,1e-4,10,249.7082728706768
1470,0.0356757041860708,0,0,0,0,0,0,0,0,0,0,6.16049273563449,6.16017954491075,237.370041493827,50,0.8,1e-4,10,249.7263894785583
1500,0.0346405715413818,0,0,0,0,0,0,0,0,0,0,5.9809021047027,5.98060248872448,237.74674235136,51,0.8,1e-4,10,249.74288751632858
1530,0.0336629290931721,0,0,0,0,0,0,0,0,0,0,5.81129493884233,5.8110079523658,238.101986966295,52,0.8,1e-4,10,249.7579527865963
1560,0.0327381727810457,0,0,0,0,0,0,0,0,0,0,5.65087117462875,5.65059596145883,238.437540016568,53,0.8,1e-4,10,249.77174532543663
1590,0.0318621727305396,0,0,0,0,0,0,0,0,0,0,5.4989131964389,5.49864897898643,238.754979206857,54,0.8,1e-4,10,249.78440355501286
1620,0.0310312142390492,0,0,0,0,0,0,0,0,0,0,5.35477557032248,5.35452164061288,239.055719253614,55,0.8,1e-4,10,249.7960476787884
1650,0.0302419472953507,0,0,0,0,0,0,0,0,0,0,5.21787626308894,5.21763197499069,239.341032287303,56,0.8,1e-4,10,249.80678247267798
1680,0.02949134323708,0,0,0,0,0,0,0,0,0,0,5.08768910359636,5.08745386607928,239.612065278643,57,0.8,1e-4,10,249.81669959155573
1710,0.0287766574036493,0,0,0,0,0,0,0,0,0,0,4.96373728732341,4.9635105585901,239.869854981333,58,0.8,1e-4,10,249.82587948465016
1740,0.02809539684506,0,0,0,0,0,0,0,0,0,0,4.8455877606609,4.84536904302109,240.115340793083,59,0.8,1e-4,10,249.83439299361004
1770,0.0274452923106159,0,0,0,0,0,0,0,0,0,0,4.73284634984247,4.7326351852222,240.349375864376,60,0.8,1e-4,10,249.84230269175129
1800,0.026824273873938,0,0,0,0,0,0,0,0,0,0,4.62515352249103,4.62494948848606,240.572736726329,61,0.8,1e-4,10,249.84966401118004
1830,0.0262304496583418,0,0,0,0,0,0,0,0,0,0,4.52218068850388,4.52198339490139,240.786131662158,62,0.8,1e-4,10,249.85652619522162
1860,0.0256620872145651,0,0,0,0,0,0,0,0,0,0,4.42362696230871,4.42343604801319,240.990208008808,63,0.8,1e-4,10,249.86293310634446
1890,0.0251175971749409,0,0,0,0,0,0,0,0,0,0,4.32921632107704,4.32903145138623,241.185558544403,64,0.8,1e-4,10,249.8689239140412
1920,0.0245955188674884,0,0,0,0,0,0,0,0,0,0,4.23869510381706,4.23851596800198,241.372727091887,65,0.8,1e-4,10,249.8745336825735
1950,0.0240945076224712,0,0,0,0,0,0,0,0,0,0,4.15182980481208,4.15165611396182,241.552213448451,66,0.8,1e-4,10,249.87979387484737
1980,0.0236133235446908,0,0,0,0,0,0,0,0,0,0,4.06840512195737,4.06823660705537,241.724477733244,67,0.8,1e-4,10,249.88473278580142
0,250,0,0,0,0,0,0,0,0,0,0,0,0,0,1,0.8,1e-4,11,250
30,250.000322400697,0,0,0,0,0,0,0,0,0,0,0,0,0,2,0.8,1e-4,11,250.000322400697
60,250.000090984018,0,0,0,0,0,0,0,0,0,0,0,0,0,3,0.8,1e-4,11,250.000090984018
90,250.000018876751,0,0,0,0,0,0,0,0,0,0,0,0,0,4,0.8,1e-4,11,250.000018876751
120,217.400477947593,0,0,0,0,0,0,0,0,0,0,38.2765556627123,38.2765556627123,0.00888383361707028,5,0.8,1e-4,11,293.96247310663466
150,142.105743987572,0,0,0,0,0,0,0,0,0,0,67.8155731816259,67.8144597988156,0.0291047888534215,6,0.8,1e-4,11,277.76488175686694
180,89.5550312682602,0,0,0,0,0,0,0,0,0,0,77.4385722823535,77.4361327758134,0.0622491673276094,7,0.8,1e-4,11,244.49198549375473
210,53.4700572590206,0,0,0,0,0,0,0,0,0,0,77.3272554380157,77.3239367539021,0.115972256218246,8,0.8,1e-4,11,208.23722170715664
240,29.0854624281421,0,0,0,0,0,0,0,0,0,0,71.2504810655362,71.2469652173445,0.203453089681536,9,0.8,1e-4,11,171.78636180070433
270,13.8166540887706,0,0,0,0,0,0,0,0,0,0,61.6111007891833,61.6080425361952,0.348943386772439,10,0.8,1e-4,11,137.38474080092155
300,5.47541435862205,0,0,0,0,0,0,0,0,0,0,51.1404367819811,51.1382484510665,0.594248270093583,11,0.8,1e-4,11,108.34834786176323
330,1.75592108423642,0,0,0,0,0,0,0,0,0,0,42.6791452057361,42.6778334952917,1.00657314945557,12,0.8,1e-4,11,88.1194729347198
360,0.488446295422074,0,0,0,0,0,0,0,0,0,0,38.1333273927207,38.1325242780854,1.68851760537168,13,0.8,1e-4,11,78.44281557159985
390,0.151664657124059,0,0,0,0,0,0,0,0,0,0,37.4540102435295,37.4532433371325,2.81116992416971,14,0.8,1e-4,11,77.87008816195576
420,0.0587155437358675,0,0,0,0,0,0,0,0,0,0,39.2472327382363,39.2461722497057,4.66952446628551,15,0.8,1e-4,11,83.22164499796338
450,0.0467892923714734,0,0,0,0,0,0,0,0,0,0,22.8323948341384,22.8289440595896,6.03109243550231,16,0.8,1e-4,11,51.73922062160178
480,0.0511868891167951,0,0,0,0,0,0,0,0,0,0,27.2211951526815,27.2161255961177,28.0356116856837,17,0.8,1e-4,11,82.52411932359969
510,0.0789401634199986,0,0,0,0,0,0,0,0,0,0,41.0397418506094,41.0321660008088,60.4456702352861,18,0.8,1e-4,11,142.5965182501243
540,0.0849761631250671,0,0,0,0,0,0,0,0,0,0,44.276153138138,44.2685453627897,98.1802880103951,19,0.8,1e-4,11,186.80996267444786
570,0.0793706243794906,0,0,0,0,0,0,0,0,0,0,41.3197050086112,41.3132197195588,129.484115251864,20,0.8,1e-4,11,212.1964106044135
600,0.0721387310996437,0,0,0,0,0,0,0,0,0,0,37.5512952681189,37.5459367368179,151.349960231495,21,0.8,1e-4,11,226.51933096753146
630,0.0641750139421642,0,0,0,0,0,0,0,0,0,0,33.3961442836947,33.39178165878,167.607226989328,22,0.8,1e-4,11,234.4593279457449
660,0.0572073825416876,0,0,0,0,0,0,0,0,0,0,29.7643989359313,29.7608108806305,179.57509399016,23,0.8,1e-4,11,239.15751118926352
690,0.051231476422961,0,0,0,0,0,0,0,0,0,0,26.649974063351902,26.646984416357,188.736352390786,24,0.8,1e-4,11,242.08454234691789
720,0.0461944487059715,0,0,0,0,0,0,0,0,0,0,24.0255085264587,24.022981675617,195.912060377847,25,0.8,1e-4,11,244.00674502862867
750,0.0419413764475055,0,0,0,0,0,0,0,0,0,0,21.8098471812726,21.8076828415076,201.66596829751,26,0.8,1e-4,11,245.3254396967377
780,0.0383314839648147,0,0,0,0,0,0,0,0,0,0,19.9295052235274,19.9276289413287,206.36865076725,27,0.8,1e-4,11,246.2641164160709
810,0.0352446313652991,0,0,0,0,0,0,0,0,0,0,18.3217841026197,18.3201400830673,210.276041764729,28,0.8,1e-4,11,246.9532105817813
840,0.0325841399552327,0,0,0,0,0,0,0,0,0,0,16.9362558284314,16.9348016777009,213.56878665545,29,0.8,1e-4,11,247.47242830153752
870,0.0302731751723663,0,0,0,0,0,0,0,0,0,0,15.7328537546051,15.7315567936523,216.377744776285,30,0.8,1e-4,11,247.87242849971477
900,0.0282508779394317,0,0,0,0,0,0,0,0,0,0,14.6798489649779,14.6786836444383,218.799748247142,31,0.8,1e-4,11,248.18653173449763
930,0.0264688826937993,0,0,0,0,0,0,0,0,0,0,13.7520303159832,13.7509763921991,220.907840027809,32,0.8,1e-4,11,248.4373156186851
960,0.0248885233841075,0,0,0,0,0,0,0,0,0,0,12.9292454808075,12.9282867138556,222.758060388326,33,0.8,1e-4,11,248.6404811063732
990,0.0234786630529979,0,0,0,0,0,0,0,0,0,0,12.1952681288157,12.1943913409387,224.394061211296,34,0.8,1e-4,11,248.8071993441034
1020,0.0222140331242002,0,0,0,0,0,0,0,0,0,0,11.5369314436101,11.5361258290339,225.850309754297,35,0.8,1e-4,11,248.9455810600652
1050,0.0210739669657506,0,0,0,0,0,0,0,0,0,0,10.9434675239144,10.9427241361906,227.154356577797,36,0.8,1e-4,11,249.06162220486775
1080,0.0200414324251616,0,0,0,0,0,0,0,0,0,0,10.4060028362252,10.4053142025709,228.328469178789,37,0.8,1e-4,11,249.15982765001024
1110,0.0191022893020685,0,0,0,0,0,0,0,0,0,0,9.91717103926744,9.91653086693436,229.390827513892,38,0.8,1e-4,11,249.24363170939586
1140,0.0182447159435815,0,0,0,0,0,0,0,0,0,0,9.47081403511882,9.47021698529194,230.356411624628,39,0.8,1e-4,11,249.31568736098234
1170,0.0174587633748013,0,0,0,0,0,0,0,0,0,0,9.06174953911789,9.06119105096161,231.237669426102,40,0.8,1e-4,11,249.37806877955632
1200,0.0167360060882768,0,0,0,0,0,0,0,0,0,0,8.68558905635929,8.68506520872865,232.045025237722,41,0.8,1e-4,11,249.43241550889823
1230,0.0160692665426103,0,0,0,0,0,0,0,0,0,0,8.33859429153458,8.33810169328041,232.787271388733,42,0.8,1e-4,11,249.4800366400906
1260,0.015452396248025,0,0,0,0,0,0,0,0,0,0,8.0175630608619,8.01709876306334,233.471872912693,43,0.8,1e-4,11,249.52198713286626
1290,0.014880100597296,0,0,0,0,0,0,0,0,0,0,7.71973800871082,7.71929943388313,234.105206898067,44,0.8,1e-4,11,249.55912444125823
1320,0.0143477977520673,0,0,0,0,0,0,0,0,0,0,7.44273307588671,7.44231796044834,234.692752186289,45,0.8,1e-4,11,249.59215102037612
1350,0.0138515042248713,0,0,0,0,0,0,0,0,0,0,7.18447388215374,7.1840802293368196,235.239240966359,46,0.8,1e-4,11,249.62164658207445
1380,0.0133877415294332,0,0,0,0,0,0,0,0,0,0,6.94314908909336,6.94277513014545,235.748780858343,47,0.8,1e-4,11,249.64809281911124
1410,0.0129534595673149,0,0,0,0,0,0,0,0,0,0,6.71717048500258,6.71681464701941,236.224953943063,48,0.8,1e-4,11,249.67189253465233
1440,0.0125459733939188,0,0,0,0,0,0,0,0,0,0,6.50514004193864,6.50480092103767,236.670897636595,49,0.8,1e-4,11,249.69338457296521
1470,0.012162910745401,0,0,0,0,0,0,0,0,0,0,6.30582258008868,6.30549891891252,237.089371158828,50,0.8,1e-4,11,249.71285556857458
1500,0.0118021682711037,0,0,0,0,0,0,0,0,0,0,6.11812296819989,6.11781363695206,237.482810489485,51,0.8,1e-4,11,249.73054926290806
1530,0.011461874848167,0,0,0,0,0,0,0,0,0,0,5.94106701404125,5.9407709944206,237.853374062081,52,0.8,1e-4,11,249.74667394539102
1560,0.0111403606885946,0,0,0,0,0,0,0,0,0,0,5.77378537277303,5.77350174430006,238.202980959147,53,0.8,1e-4,11,249.76140843690868
1590,0.0108361312082325,0,0,0,0,0,0,0,0,0,0,5.61549993620077,5.61522786452833,238.53334300004,54,0.8,1e-4,11,249.7749069319773
1620,0.0105478448296914,0,0,0,0,0,0,0,0,0,0,5.46551227147154,5.46525099834984,238.845991826318,55,0.8,1e-4,11,249.78730294096908
1650,0.0102742940504743,0,0,0,0,0,0,0,0,0,0,5.32319376075981,5.32294259538728,239.14230186778,56,0.8,1e-4,11,249.79871251797755
1680,0.0100143892334362,0,0,0,0,0,0,0,0,0,0,5.18797715908608,5.18773547062658,239.423509899114,57,0.8,1e-4,11,249.8092369180601
1710,0.00976714467673412,0,0,0,0,0,0,0,0,0,0,5.05934933953953,5.05911655062497,239.690731761103,58,0.8,1e-4,11,249.81896479594423
1740,0.00953166660032693,0,0,0,0,0,0,0,0,0,0,4.93684503681477,4.93662061788438,239.944976712869,59,0.8,1e-4,11,249.82797403416848
1770,0.00930714275024111,0,0,0,0,0,0,0,0,0,0,4.82004143340213,4.81982489775408,240.187159796246,60,0.8,1e-4,11,249.83633327015244
1800,0.00909283337356518,0,0,0,0,0,0,0,0,0,0,4.7085534597353504,4.70834435918793,240.418112525091,61,0.8,1e-4,11,249.84410317738784
1830,0.00888806335907884,0,0,0,0,0,0,0,0,0,0,4.60202970145456,4.60182762253011,240.638592157497,62,0.8,1e-4,11,249.85133754484073
1860,0.00869221537256439,0,0,0,0,0,0,0,0,0,0,4.50014882473029,4.49995338528957,240.849289764616,63,0.8,1e-4,11,249.85808419000844
1890,0.00850472384376056,0,0,0,0,0,0,0,0,0,0,4.4026164451381,4.40242729140362,241.050837273801,64,0.8,1e-4,11,249.86438573418647
1920,0.00832506968483422,0,0,0,0,0,0,0,0,0,0,4.30916237751076,4.30897918142739,241.243813634555,65,0.8,1e-4,11,249.870280263178
1950,0.00815277563913128,0,0,0,0,0,0,0,0,0,0,4.21953821403516,4.21936067092368,241.428750231705,66,0.8,1e-4,11,249.87580189230297
1980,0.00798740217459473,0,0,0,0,0,0,0,0,0,0,4.13351518600073,4.13334301246705,241.606135650587,67,0.8,1e-4,11,249.88098125122937
0,250,0,0,0,0,0,0,0,0,0,0,0,0,0,1,0.8,1e-4,12,250
30,250.000322400697,0,0,0,0,0,0,0,0,0,0,0,0,0,2,0.8,1e-4,12,250.000322400697
60,250.000090984018,0,0,0,0,0,0,0,0,0,0,0,0,0,3,0.8,1e-4,12,250.000090984018
90,250.000018876751,0,0,0,0,0,0,0,0,0,0,0,0,0,4,0.8,1e-4,12,250.000018876751
120,217.400477947593,0,0,0,0,0,0,0,0,0,0,38.2765556627123,38.2765556627123,0.00888383361707028,5,0.8,1e-4,12,293.96247310663466
150,142.105743987572,0,0,0,0,0,0,0,0,0,0,67.8155731816259,67.8144597988156,0.0291047888534215,6,0.8,1e-4,12,277.76488175686694
180,89.5550312682602,0,0,0,0,0,0,0,0,0,0,77.4385722823535,77.4361327758134,0.0622491673276094,7,0.8,1e-4,12,244.49198549375473
210,53.4700572590206,0,0,0,0,0,0,0,0,0,0,77.3272554380157,77.3239367539021,0.115972256218246,8,0.8,1e-4,12,208.23722170715664
240,29.0854624281421,0,0,0,0,0,0,0,0,0,0,71.2504810655362,71.2469652173445,0.203453089681536,9,0.8,1e-4,12,171.78636180070433
270,13.8166540887706,0,0,0,0,0,0,0,0,0,0,61.6111007891833,61.6080425361952,0.348943386772439,10,0.8,1e-4,12,137.38474080092155
300,5.47541435862205,0,0,0,0,0,0,0,0,0,0,51.1404367819811,51.1382484510665,0.594248270093583,11,0.8,1e-4,12,108.34834786176323
330,1.75592108423642,0,0,0,0,0,0,0,0,0,0,42.6791452057361,42.6778334952917,1.00657314945557,12,0.8,1e-4,12,88.1194729347198
360,0.488446295422074,0,0,0,0,0,0,0,0,0,0,38.1333273927207,38.1325242780854,1.68851760537168,13,0.8,1e-4,12,78.44281557159985
390,0.151664657124059,0,0,0,0,0,0,0,0,0,0,37.4540102435295,37.4532433371325,2.81116992416971,14,0.8,1e-4,12,77.87008816195576
420,0.0587155437358675,0,0,0,0,0,0,0,0,0,0,39.2472327382363,39.2461722497057,4.66952446628551,15,0.8,1e-4,12,83.22164499796338
450,0.0259812970700434,0,0,0,0,0,0,0,0,0,0,42.5385082508298,42.5369539643462,7.67975720783527,16,0.8,1e-4,12,92.78120072008132
480,0.0218647780314547,0,0,0,0,0,0,0,0,0,0,29.0439914568099,29.0395909522664,10.2924149726366,17,0.8,1e-4,12,68.39786215974435
510,0.0229694898816818,0,0,0,0,0,0,0,0,0,0,32.1612635402618,32.1553821515083,37.9271010932655,18,0.8,1e-4,12,102.26671627491729
540,0.0312745222649298,0,0,0,0,0,0,0,0,0,0,43.2440232678406,43.2362491444476,71.1973957593907,19,0.8,1e-4,12,157.70894269394384
570,0.0316731192128666,0,0,0,0,0,0,0,0,0,0,43.8502953034202,43.8429766579758,107.547770854014,20,0.8,1e-4,12,195.27271593462285
600,0.0292474345941548,0,0,0,0,0,0,0,0,0,0,40.469642410588,40.4634812832416,135.912291287687,21,0.8,1e-4,12,216.87466241611077
630,0.0263443645195467,0,0,0,0,0,0,0,0,0,0,36.4516189350681,36.4465629129263,156.112681079114,22,0.8,1e-4,12,229.03720729162794
660,0.0234297358709462,0,0,0,0,0,0,0,0,0,0,32.4126687117474,32.4085435346893,171.069085491757,23,0.8,1e-4,12,235.91372747406464
690,0.0209022338751026,0,0,0,0,0,0,0,0,0,0,28.9124438653129,28.9090398262441,182.202357074433,24,0.8,1e-4,12,240.0447429998651
720,0.0187496398248622,0,0,0,0,0,0,0,0,0,0,25.9314552629439,25.928607914829,190.778327015066,25,0.8,1e-4,12,242.65713983266377
750,0.0169359184950486,0,0,0,0,0,0,0,0,0,0,23.420075126199,23.4176596839725,197.539245620698,26,0.8,1e-4,12,244.39391634936456
780,0.0154030142296259,0,0,0,0,0,0,0,0,0,0,21.2976788043345,21.2956029760372,202.989018112375,27,0.8,1e-4,12,245.5977029069763
810,0.0140996292986947,0,0,0,0,0,0,0,0,0,0,19.4931825775498,19.4913776915679,207.463270267881,28,0.8,1e-4,12,246.4619301662974
840,0.0129828841268669,0,0,0,0,0,0,0,0,0,0,17.9471649612987,17.9455793664233,211.195209230638,29,0.8,1e-4,12,247.10093644248687
870,0.012018454475733,0,0,0,0,0,0,0,0,0,0,16.6120735494934,16.610667846051,214.350594998852,30,0.8,1e-4,12,247.58535484887213
900,0.0111791114707504,0,0,0,0,0,0,0,0,0,0,15.4501902098242,15.4489339087172,217.050198121802,31,0.8,1e-4,12,247.96050135181414
930,0.010443279853264,0,0,0,0,0,0,0,0,0,0,14.4316315802818,14.4305007566605,219.383849397018,32,0.8,1e-4,12,248.25642501381355
960,0.00979379152472596,0,0,0,0,0,0,0,0,0,0,13.5326204843697,13.5315961170051,221.419620674687,33,0.8,1e-4,12,248.49363106758653
990,0.00921689749531164,0,0,0,0,0,0,0,0,0,0,12.7341163800517,12.7331831617274,223.209951498348,34,0.8,1e-4,12,248.6864679376224
1020,0.00870150462712996,0,0,0,0,0,0,0,0,0,0,12.0207576108687,12.0199030848796,224.795838317301,35,0.8,1e-4,12,248.84520051767643
1050,0.00823859265270103,0,0,0,0,0,0,0,0,0,0,11.3800536265211,11.3792675514057,226.209758187826,36,0.8,1e-4,12,248.9773179584055
1080,0.00782076961836601,0,0,0,0,0,0,0,0,0,0,10.8017690800275,10.8010429560518,227.477748091671,37,0.8,1e-4,12,249.08838089736867
1110,0.00744193196482401,0,0,0,0,0,0,0,0,0,0,10.2774529386009,10.2767796503669,228.62090905253,38,0.8,1e-4,12,249.18258357346264
1140,0.00709700327008164,0,0,0,0,0,0,0,0,0,0,9.80007659413857,9.79945013763298,229.656511120199,39,0.8,1e-4,12,249.26313485524065
1170,0.00678173215919348,0,0,0,0,0,0,0,0,0,0,9.3637539494889,9.36316922129673,230.59881666707,40,0.8,1e-4,12,249.33252157001482
1200,0.00649253487926049,0,0,0,0,0,0,0,0,0,0,8.96352338278257,8.962976015608,231.459701783746,41,0.8,1e-4,12,249.39269371701582
1230,0.00622637177504619,0,0,0,0,0,0,0,0,0,0,8.59517667313746,8.59466290620773,232.249130889557,42,0.8,1e-4,12,249.44519684067723
1260,0.00598064965862464,0,0,0,0,0,0,0,0,0,0,8.25512379412317,8.25464037014729,232.975523221553,43,0.8,1e-4,12,249.49126803548208
1290,0.00575314409260022,0,0,0,0,0,0,0,0,0,0,7.94028528943385,7.9398293719775,233.646038712115,44,0.8,1e-4,12,249.53190651761895
1320,0.00554193709506892,0,0,0,0,0,0,0,0,0,0,7.6480060080876,7.64757511479213,234.266803088345,45,0.8,1e-4,12,249.5679261483198
1350,0.00534536687145524,0,0,0,0,0,0,0,0,0,0,7.37598549643544,7.37557744464042,234.843086667223,46,0.8,1e-4,12,249.59999497517032
1380,0.00516198699044366,0,0,0,0,0,0,0,0,0,0,7.12222146939791,7.12183433155435,235.379447530001,47,0.8,1e-4,12,249.6286653179437
1410,0.00499053302577473,0,0,0,0,0,0,0,0,0,0,6.88496362088664,6.88459568775865,235.879847045445,48,0.8,1e-4,12,249.65439688711606
1440,0.00482989513849336,0,0,0,0,0,0,0,0,0,0,6.66267566065842,6.66232541076571,236.347743746094,49,0.8,1e-4,12,249.67757471265662
1470,0.00467909541557988,0,0,0,0,0,0,0,0,0,0,6.45400393768597,6.45367001178166,236.786170123115,50,0.8,1e-4,12,249.69852316799822
1500,0.00453726903988023,0,0,0,0,0,0,0,0,0,0,6.25775136886711,6.25743254850492,237.197795841734,51,0.8,1e-4,12,249.71751702814592
1530,0.0044036485640299,0,0,0,0,0,0,0,0,0,0,6.07285566583615,6.07255085527875,237.584980085422,52,0.8,1e-4,12,249.73479025510093
1560,0.00427755071306876,0,0,0,0,0,0,0,0,0,0,5.89837106317206,5.89807927404547,237.94981513936,53,0.8,1e-4,12,249.7505430272906
1590,0.00415836525800033,0,0,0,0,0,0,0,0,0,0,5.73345291411237,5.73317325232959,238.294162869872,54,0.8,1e-4,12,249.76494740157196
1620,0.00404554559401886,0,0,0,0,0,0,0,0,0,0,5.57734464656395,5.57707630113359,238.619685409278,55,0.8,1e-4,12,249.77815190256956
1650,0.00393860072872328,0,0,0,0,0,0,0,0,0,0,5.4293666713542,5.42910890476273,238.927871087856,56,0.8,1e-4,12,249.79028526470165
1680,0.00383708844199602,0,0,0,0,0,0,0,0,0,0,5.28890691271687,5.28865905263072,239.22005644670801,57,0.8,1e-4,12,249.8014595004976
1710,0.00374060942383665,0,0,0,0,0,0,0,0,0,0,5.15541269278629,5.15517412486581,239.497445002839,58,0.8,1e-4,12,249.81177242991492
1740,0.00364880223194116,0,0,0,0,0,0,0,0,0,0,5.02838375103558,5.02815391268988,239.761123309927,59,0.8,1e-4,12,249.8213097758844
1770,0.00356133893921365,0,0,0,0,0,0,0,0,0,0,4.90736621891668,4.90714459385756,240.012074757095,60,0.8,1e-4,12,249.83014690880847
1800,0.00347792136422357,0,0,0,0,0,0,0,0,0,0,4.79194740156768,4.79173351504516,240.251191467468,61,0.8,1e-4,12,249.83835030544506
1830,0.00339827779605663,0,0,0,0,0,0,0,0,0,0,4.68175124398095,4.68154465860223,240.479284593869,62,0.8,1e-4,12,249.84597877424824
1860,0.00332216013996602,0,0,0,0,0,0,0,0,0,0,4.57643437973821,4.57623469178756,240.697093257155,63,0.8,1e-4,12,249.8530844888207
1890,0.00324934142242079,0,0,0,0,0,0,0,0,0,0,4.47568267729739,4.47548951348816,240.905292330747,64,0.8,1e-4,12,249.85971386295495
1920,0.00317961360412505,0,0,0,0,0,0,0,0,0,0,4.37920821263142,4.37902122723128,241.104499240902,65,0.8,1e-4,12,249.8659082943688
1950,0.00311278565778042,0,0,0,0,0,0,0,0,0,0,4.28674660837023,4.28656548065046,241.295279924415,66,0.8,1e-4,12,249.8717047990935
1980,0.00304868187412837,0,0,0,0,0,0,0,0,0,0,4.1980546889637,4.19787912093023,241.478154062715,67,0.8,1e-4,12,249.87713655448306
0,250,0,0,0,0,0,0,0,0,0,0,0,0,0,1,0.8,1e-4,13,250
30,250.000322400697,0,0,0,0,0,0,0,0,0,0,0,0,0,2,0.8,1e-4,13,250.000322400697
60,250.000090984018,0,0,0,0,0,0,0,0,0,0,0,0,0,3,0.8,1e-4,13,250.000090984018
90,250.000018876751,0,0,0,0,0,0,0,0,0,0,0,0,0,4,0.8,1e-4,13,250.000018876751
120,217.400477947593,0,0,0,0,0,0,0,0,0,0,38.2765556627123,38.2765556627123,0.00888383361707028,5,0.8,1e-4,13,293.96247310663466
150,142.105743987572,0,0,0,0,0,0,0,0,0,0,67.8155731816259,67.8144597988156,0.0291047888534215,6,0.8,1e-4,13,277.76488175686694
180,89.5550312682602,0,0,0,0,0,0,0,0,0,0,77.4385722823535,77.4361327758134,0.0622491673276094,7,0.8,1e-4,13,244.49198549375473
210,53.4700572590206,0,0,0,0,0,0,0,0,0,0,77.3272554380157,77.3239367539021,0.115972256218246,8,0.8,1e-4,13,208.23722170715664
240,29.0854624281421,0,0,0,0,0,0,0,0,0,0,71.2504810655362,71.2469652173445,0.203453089681536,9,0.8,1e-4,13,171.78636180070433
270,13.8166540887706,0,0,0,0,0,0,0,0,0,0,61.6111007891833,61.6080425361952,0.348943386772439,10,0.8,1e-4,13,137.38474080092155
300,5.47541435862205,0,0,0,0,0,0,0,0,0,0,51.1404367819811,51.1382484510665,0.594248270093583,11,0.8,1e-4,13,108.34834786176323
330,1.75592108423642,0,0,0,0,0,0,0,0,0,0,42.6791452057361,42.6778334952917,1.00657314945557,12,0.8,1e-4,13,88.1194729347198
360,0.488446295422074,0,0,0,0,0,0,0,0,0,0,38.1333273927207,38.1325242780854,1.68851760537168,13,0.8,1e-4,13,78.44281557159985
390,0.151664657124059,0,0,0,0,0,0,0,0,0,0,37.4540102435295,37.4532433371325,2.81116992416971,14,0.8,1e-4,13,77.87008816195576
420,0.0587155437358675,0,0,0,0,0,0,0,0,0,0,39.2472327382363,39.2461722497057,4.66952446628551,15,0.8,1e-4,13,83.22164499796338
450,0.0259812970700434,0,0,0,0,0,0,0,0,0,0,42.5385082508298,42.5369539643462,7.67975720783527,16,0.8,1e-4,13,92.78120072008132
480,0.0128387867956285,0,0,0,0,0,0,0,0,0,0,46.9858096329172,46.9836221750552,12.2856166785766,17,0.8,1e-4,13,106.26788727334464
510,0.0109659090984089,0,0,0,0,0,0,0,0,0,0,35.2087941244583,35.2035386478744,16.558106790906,18,0.8,1e-4,13,86.98140547233712
540,0.0110002412227545,0,0,0,0,0,0,0,0,0,0,36.4932051628623,36.4867074368017,48.6543894091052,19,0.8,1e-4,13,121.64530224999196
570,0.0135290991501004,0,0,0,0,0,0,0,0,0,0,44.5409015014429,44.5331544480196,81.882769086723,20,0.8,1e-4,13,170.9703541353356
600,0.0131026927151224,0,0,0,0,0,0,0,0,0,0,43.1786242084167,43.1716615290449,116.249740576485,21,0.8,1e-4,13,202.61312900666172
630,0.0119848967195417,0,0,0,0,0,0,0,0,0,0,39.4766012987346,39.4707937805236,141.956752299387,22,0.8,1e-4,13,220.91613227536476
660,0.0107293697093391,0,0,0,0,0,0,0,0,0,0,35.3407142223625,35.3359651827434,160.568299407276,23,0.8,1e-4,13,231.25570818209124
690,0.00954493048464219,0,0,0,0,0,0,0,0,0,0,31.4346267737201,31.4307406010359,174.341485158886,24,0.8,1e-4,13,237.21639746412666
720,0.00852513225185065,0,0,0,0,0,0,0,0,0,0,28.0731458506753,28.0699269282329,184.700741837507,25,0.8,1e-4,13,240.85233974866705
750,0.00766085888760868,0,0,0,0,0,0,0,0,0,0,25.2242677534699,25.2215643375709,192.731923283855,26,0.8,1e-4,13,243.1854162337834
780,0.00693247279930663,0,0,0,0,0,0,0,0,0,0,22.8235158447024,22.8212138845698,199.103512885489,27,0.8,1e-4,13,244.75517508756053
810,0.00631605481347124,0,0,0,0,0,0,0,0,0,0,20.7918957205524,20.7899107402836,204.266030297386,28,0.8,1e-4,13,245.85415281303548
840,0.00579091516349524,0,0,0,0,0,0,0,0,0,0,19.0611855346586,19.0594544903731,208.523314608984,29,0.8,1e-4,13,246.64974554917922
870,0.00534003606390583,0,0,0,0,0,0,0,0,0,0,17.5752657977846,17.5737410788188,212.087807344006,30,0.8,1e-4,13,247.2421542566733
900,0.00494984758749978,0,0,0,0,0,0,0,0,0,0,16.28939526301,16.2880404008575,215.111558693038,31,0.8,1e-4,13,247.693944204493
930,0.00460959654433028,0,0,0,0,0,0,0,0,0,0,15.1681221793125,15.1669088394161,217.705988190288,32,0.8,1e-4,13,248.04562880556094
960,0.0043107559561622,0,0,0,0,0,0,0,0,0,0,14.1833362189054,14.1822420831638,219.954399591725,33,0.8,1e-4,13,248.32428864975037
990,0.00404653032841841,0,0,0,0,0,0,0,0,0,0,13.3126362626609,13.3116435253976,221.92020663305,34,0.8,1e-4,13,248.5485329514369
1020,0.00381146720740317,0,0,0,0,0,0,0,0,0,0,12.5380492510451,12.5371435373979,223.652459398582,35,0.8,1e-4,13,248.7314636542324
1050,0.00360115841299684,0,0,0,0,0,0,0,0,0,0,11.8450449145471,11.8442144922764,225.189644464583,36,0.8,1e-4,13,248.8825050298195
1080,0.00341201209011528,0,0,0,0,0,0,0,0,0,0,11.2217841289444,11.221019326365,226.562350848814,37,0.8,1e-4,13,249.00856631621352
1110,0.00324107882390971,0,0,0,0,0,0,0,0,0,0,10.6585455855153,10.6578383560645,227.795174874354,38,0.8,1e-4,13,249.1147998947577
1140,0.00308591852776993,0,0,0,0,0,0,0,0,0,0,10.1472869236489,10.146630516122,228.908103943518,39,0.8,1e-4,13,249.20510730181667
1170,0.00294449797274968,0,0,0,0,0,0,0,0,0,0,9.68130690459058,9.6806956104886,229.917537047503,40,0.8,1e-4,13,249.28248406055494
1200,0.00281511138032289,0,0,0,0,0,0,0,0,0,0,9.25498363179577,9.25441258963512,230.837047815191,41,0.8,1e-4,13,249.3492591480022
1230,0.00269631844797783,0,0,0,0,0,0,0,0,0,0,8.86357024909607,8.86303529128765,231.677962307724,42,0.8,1e-4,13,249.40726416655568
1260,0.00258689562729297,0,0,0,0,0,0,0,0,0,0,8.50303433147716,8.50253186336837,232.449801648198,43,0.8,1e-4,13,249.45795473867082
1290,0.00248579754234316,0,0,0,0,0,0,0,0,0,0,8.16993070649796,8.16945760996847,233.160624760227,44,0.8,1e-4,13,249.50249887423576
1320,0.0023921262207114,0,0,0,0,0,0,0,0,0,0,7.86130003137566,7.86085358736121,233.81729640368,45,0.8,1e-4,13,249.54184214863758
1350,0.00230510638602068,0,0,0,0,0,0,0,0,0,0,7.57458735233171,7.57416517807326,234.425698727123,46,0.8,1e-4,13,249.576756363914
1380,0.00222406548627608,0,0,0,0,0,0,0,0,0,0,7.30757627545542,7.30717627330312,234.990899674557,47,0.8,1e-4,13,249.6078762888018
1410,0.00214841744764957,0,0,0,0,0,0,0,0,0,0,7.05833541811373,7.0579557334718,235.517288119464,48,0.8,1e-4,13,249.63572768849718
1440,0.00207764937846065,0,0,0,0,0,0,0,0,0,0,6.82517458516331,6.824813571721,236.008683110975,49,0.8,1e-4,13,249.66074891723778
1470,0.00201131062450884,0,0,0,0,0,0,0,0,0,0,6.6066086958177,6.60626488663029,236.468422809823,50,0.8,1e-4,13,249.68330770289552
1500,0.00194900371011497,0,0,0,0,0,0,0,0,0,0,6.40132792617347,6.4010000094717,236.899437365317,51,0.8,1e-4,13,249.70371430467227
1530,0.00189037680046575,0,0,0,0,0,0,0,0,0,0,6.20817286615546,6.20785966500165,237.304309001437,52,0.8,1e-4,13,249.72223190939457
1560,0.001835117398297,0,0,0,0,0,0,0,0,0,0,6.02611374494199,6.02581420003433,237.685321844679,53,0.8,1e-4,13,249.73908490705364
1590,0.00178294704756922,0,0,0,0,0,0,0,0,0,0,5.85423297546618,5.85394613053431,238.044503471187,54,0.8,1e-4,13,249.75446552423506
1620,0.00173361686296952,0,0,0,0,0,0,0,0,0,0,5.69171042082799,5.6914354101731,238.383659728418,55,0.8,1e-4,13,249.76853917628205
1650,0.00168690374006567,0,0,0,0,0,0,0,0,0,0,5.53781090409379,5.53754694191253,238.704404062727,56,0.8,1e-4,13,249.7814488124734
1680,0.0016426071291507,0,0,0,0,0,0,0,0,0,0,5.39187357596272,5.39161994716225,239.008182334094,57,0.8,1e-4,13,249.79331846434812
1710,0.00160054627805916,0,0,0,0,0,0,0,0,0,0,5.25330282809717,5.25305888036241,239.296293904676,58,0.8,1e-4,13,249.80425615941363
1740,0.00156055786686687,0,0,0,0,0,0,0,0,0,0,5.12156049803206,5.12132563494917,239.569909635421,59,0.8,1e-4,13,249.8143563262691
1770,0.00152249397143623,0,0,0,0,0,0,0,0,0,0,4.9961591578886,4.99593283296304,239.830087305029,60,0.8,1e-4,13,249.82370178985207
1800,0.00148622030402152,0,0,0,0,0,0,0,0,0,0,4.87665631620964,4.87643802764508,240.077784870327,61,0.8,1e-4,13,249.83236543448575
1830,0.00145161468820575,0,0,0,0,0,0,0,0,0,0,4.76264939208682,4.76243867821351,240.313871911291,62,0.8,1e-4,13,249.84041159627952
1860,0.00141856573276462,0,0,0,0,0,0,0,0,0,0,4.65377134489015,4.65356778014985,240.539139543166,63,0.8,1e-4,13,249.84789723393874
1890,0.00138697167500262,0,0,0,0,0,0,0,0,0,0,4.54968686252032,4.5494900539295,240.754309029147,64,0.8,1e-4,13,249.85487291727182
1920,0.00135673936896011,0,0,0,0,0,0,0,0,0,0,4.45008902710347,4.44989861112943,240.960039287433,65,0.8,1e-4,13,249.86138366503488
1950,0.00132778339786791,0,0,0,0,0,0,0,0,0,0,4.35469639015643,4.35451202995052,241.156933454238,66,0.8,1e-4,13,249.86746965774282
1980,0.0013000252934969,0,0,0,0,0,0,0,0,0,0,4.2632504000339,4.26307178297474,241.345544637944,67,0.8,1e-4,13,249.87316684624614
0,250,0,0,0,0,0,0,0,0,0,0,0,0,0,1,0.8,1e-4,14,250
30,250.000322400697,0,0,0,0,0,0,0,0,0,0,0,0,0,2,0.8,1e-4,14,250.000322400697
60,250.000090984018,0,0,0,0,0,0,0,0,0,0,0,0,0,3,0.8,1e-4,14,250.000090984018
90,250.000018876751,0,0,0,0,0,0,0,0,0,0,0,0,0,4,0.8,1e-4,14,250.000018876751
120,217.400477947593,0,0,0,0,0,0,0,0,0,0,38.2765556627123,38.2765556627123,0.00888383361707028,5,0.8,1e-4,14,293.96247310663466
150,142.105743987572,0,0,0,0,0,0,0,0,0,0,67.8155731816259,67.8144597988156,0.0291047888534215,6,0.8,1e-4,14,277.76488175686694
180,89.5550312682602,0,0,0,0,0,0,0,0,0,0,77.4385722823535,77.4361327758134,0.0622491673276094,7,0.8,1e-4,14,244.49198549375473
210,53.4700572590206,0,0,0,0,0,0,0,0,0,0,77.3272554380157,77.3239367539021,0.115972256218246,8,0.8,1e-4,14,208.23722170715664
240,29.0854624281421,0,0,0,0,0,0,0,0,0,0,71.2504810655362,71.2469652173445,0.203453089681536,9,0.8,1e-4,14,171.78636180070433
270,13.8166540887706,0,0,0,0,0,0,0,0,0,0,61.6111007891833,61.6080425361952,0.348943386772439,10,0.8,1e-4,14,137.38474080092155
300,5.47541435862205,0,0,0,0,0,0,0,0,0,0,51.1404367819811,51.1382484510665,0.594248270093583,11,0.8,1e-4,14,108.34834786176323
330,1.75592108423642,0,0,0,0,0,0,0,0,0,0,42.6791452057361,42.6778334952917,1.00657314945557,12,0.8,1e-4,14,88.1194729347198
360,0.488446295422074,0,0,0,0,0,0,0,0,0,0,38.1333273927207,38.1325242780854,1.68851760537168,13,0.8,1e-4,14,78.44281557159985
390,0.151664657124059,0,0,0,0,0,0,0,0,0,0,37.4540102435295,37.4532433371325,2.81116992416971,14,0.8,1e-4,14,77.87008816195576
420,0.0587155437358675,0,0,0,0,0,0,0,0,0,0,39.2472327382363,39.2461722497057,4.66952446628551,15,0.8,1e-4,14,83.22164499796338
450,0.0259812970700434,0,0,0,0,0,0,0,0,0,0,42.5385082508298,42.5369539643462,7.67975720783527,16,0.8,1e-4,14,92.78120072008132
480,0.0128387867956285,0,0,0,0,0,0,0,0,0,0,46.9858096329172,46.9836221750552,12.2856166785766,17,0.8,1e-4,14,106.26788727334464
510,0.0068486791213175,0,0,0,0,0,0,0,0,0,0,52.1769660761179,52.1740892402099,18.7589461902606,18,0.8,1e-4,14,123.11685018570972
540,0.00576802414323004,0,0,0,0,0,0,0,0,0,0,40.6593020113214,40.6534100724163,24.7063292534876,19,0.8,1e-4,14,106.02480936136853
570,0.00554038651434033,0,0,0,0,0,0,0,0,0,0,39.9225671062209,39.9157045141494,59.554569186821,20,0.8,1e-4,14,139.39838119370563
600,0.00628570436790704,0,0,0,0,0,0,0,0,0,0,45.0404805270188,45.0329476190322,92.1100370871921,21,0.8,1e-4,14,182.189750937611
630,0.00590382810320956,0,0,0,0,0,0,0,0,0,0,42.3443951177121,42.337831282916,124.134786400559,22,0.8,1e-4,14,208.8229166292903
660,0.00535712607027758,0,0,0,0,0,0,0,0,0,0,38.4059816878006,38.4005420661973,147.52514084326,23,0.8,1e-4,14,224.33702172332818
690,0.00477808807874828,0,0,0,0,0,0,0,0,0,0,34.2545903371896,34.2501456208573,164.662648782628,24,0.8,1e-4,14,233.17216282875364
720,0.00425339191062742,0,0,0,0,0,0,0,0,0,0,30.4888795417884,30.4852295055356,177.381672536319,25,0.8,1e-4,14,238.36003497555362
750,0.00380434829095351,0,0,0,0,0,0,0,0,0,0,27.2674278758041,27.2643922126887,187.036877584897,26,0.8,1e-4,14,241.57250202168078
780,0.00342495764408022,0,0,0,0,0,0,0,0,0,0,24.5456142108921,24.5430542299698,194.570502032756,27,0.8,1e-4,14,243.662595431262
810,0.0031050043865358,0,0,0,0,0,0,0,0,0,0,22.2503642644602,22.248176266807,200.583371052256,28,0.8,1e-4,14,245.08501658790973
840,0.00283381268730228,0,0,0,0,0,0,0,0,0,0,20.3049767977972,20.3030837851809,205.479509360565,29,0.8,1e-4,14,246.09040375623042
870,0.00260231155647934,0,0,0,0,0,0,0,0,0,0,18.644359676179,18.6427039763844,209.534409780124,30,0.8,1e-4,14,246.82407574424388
900,0.00240312839448093,0,0,0,0,0,0,0,0,0,0,17.21560318042,17.2141410512443,212.941928289298,31,0.8,1e-4,14,247.3740756493568
930,0.00223040067145739,0,0,0,0,0,0,0,0,0,0,15.976640506119,15.9753382983735,215.841737243159,32,0.8,1e-4,14,247.79594644832295
960,0.0020794848103928,0,0,0,0,0,0,0,0,0,0,14.8941531917528,14.892984654431,218.33675963161,33,0.8,1e-4,14,248.1259769626042
990,0.00194669472215259,0,0,0,0,0,0,0,0,0,0,13.9416942730304,13.9406386505904,220.504332798271,34,0.8,1e-4,14,248.38861241661397
1020,0.00182908790661927,0,0,0,0,0,0,0,0,0,0,13.098152702942,13.0971933784697,222.403589975834,35,0.8,1e-4,14,248.6007651451523
1050,0.00172429876568125,0,0,0,0,0,0,0,0,0,0,12.346556986213299,12.3456805016504,224.080451784255,36,0.8,1e-4,14,248.77441357088438
1080,0.00163041081286912,0,0,0,0,0,0,0,0,0,0,11.6731580647286,11.6723534039889,225.571077590069,37,0.8,1e-4,14,248.91821946959936
1110,0.00154585923103947,0,0,0,0,0,0,0,0,0,0,11.0667300576837,11.0659881151843,226.904299055435,38,0.8,1e-4,14,249.03856308753402
1140,0.00146935649315656,0,0,0,0,0,0,0,0,0,0,10.5180365362277,10.5173497178486,228.103366894471,39,0.8,1e-4,14,249.14022250504047
1170,0.00139983534792315,0,0,0,0,0,0,0,0,0,0,10.0194214227278,10.0187833425689,229.187225067584,40,0.8,1e-4,14,249.22682966822862
1200,0.00133640485584308,0,0,0,0,0,0,0,0,0,0,9.56449354417121,9.56389879147411,230.171454041518,41,0.8,1e-4,14,249.30118278201914
1230,0.00127831625707506,0,0,0,0,0,0,0,0,0,0,9.14788173782618,9.14732569590614,231.068978526622,42,0.8,1e-4,14,249.3654642766114
1260,0.00122493628124681,0,0,0,0,0,0,0,0,0,0,8.76504335749729,8.76452206167011,231.890605098054,43,0.8,1e-4,14,249.42139545350267
1290,0.00117572612410058,0,0,0,0,0,0,0,0,0,0,8.41211344121685,8.41162346627778,232.645435260663,44,0.8,1e-4,14,249.47034789428173
1320,0.00113022476801056,0,0,0,0,0,0,0,0,0,0,8.08578504669069,8.08532341701833,233.341186163865,45,0.8,1e-4,14,249.513424852342
1350,0.00108803565544065,0,0,0,0,0,0,0,0,0,0,7.78321364378603,7.78277776093391,233.984442045436,46,0.8,1e-4,14,249.55152148581138
1380,0.00104881596866478,0,0,0,0,0,0,0,0,0,0,7.50194020625994,7.50152779018716,234.580853152755,47,0.8,1e-4,14,249.58536996517077
1410,0.00101226794946863,0,0,0,0,0,0,0,0,0,0,7.23982893949252,7.2394379805218,235.135294439468,48,0.8,1e-4,14,249.6155736274318
1440,9.7813182647913e-4,0,0,0,0,0,0,0,0,0,0,6.99501654204579,6.99464526132648,235.65199316691,49,0.8,1e-4,14,249.64263310210873
1470,9.461800177873e-4,0,0,0,0,0,0,0,0,0,0,6.76587061657296,6.76551743333745,236.134632256983,50,0.8,1e-4,14,249.6669664869112
1500,9.1621235169687e-4,0,0,0,0,0,0,0,0,0,0,6.55095538496167,6.55061888924669,236.586434580479,51,0.8,1e-4,14,249.68892506703904
1530,8.8805210528833e-4,0,0,0,0,0,0,0,0,0,0,6.34900327055738,6.34868220035071,237.010232141339,52,0.8,1e-4,14,249.70880566435238
1560,8.6154270377482e-4,0,0,0,0,0,0,0,0,0,0,6.1588912209026,6.15858444289602,237.408523208031,53,0.8,1e-4,14,249.7268604145334
1590,8.3654495679573e-4,0,0,0,0,0,0,0,0,0,0,5.97962088241329,5.9793273757118,237.78351976147,54,0.8,1e-4,14,249.74330456455186
1620,8.1293473337067e-4,0,0,0,0,0,0,0,0,0,0,5.81030192192507,5.81002076419323,238.137187113209,55,0.8,1e-4,14,249.75832273406067
1650,7.9060099708212e-4,0,0,0,0,0,0,0,0,0,0,5.65013793242481,5.64986828805295,238.471277154411,56,0.8,1e-4,14,249.77207397588586
1680,7.6944413854489e-4,0,0,0,0,0,0,0,0,0,0,5.49841447141836,5.49815558137119,238.787356394,57,0.8,1e-4,14,249.7846958909281
1710,7.4937455438233e-4,0,0,0,0,0,0,0,0,0,0,5.35448886763722,5.35424004071075,239.086829710614,58,0.8,1e-4,14,249.79630799351636
1740,7.3031143153073e-4,0,0,0,0,0,0,0,0,0,0,5.21778150067317,5.2175421059357,239.370960560735,59,0.8,1e-4,14,249.80701447877541
1770,7.1218170331539e-4,0,0,0,0,0,0,0,0,0,0,5.08776831281119,5.08753777304423,239.640888242501,60,0.8,1e-4,14,249.81690651005974
1800,6.9491914982394e-4,0,0,0,0,0,0,0,0,0,0,4.963974355965,4.96375214195213,239.897642701925,61,0.8,1e-4,14,249.82606411899195
1830,6.7846361997992e-4,0,0,0,0,0,0,0,0,0,0,4.84596821161181,4.8457538371494,240.142157278699,62,0.8,1e-4,14,249.8345577910802
1860,6.6276035665081e-4,0,0,0,0,0,0,0,0,0,0,4.73335714982338,4.73315016734823,240.375279717313,63,0.8,1e-4,14,249.84244979484126
1890,6.4775940930689e-4,0,0,0,0,0,0,0,0,0,0,4.6257829163216,4.62558291306759,240.597781711831,64,0.8,1e-4,14,249.8497953006295
1920,6.3341512133615e-4,0,0,0,0,0,0,0,0,0,0,4.52291805505547,4.52272464966562,240.810367206419,65,0.8,1e-4,14,249.8566433262614
1950,6.19685681234e-4,0,0,0,0,0,0,0,0,0,0,4.42446268896334,4.42427552849484,241.013679636182,66,0.8,1e-4,14,249.8630375393214
1980,6.0653272862143e-4,0,0,0,0,0,0,0,0,0,0,4.33014169402386,4.32996045129375,241.20830826234,67,0.8,1e-4,14,249.86901694038625
0,250,0,0,0,0,0,0,0,0,0,0,0,0,0,1,0.8,1e-4,15,250
30,250.000322400697,0,0,0,0,0,0,0,0,0,0,0,0,0,2,0.8,1e-4,15,250.000322400697
60,250.000090984018,0,0,0,0,0,0,0,0,0,0,0,0,0,3,0.8,1e-4,15,250.000090984018
90,250.000018876751,0,0,0,0,0,0,0,0,0,0,0,0,0,4,0.8,1e-4,15,250.000018876751
120,217.400477947593,0,0,0,0,0,0,0,0,0,0,38.2765556627123,38.2765556627123,0.00888383361707028,5,0.8,1e-4,15,293.96247310663466
150,142.105743987572,0,0,0,0,0,0,0,0,0,0,67.8155731816259,67.8144597988156,0.0291047888534215,6,0.8,1e-4,15,277.76488175686694
180,89.5550312682602,0,0,0,0,0,0,0,0,0,0,77.4385722823535,77.4361327758134,0.0622491673276094,7,0.8,1e-4,15,244.49198549375473
210,53.4700572590206,0,0,0,0,0,0,0,0,0,0,77.3272554380157,77.3239367539021,0.115972256218246,8,0.8,1e-4,15,208.23722170715664
240,29.0854624281421,0,0,0,0,0,0,0,0,0,0,71.2504810655362,71.2469652173445,0.203453089681536,9,0.8,1e-4,15,171.78636180070433
270,13.8166540887706,0,0,0,0,0,0,0,0,0,0,61.6111007891833,61.6080425361952,0.348943386772439,10,0.8,1e-4,15,137.38474080092155
300,5.47541435862205,0,0,0,0,0,0,0,0,0,0,51.1404367819811,51.1382484510665,0.594248270093583,11,0.8,1e-4,15,108.34834786176323
330,1.75592108423642,0,0,0,0,0,0,0,0,0,0,42.6791452057361,42.6778334952917,1.00657314945557,12,0.8,1e-4,15,88.1194729347198
360,0.488446295422074,0,0,0,0,0,0,0,0,0,0,38.1333273927207,38.1325242780854,1.68851760537168,13,0.8,1e-4,15,78.44281557159985
390,0.151664657124059,0,0,0,0,0,0,0,0,0,0,37.4540102435295,37.4532433371325,2.81116992416971,14,0.8,1e-4,15,77.87008816195576
420,0.0587155437358675,0,0,0,0,0,0,0,0,0,0,39.2472327382363,39.2461722497057,4.66952446628551,15,0.8,1e-4,15,83.22164499796338
450,0.0259812970700434,0,0,0,0,0,0,0,0,0,0,42.5385082508298,42.5369539643462,7.67975720783527,16,0.8,1e-4,15,92.78120072008132
480,0.0128387867956285,0,0,0,0,0,0,0,0,0,0,46.9858096329172,46.9836221750552,12.2856166785766,17,0.8,1e-4,15,106.26788727334464
510,0.0068486791213175,0,0,0,0,0,0,0,0,0,0,52.1769660761179,52.1740892402099,18.7589461902606,18,0.8,1e-4,15,123.11685018570972
540,0.00381240018206008,0,0,0,0,0,0,0,0,0,0,57.4540889166268,57.4505852970832,26.9190136113915,19,0.8,1e-4,15,141.82750022528356
570,0.00311817777392378,0,0,0,0,0,0,0,0,0,0,44.984202408127,44.9779496858452,34.0232575144783,20,0.8,1e-4,15,123.98852778622442
600,0.00288702077438655,0,0,0,0,0,0,0,0,0,0,42.3398462806334,42.3328708587361,69.9309823890376,21,0.8,1e-4,15,154.6065865491815
630,0.00308057100454971,0,0,0,0,0,0,0,0,0,0,44.9647569763108,44.9575609443584,101.389045052174,22,0.8,1e-4,15,191.31444354384774
660,0.00283565706225435,0,0,0,0,0,0,0,0,0,0,41.4304941186195,41.4243437771539,131.03172109949,23,0.8,1e-4,15,213.88939465232565
690,0.00255688142710802,0,0,0,0,0,0,0,0,0,0,37.3410767001762,37.3359990669346,152.462716668857,24,0.8,1e-4,15,227.14234931739492
720,0.00227606329992181,0,0,0,0,0,0,0,0,0,0,33.2396975293253,33.2355436628064,168.296448404843,25,0.8,1e-4,15,234.77396566027463
750,0.00202796211925718,0,0,0,0,0,0,0,0,0,0,29.6126848814132,29.6092605034244,180.106833525281,26,0.8,1e-4,15,239.33080687223784
780,0.0018166558404398,0,0,0,0,0,0,0,0,0,0,26.5246525414377,26.5217927452,189.14450425578,27,0.8,1e-4,15,242.19276619825814
810,0.00163842106655192,0,0,0,0,0,0,0,0,0,0,23.9198798246297,23.9174585224493,196.239555249817,28,0.8,1e-4,15,244.07853201796254
840,0.00148796572282206,0,0,0,0,0,0,0,0,0,0,21.7212024102003,21.7191254946505,201.933600378868,29,0.8,1e-4,15,245.3754162494416
870,0.00136022680229253,0,0,0,0,0,0,0,0,0,0,19.8545409086806,19.8527382798991,206.591506238374,30,0.8,1e-4,15,246.30014565375598
900,0.001250965932848,0,0,0,0,0,0,0,0,0,0,18.2579422392567,18.2563611802196,210.464382269504,31,0.8,1e-4,15,246.97993665491316
930,0.0011567670814709,0,0,0,0,0,0,0,0,0,0,16.8814696425126,16.8800699938225,213.730032914424,32,0.8,1e-4,15,247.49272931784054
960,0.00107491902375835,0,0,0,0,0,0,0,0,0,0,15.68549397924,15.6842447163398,216.517350861288,33,0.8,1e-4,15,247.88816447589156
990,0.00100327412584416,0,0,0,0,0,0,0,0,0,0,14.6386252791741,14.6375021018484,218.921813819453,34,0.8,1e-4,15,248.19894447460135
1020,9.4012550742348e-4,0,0,0,0,0,0,0,0,0,0,13.7159167272996,13.7149003515444,221.015500442662,35,0.8,1e-4,15,248.4472576470134
1050,8.8410827920871e-4,0,0,0,0,0,0,0,0,0,0,12.8974205076042,12.8964954424721,222.853751918563,36,0.8,1e-4,15,248.64855197691853
1080,8.341230232508e-4,0,0,0,0,0,0,0,0,0,0,12.1670691031547,12.1662227638184,224.479703761633,37,0.8,1e-4,15,248.81382975162936
1110,7.8927726237558e-4,0,0,0,0,0,0,0,0,0,0,11.5118196522857,11.5110417084483,225.927435647415,38,0.8,1e-4,15,248.95108628541138
1140,7.4884083706249e-4,0,0,0,0,0,0,0,0,0,0,10.9210016571655,10.9202835481415,227.224202921092,39,0.8,1e-4,15,249.06623696723605
1170,7.12211815267e-4,0,0,0,0,0,0,0,0,0,0,10.3858186845718,10.3851532538877,228.392045212974,40,0.8,1e-4,15,249.1637293632488
1200,6.7889032450607e-4,0,0,0,0,0,0,0,0,0,0,9.89896588219503,9.89834709897792,229.44896445315,41,0.8,1e-4,15,249.24695632464747
1230,6.4845833973587e-4,0,0,0,0,0,0,0,0,0,0,9.45433455748915,9.45375730165317,230.409800045149,42,0.8,1e-4,15,249.31854036263107
1260,6.2056396278479e-4,0,0,0,0,0,0,0,0,0,0,9.04678241163196,9.04624230651533,231.286887665876,43,0.8,1e-4,15,249.3805329479861
1290,5.9490910646796e-4,0,0,0,0,0,0,0,0,0,0,8.67195353936732,8.67144682005866,232.090561217837,44,0.8,1e-4,15,249.43455648636944
1320,5.7123977555697e-4,0,0,0,0,0,0,0,0,0,0,8.32613638560276,8.32565979439504,232.829539558827,45,0.8,1e-4,15,249.48190697860036
1350,5.4933834185464e-4,0,0,0,0,0,0,0,0,0,0,8.00615084790468,8.00570155057575,233.51122753989,46,0.8,1e-4,15,249.52362927671228
1380,5.2901736123975e-4,0,0,0,0,0,0,0,0,0,0,7.70925791593915,7.70883343417163,234.141952583869,47,0.8,1e-4,15,249.56057295134102
1410,5.1011459144118e-4,0,0,0,0,0,0,0,0,0,0,7.43308686001962,7.43268501643878,234.727152260551,48,0.8,1e-4,15,249.59343425160085
1440,4.9248895130278e-4,0,0,0,0,0,0,0,0,0,0,7.1755761796411,7.17519505279992,235.271524240107,49,0.8,1e-4,15,249.6227879614993
1470,4.7601722326993e-4,0,0,0,0,0,0,0,0,0,0,6.93492541408918,6.93456330135632,235.779147096616,50,0.8,1e-4,15,249.64911182928475
1500,4.605913464322e-4,0,0,0,0,0,0,0,0,0,0,6.7095555838117,6.70921097058498,236.253578331213,51,0.8,1e-4,15,249.6728054769561
1530,4.4611618178653e-4,0,0,0,0,0,0,0,0,0,0,6.49807653302384,6.49774806704155,236.697934448931,52,0.8,1e-4,15,249.69420516517818
1560,4.325076573954e-4,0,0,0,0,0,0,0,0,0,0,6.29925982419039,6.29894629397818,237.11495679053,53,0.8,1e-4,15,249.71359541635596
1590,4.1969122094972e-4,0,0,0,0,0,0,0,0,0,0,6.11201612494363,6.11171644163724,237.507065976735,54,0.8,1e-4,15,249.7312182345368
1620,4.076005424703e-4,0,0,0,0,0,0,0,0,0,0,5.93537625050287,5.93508943244241,237.876407188215,55,0.8,1e-4,15,249.74728047170277
1650,3.9617642163945e-4,0,0,0,0,0,0,0,0,0,0,5.76847519651162,5.76820035612437,238.224888023864,56,0.8,1e-4,15,249.76195975292163
1680,3.8536586339188e-4,0,0,0,0,0,0,0,0,0,0,5.61053863075199,5.61027496333434,238.554210312804,57,0.8,1e-4,15,249.77540927275373
1710,3.7512129253662e-4,0,0,0,0,0,0,0,0,0,0,5.46087141658813,5.46061819067168,238.865896972747,58,0.8,1e-4,15,249.78776170129936
1740,3.6539988379785e-4,0,0,0,0,0,0,0,0,0,0,5.31884782306894,5.31860437211432,239.161314788226,59,0.8,1e-4,15,249.79913238329306
1770,3.5616298810273e-4,0,0,0,0,0,0,0,0,0,0,5.18390314151286,5.1836688567211,239.441693811094,60,0.8,1e-4,15,249.80962197231608
1800,3.4737563947378e-4,0,0,0,0,0,0,0,0,0,0,5.0555264799787,5.05530080404768,239.708143951307,61,0.8,1e-4,15,249.81931861097286
1830,3.3900612970351e-4,0,0,0,0,0,0,0,0,0,0,4.9332545482406,4.93303696992351,239.961669219737,62,0.8,1e-4,15,249.8282997440308
1860,3.3102564025334e-4,0,0,0,0,0,0,0,0,0,0,4.81666627897866,4.81645632832621,240.203180000329,63,0.8,1e-4,15,249.83663363327415
1890,3.2340792264607e-4,0,0,0,0,0,0,0,0,0,0,4.70537815759892,4.70517540178631,240.433503661415,64,0.8,1e-4,15,249.84438062872286
1920,3.1612902010231e-4,0,0,0,0,0,0,0,0,0,0,4.59904015474029,4.59884419439621,240.653393761686,65,0.8,1e-4,15,249.8515942398426
1950,3.0916702437693e-4,0,0,0,0,0,0,0,0,0,0,4.49733217314855,4.49714263911659,240.86353806253,66,0.8,1e-4,15,249.85832204181952
1980,3.0250186273781e-4,0,0,0,0,0,0,0,0,0,0,4.39996093500722,4.39977748548094,241.064565522884,67,0.8,1e-4,15,249.8646064452349
0,250,0,0,0,0,0,0,0,0,0,0,0,0,0,1,0.8,1e-4,16,250
30,250.000322400697,0,0,0,0,0,0,0,0,0,0,0,0,0,2,0.8,1e-4,16,250.000322400697
60,250.000090984018,0,0,0,0,0,0,0,0,0,0,0,0,0,3,0.8,1e-4,16,250.000090984018
90,250.000018876751,0,0,0,0,0,0,0,0,0,0,0,0,0,4,0.8,1e-4,16,250.000018876751
120,217.400477947593,0,0,0,0,0,0,0,0,0,0,38.2765556627123,38.2765556627123,0.00888383361707028,5,0.8,1e-4,16,293.96247310663466
150,142.105743987572,0,0,0,0,0,0,0,0,0,0,67.8155731816259,67.8144597988156,0.0291047888534215,6,0.8,1e-4,16,277.76488175686694
180,89.5550312682602,0,0,0,0,0,0,0,0,0,0,77.4385722823535,77.4361327758134,0.0622491673276094,7,0.8,1e-4,16,244.49198549375473
210,53.4700572590206,0,0,0,0,0,0,0,0,0,0,77.3272554380157,77.3239367539021,0.115972256218246,8,0.8,1e-4,16,208.23722170715664
240,29.0854624281421,0,0,0,0,0,0,0,0,0,0,71.2504810655362,71.2469652173445,0.203453089681536,9,0.8,1e-4,16,171.78636180070433
270,13.8166540887706,0,0,0,0,0,0,0,0,0,0,61.6111007891833,61.6080425361952,0.348943386772439,10,0.8,1e-4,16,137.38474080092155
300,5.47541435862205,0,0,0,0,0,0,0,0,0,0,51.1404367819811,51.1382484510665,0.594248270093583,11,0.8,1e-4,16,108.34834786176323
330,1.75592108423642,0,0,0,0,0,0,0,0,0,0,42.6791452057361,42.6778334952917,1.00657314945557,12,0.8,1e-4,16,88.1194729347198
360,0.488446295422074,0,0,0,0,0,0,0,0,0,0,38.1333273927207,38.1325242780854,1.68851760537168,13,0.8,1e-4,16,78.44281557159985
390,0.151664657124059,0,0,0,0,0,0,0,0,0,0,37.4540102435295,37.4532433371325,2.81116992416971,14,0.8,1e-4,16,77.87008816195576
420,0.0587155437358675,0,0,0,0,0,0,0,0,0,0,39.2472327382363,39.2461722497057,4.66952446628551,15,0.8,1e-4,16,83.22164499796338
450,0.0259812970700434,0,0,0,0,0,0,0,0,0,0,42.5385082508298,42.5369539643462,7.67975720783527,16,0.8,1e-4,16,92.78120072008132
480,0.0128387867956285,0,0,0,0,0,0,0,0,0,0,46.9858096329172,46.9836221750552,12.2856166785766,17,0.8,1e-4,16,106.26788727334464
510,0.0068486791213175,0,0,0,0,0,0,0,0,0,0,52.1769660761179,52.1740892402099,18.7589461902606,18,0.8,1e-4,16,123.11685018570972
540,0.00381240018206008,0,0,0,0,0,0,0,0,0,0,57.4540889166268,57.4505852970832,26.9190136113915,19,0.8,1e-4,16,141.82750022528356
570,0.00215871154463654,0,0,0,0,0,0,0,0,0,0,62.1539243322399,62.1499586656014,36.0542708310749,20,0.8,1e-4,16,160.36031254046085
600,0.0017071775776937,0,0,0,0,0,0,0,0,0,0,48.097049510939,48.0906898577192,43.478593718187,21,0.8,1e-4,16,139.6680402644229
630,0.00153566414569342,0,0,0,0,0,0,0,0,0,0,43.8436592884196,43.8367675216008,79.2033407443794,22,0.8,1e-4,16,166.8853032185455
660,0.00156726392051152,0,0,0,0,0,0,0,0,0,0,44.555876371407,44.549070013167,109.35224588883,23,0.8,1e-4,16,198.4587595373245
690,0.0014240147302395,0,0,0,0,0,0,0,0,0,0,40.5225717463072,40.5168195308629,136.831135309776,24,0.8,1e-4,16,217.87195060167633
720,0.00127817485280493,0,0,0,0,0,0,0,0,0,0,36.3572759864911,36.352534325806,156.654798537228,25,0.8,1e-4,16,229.3658870243779
750,0.00113688172876973,0,0,0,0,0,0,0,0,0,0,32.3377749313046,32.3338868449165,171.392381423943,26,0.8,1e-4,16,236.06518008189286
780,0.00101400699775761,0,0,0,0,0,0,0,0,0,0,28.8392160364762,28.8359983102457,182.448333638163,27,0.8,1e-4,16,240.12456199188267
810,9.0972534451053e-4,0,0,0,0,0,0,0,0,0,0,25.8709482504519,25.8682504081657,190.966448966309,28,0.8,1e-4,16,242.7065573502711
840,8.2182419277777e-4,0,0,0,0,0,0,0,0,0,0,23.3688972528942,23.3666046357203,197.690462045631,29,0.8,1e-4,16,244.42678575843829
870,7.4754153426113e-4,0,0,0,0,0,0,0,0,0,0,21.2545877964031,21.2526147822652,203.112800433466,30,0.8,1e-4,16,245.62075055366856
900,6.8437065922794e-4,0,0,0,0,0,0,0,0,0,0,19.456596485736,19.4548790666083,207.56651122682,31,0.8,1e-4,16,246.47867114982353
930,6.3023762155394e-4,0,0,0,0,0,0,0,0,0,0,17.9158788342172,17.9143686763414,211.282565057939,32,0.8,1e-4,16,247.11344280611914
960,5.8348032313477e-4,0,0,0,0,0,0,0,0,0,0,16.5851124508857,16.5837725784995,214.425447066656,33,0.8,1e-4,16,247.59491557636434
990,5.4278112787e-4,0,0,0,0,0,0,0,0,0,0,15.4267859152655,15.4255876485276,217.115038779346,34,0.8,1e-4,16,247.96795512426698
1020,5.0709588281468e-4,0,0,0,0,0,0,0,0,0,0,14.411174656021,14.4100954474046,219.4405584013,35,0.8,1e-4,16,248.26233560060842
1050,4.7559367183603e-4,0,0,0,0,0,0,0,0,0,0,13.5146253493754,13.513647244541,221.469639827311,36,0.8,1e-4,16,248.49838801489923
1080,4.4760896895656e-4,0,0,0,0,0,0,0,0,0,0,12.7181933122434,12.7173018433442,223.254404053026,37,0.8,1e-4,16,248.69034681758257
1110,4.2260472558741e-4,0,0,0,0,0,0,0,0,0,0,12.0065914438228,12.0057748237684,224.835611478292,38,0.8,1e-4,16,248.84840035060878
1140,4.001441772947e-4,0,0,0,0,0,0,0,0,0,0,11.367387497303,11.3666360255388,226.245561476196,39,0.8,1e-4,16,248.9799851432151
1170,3.7986934665015e-4,0,0,0,0,0,0,0,0,0,0,10.7903920403763,10.7896976590583,227.510155341843,40,0.8,1e-4,16,249.09062491062423
1200,3.6148460500538e-4,0,0,0,0,0,0,0,0,0,0,10.2671904669432,10.2665464253736,228.650389126,41,0.8,1e-4,16,249.1844875029218
1230,3.4474403711091e-4,0,0,0,0,0,0,0,0,0,0,9.79078328665934,9.79018388462345,229.683450696509,42,0.8,1e-4,16,249.2647626118289
1260,3.2944166604178e-4,0,0,0,0,0,0,0,0,0,0,9.3553078513095,9.35474824060884,230.623537383147,43,0.8,1e-4,16,249.33392291673138
1290,3.1540383751981e-4,0,0,0,0,0,0,0,0,0,0,8.95582155960939,8.95529758901834,231.482473281914,44,0.8,1e-4,16,249.39390783437923
1320,3.0248324336534e-4,0,0,0,0,0,0,0,0,0,0,8.58813172672939,8.58763981970883,232.270180863603,45,0.8,1e-4,16,249.4462548932846
1350,2.9055419710383e-4,0,0,0,0,0,0,0,0,0,0,8.24866110065336,8.24819815803252,232.995045232549,46,0.8,1e-4,16,249.49219504543197
1380,2.7950887265884e-4,0,0,0,0,0,0,0,0,0,0,7.93434079537892,7.93390411725536,233.664198328144,47,0.8,1e-4,16,249.53272274965096
1410,2.69254288995e-4,0,0,0,0,0,0,0,0,0,0,7.64252445912346,7.64211168169218,234.283742751007,48,0.8,1e-4,16,249.56864814611163
1440,2.5970987658245e-4,0,0,0,0,0,0,0,0,0,0,7.37091900496711,7.3705280490477,234.858929581305,49,0.8,1e-4,16,249.6006363451964
1470,2.5080550079958e-4,0,0,0,0,0,0,0,0,0,0,7.11752834871993,7.11715737752526,235.394300796702,50,0.8,1e-4,16,249.629237328448
1500,2.4247984660969e-4,0,0,0,0,0,0,0,0,0,0,6.8806074306668,6.8802548149285,235.893804204729,51,0.8,1e-4,16,249.6549089301709
1530,2.3467909073473e-4,0,0,0,0,0,0,0,0,0,0,6.6586244209773104,6.65828870997065,236.360886853706,52,0.8,1e-4,16,249.6780346637447
1560,2.2735580405092e-4,0,0,0,0,0,0,0,0,0,0,6.45022947834473,6.44990937567626,236.79857145837,53,0.8,1e-4,16,249.69893766819504
1590,2.204680394527e-4,0,0,0,0,0,0,0,0,0,0,6.25422878788891,6.25392313115412,237.209519320174,54,0.8,1e-4,16,249.71789170725648
1620,2.1397856999486e-4,0,0,0,0,0,0,0,0,0,0,6.0695628766100604,6.06927062021514,237.596082434015,55,0.8,1e-4,16,249.73512990941018
1650,2.0785424947407e-4,0,0,0,0,0,0,0,0,0,0,5.89528841394486,5.89500861453001,237.960346879397,56,0.8,1e-4,16,249.75085176212136
1680,2.020654732966e-4,0,0,0,0,0,0,0,0,0,0,5.73056286683451,5.73029467084809,238.304169143205,57,0.8,1e-4,16,249.7652287463609
1710,1.9658572190384e-4,0,0,0,0,0,0,0,0,0,0,5.57463150467016,5.57437413773049,238.629206676202,58,0.8,1e-4,16,249.77840890432455
1740,1.9139117249114e-4,0,0,0,0,0,0,0,0,0,0,5.42681634807963,5.42656910582954,238.936943719251,59,0.8,1e-4,16,249.79052056433264
1770,1.8646036748208e-4,0,0,0,0,0,0,0,0,0,0,5.28650673314312,5.28626897335704,239.228713228646,60,0.8,1e-4,16,249.80167539551366
1800,1.8177393037935e-4,0,0,0,0,0,0,0,0,0,0,5.15315122407603,5.1529223598228,239.505715568347,61,0.8,1e-4,16,249.8119709261762
1830,1.7731432133136e-4,0,0,0,0,0,0,0,0,0,0,5.02625065632272,5.02603015002188,239.769034509866,62,0.8,1e-4,16,249.82149263053194
1860,1.7306562612814e-4,0,0,0,0,0,0,0,0,0,0,4.90535213112692,4.90513948936415,240.019650979926,63,0.8,1e-4,16,249.83031566604322
1890,1.6901337344504e-4,0,0,0,0,0,0,0,0,0,0,4.7900438140948,4.78983858308517,240.25845491593,64,0.8,1e-4,16,249.8385063264834
1920,1.6514437604507e-4,0,0,0,0,0,0,0,0,0,0,4.67995041567091,4.67975217727658,240.486255525179,65,0.8,1e-4,16,249.84612326250252
1950,1.6144659237512e-4,0,0,0,0,0,0,0,0,0,0,4.57472925206057,4.57453762028502,240.703790192211,66,0.8,1e-4,16,249.85321851114895
1980,1.5790900558145e-4,0,0,0,0,0,0,0,0,0,0,4.47406680193313,4.47388141982622,240.911732236908,67,0.8,1e-4,16,249.85983836767292
0,250,0,0,0,0,0,0,0,0,0,0,0,0,0,1,0.8,1e-4,6,250
30,250.000322400697,0,0,0,0,0,0,0,0,0,0,0,0,0,2,0.8,1e-4,6,250.000322400697
60,250.000090984018,0,0,0,0,0,0,0,0,0,0,0,0,0,3,0.8,1e-4,6,250.000090984018
90,250.000018876751,0,0,0,0,0,0,0,0,0,0,0,0,0,4,0.8,1e-4,6,250.000018876751
120,217.400477947593,0,0,0,0,0,0,0,0,0,0,38.2765556627123,38.2765556627123,0.00888383361707028,5,0.8,1e-4,6,293.96247310663466
150,142.105743987572,0,0,0,0,0,0,0,0,0,0,67.8155731816259,67.8144597988156,0.0291047888534215,6,0.8,1e-4,6,277.76488175686694
180,89.5550312682602,0,0,0,0,0,0,0,0,0,0,77.4385722823535,77.4361327758134,0.0622491673276094,7,0.8,1e-4,6,244.49198549375473
210,53.4700572590206,0,0,0,0,0,0,0,0,0,0,77.3272554380157,77.3239367539021,0.115972256218246,8,0.8,1e-4,6,208.23722170715664
240,29.0854624281421,0,0,0,0,0,0,0,0,0,0,71.2504810655362,71.2469652173445,0.203453089681536,9,0.8,1e-4,6,171.78636180070433
270,13.8166540887706,0,0,0,0,0,0,0,0,0,0,61.6111007891833,61.6080425361952,0.348943386772439,10,0.8,1e-4,6,137.38474080092155
300,8.10473259840918,0,0,0,0,0,0,0,0,0,0,30.5669281849977,30.5632665855044,0.539000900613296,11,0.8,1e-4,6,69.77392826952457
330,7.10076681383001,0,0,0,0,0,0,0,0,0,0,26.9586749296005,26.9541816578368,1.89952478073007,12,0.8,1e-4,6,62.91314818199738
360,8.41822561789201,0,0,0,0,0,0,0,0,0,0,29.5965582112325,29.5913230757617,5.93202525010444,13,0.8,1e-4,6,73.53813215499065
390,10.852182152651,0,0,0,0,0,0,0,0,0,0,35.9566513413896,35.9503376920983,18.1738625403322,14,0.8,1e-4,6,100.93303372647111
420,13.5823071593016,0,0,0,0,0,0,0,0,0,0,42.4175052673034,42.4102643731347,42.0200641203885,15,0.8,1e-4,6,140.4301409201282
450,15.0385634575993,0,0,0,0,0,0,0,0,0,0,44.6008778496904,44.5936568883906,73.5780276262532,16,0.8,1e-4,6,177.8111258219335
480,14.981866119384,0,0,0,0,0,0,0,0,0,0,42.5809588647467,42.5745600916031,104.456910011109,17,0.8,1e-4,6,204.5942950868428
510,14.081230582149,0,0,0,0,0,0,0,0,0,0,38.6532392085252,38.6479047340057,129.916444603079,18,0.8,1e-4,6,221.2988191277589
540,12.8869217962802,0,0,0,0,0,0,0,0,0,0,34.3805368504803,34.3761793633283,149.584190456117,19,0.8,1e-4,6,231.2278284662058
570,11.6943892211053,0,0,0,0,0,0,0,0,0,0,30.4654950362788,30.461929386314,164.552722445613,20,0.8,1e-4,6,237.1745360893111
600,10.611589601229,0,0,0,0,0,0,0,0,0,0,27.0910648499413,27.088115394691,176.063306644063,21,0.8,1e-4,6,240.8540764899243
630,9.66434626336195,0,0,0,0,0,0,0,0,0,0,24.2446023680113,24.2421290927515,185.075578920874,22,0.8,1e-4,6,243.22665664499874
660,8.84617588271295,0,0,0,0,0,0,0,0,0,0,21.8532334390599,21.8511308391553,192.269914643125,23,0.8,1e-4,6,244.82045480405313
690,8.14089316904854,0,0,0,0,0,0,0,0,0,0,19.8372304117453,19.8354200333226,198.118056104948,24,0.8,1e-4,6,245.93159971906445
720,7.53111580818367,0,0,0,0,0,0,0,0,0,0,18.1262949843024,18.1247182658908,202.949632388141,25,0.8,1e-4,6,246.73176144651788
750,7.00118071631182,0,0,0,0,0,0,0,0,0,0,16.6628364695422,16.6614492216085,206.998818223804,26,0.8,1e-4,6,247.32428463126652
780,6.53784620295322,0,0,0,0,0,0,0,0,0,0,15.4009432977697,15.3997117259609,210.435215837665,27,0.8,1e-4,6,247.77371706434883
810,6.13020591857665,0,0,0,0,0,0,0,0,0,0,14.3043216514438,14.3032195484743,213.384018807307,28,0.8,1e-4,6,248.12176592580175
840,5.76936338124557,0,0,0,0,0,0,0,0,0,0,13.3442702358079,13.343277000432,215.939302781444,29,0.8,1e-4,6,248.3962133989295
870,5.44807406651235,0,0,0,0,0,0,0,0,0,0,12.497986981716,12.4970862106843,218.172926683449,30,0.8,1e-4,6,248.61607394236165
900,5.16042475341445,0,0,0,0,0,0,0,0,0,0,11.7472354210344,11.7464138970697,220.140604018951,31,0.8,1e-4,6,248.79467809046955
930,4.90156723580157,0,0,0,0,0,0,0,0,0,0,11.0773197295037,11.0765666846812,221.886120139669,32,0.8,1e-4,6,248.94157378965548
960,4.66750440955234,0,0,0,0,0,0,0,0,0,0,10.4763038448108,10.4756104174079,223.444313157389,33,0.8,1e-4,6,249.06373182916002
990,4.45492093989276,0,0,0,0,0,0,0,0,0,0,9.9344170909574,9.9337759198337,224.843215661663,34,0.8,1e-4,6,249.16632961234686
1020,4.26104994001566,0,0,0,0,0,0,0,0,0,0,9.44360032187698,9.44300523983832,226.105617037921,35,0.8,1e-4,6,249.25327253965196
1050,4.08356804202388,0,0,0,0,0,0,0,0,0,0,8.99715749188914,8.99660329117903,227.250219276187,36,0.8,1e-4,6,249.32754810127906
1080,3.92051261049072,0,0,0,0,0,0,0,0,0,0,8.58948640734559,8.58896865833147,228.292503249314,37,0.8,1e-4,6,249.39147092548177
1110,3.77021615908574,0,0,0,0,0,0,0,0,0,0,8.21586918313226,8.21538409267764,229.245385864242,38,0.8,1e-4,6,249.44685529913764
1140,3.63125413548658,0,0,0,0,0,0,0,0,0,0,7.87230796970127,7.87185226947203,230.119724174598,39,0.8,1e-4,6,249.49513854925786
1170,3.5024031213078,0,0,0,0,0,0,0,0,0,0,7.55539522776302,7.55496608534746,230.924706128265,40,0.8,1e-4,6,249.53747056268327
1200,3.3826071783942,0,0,0,0,0,0,0,0,0,0,7.26221054932731,7.26180549691396,231.668156380162,41,0.8,1e-4,6,249.57477960479747
1230,3.27095059749381,0,0,0,0,0,0,0,0,0,0,6.99023802071368,6.98985489740695,232.35677779311,42,0.8,1e-4,6,249.60782130872445
1260,3.16663570506679,0,0,0,0,0,0,0,0,0,0,6.73729959313697,6.7369364979579,232.996343757961,43,0.8,1e-4,6,249.63721555412266
1290,3.06896468808675,0,0,0,0,0,0,0,0,0,0,6.501501013744,6.50115626707132,233.591852554241,44,0.8,1e-4,6,249.66347452314307
1320,2.97732462829181,0,0,0,0,0,0,0,0,0,0,6.28118767875235,6.28085979048215,234.147652156879,45,0.8,1e-4,6,249.6870242544053
1350,2.89117511421936,0,0,0,0,0,0,0,0,0,0,6.07490837568814,6.07459601878047,234.667541845116,46,0.8,1e-4,6,249.70822135380396
1380,2.81003793495379,0,0,0,0,0,0,0,0,0,0,5.88138533772867,5.88108732610289,235.154855462733,47,0.8,1e-4,6,249.72736606151835
1410,2.73348846392682,0,0,0,0,0,0,0,0,0,0,5.69948937891497,5.69920464887862,235.612530060066,48,0.8,1e-4,6,249.74471255178642
1440,2.66114842189673,0,0,0,0,0,0,0,0,0,0,5.52821914287268,5.52794673743888,236.043162810436,49,0.8,1e-4,6,249.76047711264428
1470,2.59267977105372,0,0,0,0,0,0,0,0,0,0,5.36668370035359,5.36642275593352,236.449058460663,50,0.8,1e-4,6,249.77484468800384
1500,2.52777954130113,0,0,0,0,0,0,0,0,0,0,5.21408788755738,5.21383762261618,236.832269093348,51,0.8,1e-4,6,249.7879741448227
1530,2.46617542833849,0,0,0,0,0,0,0,0,0,0,5.06971989900539,5.06947960434982,237.194627608812,52,0.8,1e-4,6,249.8000025405057
1560,2.40762203363378,0,0,0,0,0,0,0,0,0,0,4.93294074402583,4.93270977445454,237.537776048719,53,0.8,1e-4,6,249.81104860083315
1590,2.35189764054649,0,0,0,0,0,0,0,0,0,0,4.8031752508747,4.8029530179719,237.863189661013,54,0.8,1e-4,6,249.82121557040608
1620,2.29880144014271,0,0,0,0,0,0,0,0,0,0,4.679904361821,4.67969032771365,238.17219743159,55,0.8,1e-4,6,249.83059356126736
1650,2.24815113569186,0,0,0,0,0,0,0,0,0,0,4.56265850969024,4.56245218162068,238.465999670806,56,0.8,1e-4,6,249.8392614978088
1680,2.19978086727303,0,0,0,0,0,0,0,0,0,0,4.45101190406474,4.45081282965652,238.745683134122,57,0.8,1e-4,6,249.8472887351163
1710,2.15353940797736,0,0,0,0,0,0,0,0,0,0,4.34457758563108,4.34438534874578,239.012234069344,58,0.8,1e-4,6,249.8547364116982
1740,2.10928859136295,0,0,0,0,0,0,0,0,0,0,4.24300313161528,4.2428173487157,239.266549513454,59,0.8,1e-4,6,249.86165858514795
1770,2.06690193648436,0,0,0,0,0,0,0,0,0,0,4.14596691507579,4.14578723202385,239.509447105907,60,0.8,1e-4,6,249.868103189491
1800,2.02626344227728,0,0,0,0,0,0,0,0,0,0,4.05317483697363,4.05300092620341,239.741673639974,61,0.8,1e-4,6,249.87411284542833
1830,1.9872665275689,0,0,0,0,0,0,0,0,0,0,3.96435746315082,3.96418902116585,239.96391253678,62,0.8,1e-4,6,249.87972554866556
1860,1.94981309669022,0,0,0,0,0,0,0,0,0,0,3.87926750919825,3.87910425435013,240.176790396537,63,0.8,1e-4,6,249.8849752567756
1890,1.91381271373758,0,0,0,0,0,0,0,0,0,0,3.79767762514189,3.7975192956538,240.380882756776,64,0.8,1e-4,6,249.88989239130927
1920,1.87918187108435,0,0,0,0,0,0,0,0,0,0,3.71937843928227,3.71922479148611,240.576719166927,65,0.8,1e-4,6,249.89450426877974
1950,1.84584333987471,0,0,0,0,0,0,0,0,0,0,3.64417682667502,3.64402763343554,240.764787671826,66,0.8,1e-4,6,249.89883547181128
1980,1.81372559201568,0,0,0,0,0,0,0,0,0,0,3.57189437287014,3.57174942217304,240.945538782643,67,0.8,1e-4,6,249.90290816970187
0,250,0,0,0,0,0,0,0,0,0,0,0,0,0,1,0.8,1e-4,7,250
30,250.000322400697,0,0,0,0,0,0,0,0,0,0,0,0,0,2,0.8,1e-4,7,250.000322400697
60,250.000090984018,0,0,0,0,0,0,0,0,0,0,0,0,0,3,0.8,1e-4,7,250.000090984018
90,250.000018876751,0,0,0,0,0,0,0,0,0,0,0,0,0,4,0.8,1e-4,7,250.000018876751
120,217.400477947593,0,0,0,0,0,0,0,0,0,0,38.2765556627123,38.2765556627123,0.00888383361707028,5,0.8,1e-4,7,293.96247310663466
150,142.105743987572,0,0,0,0,0,0,0,0,0,0,67.8155731816259,67.8144597988156,0.0291047888534215,6,0.8,1e-4,7,277.76488175686694
180,89.5550312682602,0,0,0,0,0,0,0,0,0,0,77.4385722823535,77.4361327758134,0.0622491673276094,7,0.8,1e-4,7,244.49198549375473
210,53.4700572590206,0,0,0,0,0,0,0,0,0,0,77.3272554380157,77.3239367539021,0.115972256218246,8,0.8,1e-4,7,208.23722170715664
240,29.0854624281421,0,0,0,0,0,0,0,0,0,0,71.2504810655362,71.2469652173445,0.203453089681536,9,0.8,1e-4,7,171.78636180070433
270,13.8166540887706,0,0,0,0,0,0,0,0,0,0,61.6111007891833,61.6080425361952,0.348943386772439,10,0.8,1e-4,7,137.38474080092155
300,5.47541435862205,0,0,0,0,0,0,0,0,0,0,51.1404367819811,51.1382484510665,0.594248270093583,11,0.8,1e-4,7,108.34834786176323
330,2.74897678436493,0,0,0,0,0,0,0,0,0,0,19.4592340989437,19.4568162907601,0.859606905198839,12,0.8,1e-4,7,42.52463407926757
360,2.37739521713467,0,0,0,0,0,0,0,0,0,0,18.2345088265942,18.2313077051688,3.68382052086409,13,0.8,1e-4,7,42.52703226976176
390,3.75814380378759,0,0,0,0,0,0,0,0,0,0,27.0171182963554,27.0121067711753,12.898702442994,14,0.8,1e-4,7,70.68607131431229
420,5.40913507157903,0,0,0,0,0,0,0,0,0,0,37.9639474513058,37.9570395125582,38.1119321075021,15,0.8,1e-4,7,119.44205414294512
450,6.3586042355005,0,0,0,0,0,0,0,0,0,0,43.5223977513557,43.5148786865714,73.6236007438023,16,0.8,1e-4,7,167.01948141722988
480,6.44064835239139,0,0,0,0,0,0,0,0,0,0,43.2268068195658,43.2199075531324,107.075301206204,17,0.8,1e-4,7,199.9626639312936
510,5.99836605084217,0,0,0,0,0,0,0,0,0,0,39.6442047875008,39.638421684119,133.947400769721,18,0.8,1e-4,7,219.22839329218297
540,5.43138713330143,0,0,0,0,0,0,0,0,0,0,35.4558510483885,35.4511225929032,153.873292638644,19,0.8,1e-4,7,230.21165341323712
570,4.8743669605182,0,0,0,0,0,0,0,0,0,0,31.4987098690953,31.4948447218038,168.726028432232,20,0.8,1e-4,7,236.5939499836493
600,4.38008087880777,0,0,0,0,0,0,0,0,0,0,28.0646651801271,28.0614712923548,179.97008830874,21,0.8,1e-4,7,240.47630566002968
630,3.95502102256383,0,0,0,0,0,0,0,0,0,0,25.156984013715,25.15430818508,188.689653377732,22,0.8,1e-4,7,242.95596659909083
660,3.59299750174473,0,0,0,0,0,0,0,0,0,0,22.7093411443868,22.7070680271824,195.604206669895,23,0.8,1e-4,7,244.61361334320895
690,3.28444771676029,0,0,0,0,0,0,0,0,0,0,20.6426963183771,20.6407403395693,201.198709733111,24,0.8,1e-4,7,245.7665941078177
720,3.02018914427326,0,0,0,0,0,0,0,0,0,0,18.8864411186475,18.8847385184308,205.804759708169,25,0.8,1e-4,7,246.59612848952057
750,2.79236597724699,0,0,0,0,0,0,0,0,0,0,17.382365137316,17.3808678716478,209.654724894899,26,0.8,1e-4,7,247.2103238811098
780,2.59455149582496,0,0,0,0,0,0,0,0,0,0,16.0839424544863,16.0826138195804,212.915233506491,27,0.8,1e-4,7,247.67634127638266
810,2.42157208531713,0,0,0,0,0,0,0,0,0,0,14.9543321694038,14.9531437238302,215.708390665142,28,0.8,1e-4,7,248.03743864369312
840,2.26927953637302,0,0,0,0,0,0,0,0,0,0,13.964364706551,13.9632941058679,218.125439658849,29,0.8,1e-4,7,248.3223780076409
870,2.13434136896518,0,0,0,0,0,0,0,0,0,0,13.0908416210167,13.0898710819355,220.235770300683,30,0.8,1e-4,7,248.55082437260037
900,2.01406740127701,0,0,0,0,0,0,0,0,0,0,12.3151915835652,12.3143067818106,222.092991847844,31,0.8,1e-4,7,248.7365576144968
930,1.9062722920072,0,0,0,0,0,0,0,0,0,0,11.6224352632614,11.6216245323142,223.739114068577,32,0.8,1e-4,7,248.8894461561598
960,1.80916853537886,0,0,0,0,0,0,0,0,0,0,11.0003956475013,10.9996493883262,225.207481902692,33,0.8,1e-4,7,249.01669547389835
990,1.72128367644851,0,0,0,0,0,0,0,0,0,0,10.4390963519304,10.4384065924759,226.524872058299,34,0.8,1e-4,7,249.1236586791538
1020,1.64139627388638,0,0,0,0,0,0,0,0,0,0,9.93030177855816,9.92966184093477,227.71301532739,35,0.8,1e-4,7,249.2143752207693
1050,1.56848620911587,0,0,0,0,0,0,0,0,0,0,9.46716381132117,9.4665680573778,228.78971844707,36,0.8,1e-4,7,249.29193652488482
1080,1.50169593702546,0,0,0,0,0,0,0,0,0,0,9.04394859641388,9.04339223109368,229.769702188714,37,0.8,1e-4,7,249.35873895324704
1110,1.44030009016573,0,0,0,0,0,0,0,0,0,0,8.65582375489689,8.65530267267749,230.665235352825,38,0.8,1e-4,7,249.4166618705651
1140,1.38368148306652,0,0,0,0,0,0,0,0,0,0,8.2986914497775,8.29820211359461,231.486619949447,39,0.8,1e-4,7,249.46719499588562
1170,1.33131204440516,0,0,0,0,0,0,0,0,0,0,7.96905646993914,7.96859581485813,232.24256648575,40,0.8,1e-4,7,249.5115308149524
1200,1.28273756526564,0,0,0,0,0,0,0,0,0,0,7.66392123847736,7.6634865944062,232.940487142358,41,0.8,1e-4,7,249.5506325405072
1230,1.23756542075561,0,0,0,0,0,0,0,0,0,0,7.38070166880076,7.38029069798926,233.586726922121,42,0.8,1e-4,7,249.5852847096666
1260,1.19545462301212,0,0,0,0,0,0,0,0,0,0,7.11715927672236,7.11676992284456,234.18674746327,43,0.8,1e-4,7,249.61613128584904
1290,1.15610771382509,0,0,0,0,0,0,0,0,0,0,6.87134605571977,6.87097650210429,234.745274384147,44,0.8,1e-4,7,249.64370465579614
1320,1.11926411792578,0,0,0,0,0,0,0,0,0,0,6.64155944048281,6.64120807562419,235.266416281213,45,0.8,1e-4,7,249.66844791524576
1350,1.0846946631468,0,0,0,0,0,0,0,0,0,0,6.42630529641767,6.42597068532494,235.75376150921,46,0.8,1e-4,7,249.6907321540994
1380,1.05219703829116,0,0,0,0,0,0,0,0,0,0,6.2242673344645,6.22394819472147,236.210457410819,47,0.8,1e-4,7,249.71086997829613
1410,1.02159200888096,0,0,0,0,0,0,0,0,0,0,6.03428170083882,6.03397688249263,236.639275580532,48,0.8,1e-4,7,249.7291261727444
1440,0.992720248833241,0,0,0,0,0,0,0,0,0,0,5.85531575875121,5.85502422732991,237.04266593828,49,0.8,1e-4,7,249.74572617319438
1470,0.965439675362551,0,0,0,0,0,0,0,0,0,0,5.68645028468325,5.68617110678625,237.42280177812,50,0.8,1e-4,7,249.76086284495204
1500,0.939623197132953,0,0,0,0,0,0,0,0,0,0,5.52686446072827,5.52659679174347,237.781617493403,51,0.8,1e-4,7,249.77470194300767
1530,0.91515680343433,0,0,0,0,0,0,0,0,0,0,5.37582316815663,5.37556624174488,238.120840324374,52,0.8,1e-4,7,249.78738653770984
1560,0.891937936104516,0,0,0,0,0,0,0,0,0,0,5.23266618413862,5.23241930319409,238.442017199855,53,0.8,1e-4,7,249.79904062329223
1590,0.869874096935281,0,0,0,0,0,0,0,0,0,0,5.09679895972957,5.09656148857824,238.746537531395,54,0.8,1e-4,7,249.8097720766381
1620,0.848881652048065,0,0,0,0,0,0,0,0,0,0,4.96768471750955,4.96745607515122,239.035652651499,55,0.8,1e-4,7,249.81967509620782
1650,0.82888480170757,0,0,0,0,0,0,0,0,0,0,4.84483765524038,4.84461730947396,239.310492456184,56,0.8,1e-4,7,249.8288322226059
1680,0.809814689641578,0,0,0,0,0,0,0,0,0,0,4.72781708026923,4.72760454256822,239.572079708087,57,0.8,1e-4,7,249.83731602056602
1710,0.791608630448866,0,0,0,0,0,0,0,0,0,0,4.61622233024379,4.61601715127214,239.821342373536,58,0.8,1e-4,7,249.8451904855008
1740,0.77420943733143,0,0,0,0,0,0,0,0,0,0,4.50968836060814,4.50949012628399,240.059124300569,59,0.8,1e-4,7,249.85251222479258
1770,0.757564835359076,0,0,0,0,0,0,0,0,0,0,4.40788189955042,4.40769022758097,240.286194491551,60,0.8,1e-4,7,249.85933145404144
1800,0.741626947901802,0,0,0,0,0,0,0,0,0,0,4.31049808753791,4.31031262435998,240.503255180753,61,0.8,1e-4,7,249.8656928405527
1830,0.726351845855983,0,0,0,0,0,0,0,0,0,0,4.21725753204616,4.21707795011812,240.710948892166,62,0.8,1e-4,7,249.87163622018625
1860,0.7116991509296,0,0,0,0,0,0,0,0,0,0,4.12790371915992,4.12772971455808,240.909864624136,63,0.8,1e-4,7,249.8771972087836
1890,0.69763168560658,0,0,0,0,0,0,0,0,0,0,4.04220073285512,4.04203202313523,241.100543283881,64,0.8,1e-4,7,249.88240772547792
1920,0.684115163534425,0,0,0,0,0,0,0,0,0,0,3.95993124033359,3.95976756262358,241.28348247557,65,0.8,1e-4,7,249.8872964420616
1950,0.671117915015211,0,0,0,0,0,0,0,0,0,0,3.88089470806662,3.88073581736178,241.459140729647,66,0.8,1e-4,7,249.89188917009062
1980,0.658610643062085,0,0,0,0,0,0,0,0,0,0,3.804905818446,3.80475148608167,241.627941247767,67,0.8,1e-4,7,249.89620919535676
0,250,0,0,0,0,0,0,0,0,0,0,0,0,0,1,0.8,1e-4,8,250
30,250.000322400697,0,0,0,0,0,0,0,0,0,0,0,0,0,2,0.8,1e-4,8,250.000322400697
60,250.000090984018,0,0,0,0,0,0,0,0,0,0,0,0,0,3,0.8,1e-4,8,250.000090984018
90,250.000018876751,0,0,0,0,0,0,0,0,0,0,0,0,0,4,0.8,1e-4,8,250.000018876751
120,217.400477947593,0,0,0,0,0,0,0,0,0,0,38.2765556627123,38.2765556627123,0.00888383361707028,5,0.8,1e-4,8,293.96247310663466
150,142.105743987572,0,0,0,0,0,0,0,0,0,0,67.8155731816259,67.8144597988156,0.0291047888534215,6,0.8,1e-4,8,277.76488175686694
180,89.5550312682602,0,0,0,0,0,0,0,0,0,0,77.4385722823535,77.4361327758134,0.0622491673276094,7,0.8,1e-4,8,244.49198549375473
210,53.4700572590206,0,0,0,0,0,0,0,0,0,0,77.3272554380157,77.3239367539021,0.115972256218246,8,0.8,1e-4,8,208.23722170715664
240,29.0854624281421,0,0,0,0,0,0,0,0,0,0,71.2504810655362,71.2469652173445,0.203453089681536,9,0.8,1e-4,8,171.78636180070433
270,13.8166540887706,0,0,0,0,0,0,0,0,0,0,61.6111007891833,61.6080425361952,0.348943386772439,10,0.8,1e-4,8,137.38474080092155
300,5.47541435862205,0,0,0,0,0,0,0,0,0,0,51.1404367819811,51.1382484510665,0.594248270093583,11,0.8,1e-4,8,108.34834786176323
330,1.75592108423642,0,0,0,0,0,0,0,0,0,0,42.6791452057361,42.6778334952917,1.00657314945557,12,0.8,1e-4,8,88.1194729347198
360,0.822747335037223,0,0,0,0,0,0,0,0,0,0,13.2759985391222,13.2742956231235,1.29022214314496,13,0.8,1e-4,8,28.663263640427882
390,0.832775303389897,0,0,0,0,0,0,0,0,0,0,15.5787996417512,15.57594297909,6.88478388211583,14,0.8,1e-4,8,38.872301806346925
420,1.72731923520604,0,0,0,0,0,0,0,0,0,0,30.3313569678418,30.3255961030359,24.682828136608,15,0.8,1e-4,8,87.06710044269174
450,2.37437547930147,0,0,0,0,0,0,0,0,0,0,41.566428216479,41.5588451213631,60.0604774199925,16,0.8,1e-4,8,145.56012623713607
480,2.50089401352172,0,0,0,0,0,0,0,0,0,0,43.3595401511629,43.3521852511382,98.5669069264886,17,0.8,1e-4,8,187.7795263423114
510,2.39889956549493,0,0,0,0,0,0,0,0,0,0,41.3240820871115,41.3176933454571,128.059115247674,18,0.8,1e-4,8,213.09979024573752
540,2.16882138349449,0,0,0,0,0,0,0,0,0,0,37.1639916570395,37.1587563355588,150.392406887957,19,0.8,1e-4,8,226.8839762640498
570,1.94028287523974,0,0,0,0,0,0,0,0,0,0,33.1079732067512,33.1037010516588,166.530561776885,20,0.8,1e-4,8,234.68251891053475
600,1.73367065650646,0,0,0,0,0,0,0,0,0,0,29.4785428715703,29.4750293794994,178.607278169198,21,0.8,1e-4,8,239.29452107677415
630,1.55661937227702,0,0,0,0,0,0,0,0,0,0,26.3891280389563,26.3861990051145,187.847754809287,22,0.8,1e-4,8,242.17970122563483
660,1.40656697541509,0,0,0,0,0,0,0,0,0,0,23.7836669105173,23.7811904038199,195.105664277999,23,0.8,1e-4,8,244.0770885677513
690,1.27948142260371,0,0,0,0,0,0,0,0,0,0,21.5855223600378,21.5834004158712,200.931667731477,24,0.8,1e-4,8,245.38007192998973
720,1.17130972084945,0,0,0,0,0,0,0,0,0,0,19.7204575001394,19.7186174100681,205.697621859073,25,0.8,1e-4,8,246.30800649012994
750,1.07859620072218,0,0,0,0,0,0,0,0,0,0,18.1262089571598,18.124596197708,209.659969309046,26,0.8,1e-4,8,246.989370664636
780,0.998527680758586,0,0,0,0,0,0,0,0,0,0,16.7525927373152,16.751165865677,213.000515267005,27,0.8,1e-4,8,247.50280155075578
810,0.928856198943796,0,0,0,0,0,0,0,0,0,0,15.5597836592365,15.5585107183705,215.851186801439,28,0.8,1e-4,8,247.8983373779898
840,0.867792652123044,0,0,0,0,0,0,0,0,0,0,14.5162496440924,14.5151056420471,218.309765536545,29,0.8,1e-4,8,248.20891347480753
870,0.813910000451057,0,0,0,0,0,0,0,0,0,0,13.5969429483196,13.5959080782588,220.450095282598,30,0.8,1e-4,8,248.45685630962745
900,0.766063919019593,0,0,0,0,0,0,0,0,0,0,12.781845904308,12.7809042733621,222.32888223092,31,0.8,1e-4,8,248.65769632760967
930,0.723330553851724,0,0,0,0,0,0,0,0,0,0,12.0548436896541,12.0539823992504,223.990328402536,32,0.8,1e-4,8,248.8224850452922
960,0.684958525629193,0,0,0,0,0,0,0,0,0,0,11.4028622948435,11.4020707663457,225.469355347683,33,0.8,1e-4,8,248.9592469345014
990,0.650332122477316,0,0,0,0,0,0,0,0,0,0,10.8152115331212,10.8144810067784,226.793889643275,34,0.8,1e-4,8,249.07391430565193
1020,0.618943056049591,0,0,0,0,0,0,0,0,0,0,10.2830833505821,10.282406508508,227.986511228499,35,0.8,1e-4,8,249.1709441436387
1050,0.590368705578917,0,0,0,0,0,0,0,0,0,0,9.79916691312135,9.79853759217937,229.065660899889,36,0.8,1e-4,8,249.25373411076865
1080,0.564255266125433,0,0,0,0,0,0,0,0,0,0,9.35735145199418,9.35676442267297,230.04653757033,37,0.8,1e-4,8,249.3249087111226
1110,0.540304610989828,0,0,0,0,0,0,0,0,0,0,8.95249526353838,8.95194605784272,230.941773772912,38,0.8,1e-4,8,249.38651970528292
1140,0.518263979081159,0,0,0,0,0,0,0,0,0,0,8.5802448313022,8.57972960746602,231.761950366561,39,0.8,1e-4,8,249.44018878441037
1170,0.497917822958791,0,0,0,0,0,0,0,0,0,0,8.23689215937586,8.23640759453415,232.515993092546,40,0.8,1e-4,8,249.48721066941482
1200,0.479081319903263,0,0,0,0,0,0,0,0,0,0,7.91926143332962,7.91880463763419,233.211481251285,41,0.8,1e-4,8,249.52862864215206
1230,0.461595171497998,0,0,0,0,0,0,0,0,0,0,7.62461834803193,7.62418679537048,233.854890269107,42,0.8,1e-4,8,249.56529058400739
1260,0.445321408290242,0,0,0,0,0,0,0,0,0,0,7.35059707762436,7.35018854930973,234.451784005487,43,0.8,1e-4,8,249.59789104071135
1290,0.430139983714212,0,0,0,0,0,0,0,0,0,0,7.09514107220142,7.09475361087801,235.006968474474,44,0.8,1e-4,8,249.62700314126764
1320,0.415945991889685,0,0,0,0,0,0,0,0,0,0,6.85645476443483,6.85608663609734,235.524615670315,45,0.8,1e-4,8,249.65310306273685
1350,0.402647381731204,0,0,0,0,0,0,0,0,0,0,6.63296394130066,6.63261360380149,236.008364031104,46,0.8,1e-4,8,249.67658895793735
1380,0.390163068338894,0,0,0,0,0,0,0,0,0,0,6.42328304163862,6.42294911842179,236.461400499292,47,0.8,1e-4,8,249.69779572769133
1410,0.378421364304875,0,0,0,0,0,0,0,0,0,0,6.22618802315708,6.22586928122984,236.886527975813,48,0.8,1e-4,8,249.7170066445048
1440,0.367358670117822,0,0,0,0,0,0,0,0,0,0,6.04059373435711,6.04028906571896,237.286221098851,49,0.8,1e-4,8,249.7344625690449
1470,0.356918375568592,0,0,0,0,0,0,0,0,0,0,5.86553495075726,5.86524335666625,237.662672627724,50,0.8,1e-4,8,249.75036931071608
1500,0.347049933897751,0,0,0,0,0,0,0,0,0,0,5.70015040766462,5.69987098524533,238.017832219113,51,0.8,1e-4,8,249.7649035459207
1530,0.337708078080058,0,0,0,0,0,0,0,0,0,0,5.54366929601481,5.54340122680888,238.353439006213,52,0.8,1e-4,8,249.77821760711674
1560,0.328852154631108,0,0,0,0,0,0,0,0,0,0,5.39539979273133,5.39514233286773,238.671049101263,53,0.8,1e-4,8,249.79044338149316
1590,0.320445555035813,0,0,0,0,0,0,0,0,0,0,5.25471927952182,5.25447175124416,238.972058917148,54,0.8,1e-4,8,249.80169550294977
1620,0.312455228629176,0,0,0,0,0,0,0,0,0,0,5.12106596920668,5.12082775354231,239.257725028216,55,0.8,1e-4,8,249.81207397959415
1650,0.30485126372784,0,0,0,0,0,0,0,0,0,0,4.9939317104643,4.99370224085884,239.529181152622,56,0.8,1e-4,8,249.82166636767298
1680,0.297606526184285,0,0,0,0,0,0,0,0,0,0,4.87285578324455,4.87263454001532,239.787452729539,57,0.8,1e-4,8,249.83054957898318
1710,0.290696346442615,0,0,0,0,0,0,0,0,0,0,4.75741953030607,4.7572060357935,240.033469477975,58,0.8,1e-4,8,249.83879139051717
1740,0.284098247714795,0,0,0,0,0,0,0,0,0,0,4.64724169711779,4.6470355114336,240.268076254662,59,0.8,1e-4,8,249.84645171092816
1770,0.277791709145077,0,0,0,0,0,0,0,0,0,0,4.54197437406741,4.54177509135508,240.492042472909,60,0.8,1e-4,8,249.85358364747657
1800,0.271757958847911,0,0,0,0,0,0,0,0,0,0,4.44129945258611,4.44110669772234,240.706070299308,61,0.8,1e-4,8,249.86023440846438
1830,0.265979792537082,0,0,0,0,0,0,0,0,0,0,4.34492552123878,4.34473894691616,240.910801808752,62,0.8,1e-4,8,249.86644606944404
1860,0.26044141414769,0,0,0,0,0,0,0,0,0,0,4.25258513968337,4.25240442382333,241.106825248499,63,0.8,1e-4,8,249.87225622615338
1890,0.255128295416641,0,0,0,0,0,0,0,0,0,0,4.16403243817116,4.16385728162398,241.294680537642,64,0.8,1e-4,8,249.8776985528538
1920,0.250027051854249,0,0,0,0,0,0,0,0,0,0,4.07904099834123,4.07887112283655,241.474864108348,65,0.8,1e-4,8,249.88280328138
1950,0.245125332927559,0,0,0,0,0,0,0,0,0,0,3.99740197777325,3.99723712408927,241.647833178707,66,0.8,1e-4,8,249.8875976134971
1980,0.240411724599565,0,0,0,0,0,0,0,0,0,0,3.91892244635372,3.91876237267842,241.81400953327,67,0.8,1e-4,8,249.8921060769017
0,250,0,0,0,0,0,0,0,0,0,0,0,0,0,1,0.8,1e-4,9,250
30,250.000322400697,0,0,0,0,0,0,0,0,0,0,0,0,0,2,0.8,1e-4,9,250.000322400697
60,250.000090984018,0,0,0,0,0,0,0,0,0,0,0,0,0,3,0.8,1e-4,9,250.000090984018
90,250.000018876751,0,0,0,0,0,0,0,0,0,0,0,0,0,4,0.8,1e-4,9,250.000018876751
120,217.400477947593,0,0,0,0,0,0,0,0,0,0,38.2765556627123,38.2765556627123,0.00888383361707028,5,0.8,1e-4,9,293.96247310663466
150,142.105743987572,0,0,0,0,0,0,0,0,0,0,67.8155731816259,67.8144597988156,0.0291047888534215,6,0.8,1e-4,9,277.76488175686694
180,89.5550312682602,0,0,0,0,0,0,0,0,0,0,77.4385722823535,77.4361327758134,0.0622491673276094,7,0.8,1e-4,9,244.49198549375473
210,53.4700572590206,0,0,0,0,0,0,0,0,0,0,77.3272554380157,77.3239367539021,0.115972256218246,8,0.8,1e-4,9,208.23722170715664
240,29.0854624281421,0,0,0,0,0,0,0,0,0,0,71.2504810655362,71.2469652173445,0.203453089681536,9,0.8,1e-4,9,171.78636180070433
270,13.8166540887706,0,0,0,0,0,0,0,0,0,0,61.6111007891833,61.6080425361952,0.348943386772439,10,0.8,1e-4,9,137.38474080092155
300,5.47541435862205,0,0,0,0,0,0,0,0,0,0,51.1404367819811,51.1382484510665,0.594248270093583,11,0.8,1e-4,9,108.34834786176323
330,1.75592108423642,0,0,0,0,0,0,0,0,0,0,42.6791452057361,42.6778334952917,1.00657314945557,12,0.8,1e-4,9,88.1194729347198
360,0.488446295422074,0,0,0,0,0,0,0,0,0,0,38.1333273927207,38.1325242780854,1.68851760537168,13,0.8,1e-4,9,78.44281557159985
390,0.279356936807309,0,0,0,0,0,0,0,0,0,0,13.390556730159,13.3887013232349,2.00043362705012,14,0.8,1e-4,9,29.059048617251328
420,0.310880197964613,0,0,0,0,0,0,0,0,0,0,17.6579320770928,17.6546209623595,12.2597717354243,15,0.8,1e-4,9,47.88320497284121
450,0.64197633329199,0,0,0,0,0,0,0,0,0,0,34.3680957947016,34.3615531068602,37.8563259436158,16,0.8,1e-4,9,107.2279511784696
480,0.810814051242287,0,0,0,0,0,0,0,0,0,0,43.6322055472058,43.6243644151223,76.2730436170277,17,0.8,1e-4,9,164.34042763059807
510,0.795873080072303,0,0,0,0,0,0,0,0,0,0,42.6516027126581,42.6445457585652,113.420280248235,18,0.8,1e-4,9,199.5123017995306
540,0.744040688897816,0,0,0,0,0,0,0,0,0,0,39.8092747155071,39.8032950314254,139.390857057356,19,0.8,1e-4,9,219.7474674931863
570,0.665246063347996,0,0,0,0,0,0,0,0,0,0,35.5328390193191,35.5279708580589,158.908290240296,20,0.8,1e-4,9,230.63434618102198
600,0.593210034603483,0,0,0,0,0,0,0,0,0,0,31.6441847403751,31.640202944512,173.002031511746,21,0.8,1e-4,9,236.87962923123658
630,0.529953259848119,0,0,0,0,0,0,0,0,0,0,28.2381240525023,28.2348321121477,183.644684837685,22,0.8,1e-4,9,240.6475942621831
660,0.476357620274514,0,0,0,0,0,0,0,0,0,0,25.3579114633065,25.3551507903139,191.865009253573,23,0.8,1e-4,9,243.0544291274679
690,0.431101410293803,0,0,0,0,0,0,0,0,0,0,22.9293332199426,22.9269856810548,198.379967358095,24,0.8,1e-4,9,244.66738766938622
720,0.392786222120861,0,0,0,0,0,0,0,0,0,0,20.8756156953981,20.8735937593692,203.65127689958,25,0.8,1e-4,9,245.79327257646818
750,0.360136086716912,0,0,0,0,0,0,0,0,0,0,19.1272313426479,19.1254698378386,207.99347960812,26,0.8,1e-4,9,246.60631687532342
780,0.332101449911604,0,0,0,0,0,0,0,0,0,0,17.6272364195177,17.6256862137716,211.625420927221,27,0.8,1e-4,9,247.2104450104219
810,0.307840950361776,0,0,0,0,0,0,0,0,0,0,16.3301056873106,16.328729211975,214.703658518811,28,0.8,1e-4,9,247.67033436845838
840,0.28668679293109,0,0,0,0,0,0,0,0,0,0,15.1997766956131,15.1985448067229,217.342748029684,29,0.8,1e-4,9,248.0277563249511
870,0.268108811128645,0,0,0,0,0,0,0,0,0,0,14.2076626363311,14.2065524106068,219.628244049665,30,0.8,1e-4,9,248.31056790773155
900,0.251684245355115,0,0,0,0,0,0,0,0,0,0,13.330996056562,13.3299892287182,221.625203463159,31,0.8,1e-4,9,248.53787299379434
930,0.237073780390951,0,0,0,0,0,0,0,0,0,0,12.5515220104784,12.5506038514735,223.383897760821,32,0.8,1e-4,9,248.72309740316385
960,0.224003049786507,0,0,0,0,0,0,0,0,0,0,11.85449263474,11.8536511356824,224.943735840106,33,0.8,1e-4,9,248.87588266031491
990,0.2122484885647,0,0,0,0,0,0,0,0,0,0,11.2278998947806,11.2271251651758,226.336013359977,34,0.8,1e-4,9,249.0032869084981
1020,0.201626525576801,0,0,0,0,0,0,0,0,0,0,10.6618905037543,10.6611743219764,227.585875228291,35,0.8,1e-4,9,249.1105665795985
1050,0.191985302310231,0,0,0,0,0,0,0,0,0,0,10.1483182582598,10.1476537315494,228.713739901586,36,0.8,1e-4,9,249.20169719370543
1080,0.183198294292621,0,0,0,0,0,0,0,0,0,0,9.68039963523792,9.67978093951099,229.736348844986,37,0.8,1e-4,9,249.27972771402753
1110,0.175159366419989,0,0,0,0,0,0,0,0,0,0,9.25244708118396,9.25186925972258,230.667550567377,38,0.8,1e-4,9,249.34702627470352
1140,0.167778913072446,0,0,0,0,0,0,0,0,0,0,8.85966099548861,8.85911980157913,231.518893836328,39,0.8,1e-4,9,249.40545354646818
1170,0.160980823345738,0,0,0,0,0,0,0,0,0,0,8.49796630617277,8.49745807891272,232.300081781386,40,0.8,1e-4,9,249.45648698981725
1200,0.154700077854659,0,0,0,0,0,0,0,0,0,0,8.16388314429972,8.1634047096992,233.019323269701,41,0.8,1e-4,9,249.50131120155459
1230,0.14888083223307,0,0,0,0,0,0,0,0,0,0,7.85442377254279,7.8539723641064,233.68360751433,42,0.8,1e-4,9,249.54088448321224
1260,0.143474878286691,0,0,0,0,0,0,0,0,0,0,7.56700987018665,7.56658306463695,234.298920679041,43,0.8,1e-4,9,249.57598849215128
1290,0.138440400214889,0,0,0,0,0,0,0,0,0,0,7.29940571228737,7.29900137715991,234.870418205573,44,0.8,1e-4,9,249.60726569523518
1320,0.133740962947611,0,0,0,0,0,0,0,0,0,0,7.04966384427511,7.04928009489749,235.402563016849,45,0.8,1e-4,9,249.6352479189692
1350,0.129344684287245,0,0,0,0,0,0,0,0,0,0,6.81608064582114,6.81571580976674,235.899237185795,46,0.8,1e-4,9,249.6603783256701
1380,0.125223553535585,0,0,0,0,0,0,0,0,0,0,6.59715977204276,6.59681235958161,236.363832798448,47,0.8,1e-4,9,249.68302848360796
1410,0.121352867586825,0,0,0,0,0,0,0,0,0,0,6.39158190857039,6.39125058796445,236.799326375167,48,0.8,1e-4,9,249.70351173928867
1440,0.117710761777224,0,0,0,0,0,0,0,0,0,0,6.19817961763122,6.19786319436828,237.208340202632,49,0.8,1e-4,9,249.7220937764087
1470,0.114277817609072,0,0,0,0,0,0,0,0,0,0,6.01591631271691,6.01561371196606,237.593193173422,50,0.8,1e-4,9,249.73900101571405
1500,0.111036733182718,0,0,0,0,0,0,0,0,0,0,5.84386859976194,5.84357885147937,237.955943159754,51,0.8,1e-4,9,249.75442734417805
1530,0.107972045049023,0,0,0,0,0,0,0,0,0,0,5.68121137787753,5.68093360410464,238.298422514408,52,0.8,1e-4,9,249.7685395414392
1560,0.105069892437867,0,0,0,0,0,0,0,0,0,0,5.52720521350879,5.52693861749293,238.622267959555,53,0.8,1e-4,9,249.78148168299458
1590,0.102317816576826,0,0,0,0,0,0,0,0,0,0,5.38118559654623,5.38092945338438,238.928945867633,54,0.8,1e-4,9,249.79337873414042
1620,0.0997045892002785,0,0,0,0,0,0,0,0,0,0,5.24255376151478,5.24230741007565,239.219773738947,55,0.8,1e-4,9,249.8043394997377
1650,0.0972200654479365,0,0,0,0,0,0,0,0,0,0,5.11076881606167,5.1105316519856,239.49593852455,56,0.8,1e-4,9,249.81445905804523
1680,0.0948550572272372,0,0,0,0,0,0,0,0,0,0,4.98534096603627,4.9851124356477,239.758512319999,57,0.8,1e-4,9,249.8238207789102
1710,0.0926012238151425,0,0,0,0,0,0,0,0,0,0,4.86582566413875,4.86560525913459,240.008465858183,58,0.8,1e-4,9,249.83249800527147
1740,0.0904509770391254,0,0,0,0,0,0,0,0,0,0,4.75181853943183,4.75160579223184,240.246680151768,59,0.8,1e-4,9,249.8405554604708
1770,0.0883973988333435,0,0,0,0,0,0,0,0,0,0,4.64295098951507,4.64274546917931,240.473956573631,60,0.8,1e-4,9,249.84805043115873
1800,0.086434169336567293,0,0,0,0,0,0,0,0,0,0,4.53888633706,4.53868764569375,240.691025613588,61,0.8,1e-4,9,249.85503376567831
1830,0.0845555040007357,0,0,0,0,0,0,0,0,0,0,4.43931646863309,4.43912423821196,240.898554509141,62,0.8,1e-4,9,249.86155071998678
1860,0.0827560984266732,0,0,0,0,0,0,0,0,0,0,4.34395888702494,4.34377277658379,241.097153915071,63,0.8,1e-4,9,249.8676416771064
1890,0.0810310798472184,0,0,0,0,0,0,0,0,0,0,4.25255411923433,4.25237381237169,241.287383749738,64,0.8,1e-4,9,249.87334276119125
1920,0.0793759643462373,0,0,0,0,0,0,0,0,0,0,4.16486343127977,4.16468863393698,241.469758333877,65,0.8,1e-4,9,249.87868636343998
1950,0.0777866190414382,0,0,0,0,0,0,0,0,0,0,4.08066680848859,4.0804972469687,241.644750919507,66,0.8,1e-4,9,249.88370159400574
1980,0.0762592285748993,0,0,0,0,0,0,0,0,0,0,3.99976116613377,3.99959658533032,241.812797691486,67,0.8,1e-4,9,249.888414671525
0,250,0,0,0,0,0,0,0,0,0,0,0,0,0,1,0.9,0,10,250
30,250.000322400697,0,0,0,0,0,0,0,0,0,0,0,0,0,2,0.9,0,10,250.000322400697
60,250.000090984018,0,0,0,0,0,0,0,0,0,0,0,0,0,3,0.9,0,10,250.000090984018
90,250.000018876751,0,0,0,0,0,0,0,0,0,0,0,0,0,4,0.9,0,10,250.000018876751
120,214.434987438589,0,0,0,0,0,0,0,0,0,0,42.3018883322454,42.3018883322454,0,5,0.9,0,10,299.03876410307976
150,133.955407556227,0,0,0,0,0,0,0,0,0,0,73.3027726135265,73.3027726135265,0,6,0.9,0,10,280.56095278327996
180,79.5767266520453,0,0,0,0,0,0,0,0,0,0,81.7608572218211,81.7608572218211,0,7,0.9,0,10,243.0984410956875
210,43.9390912578204,0,0,0,0,0,0,0,0,0,0,79.4459146928261,79.4459146928261,0,8,0.9,0,10,202.83092064347258
240,21.5121097280838,0,0,0,0,0,0,0,0,0,0,71.0157318919009,71.0157318919009,0,9,0.9,0,10,163.5435735118856
270,8.85321115461809,0,0,0,0,0,0,0,0,0,0,59.7872336960258,59.7872336960258,0,10,0.9,0,10,128.42767854666968
300,2.86831815057627,0,0,0,0,0,0,0,0,0,0,49.1134067199403,49.1134067199403,0,11,0.9,0,10,101.09513159045687
330,0.677032007064367,0,0,0,0,0,0,0,0,0,0,41.5600678037582,41.5600678037582,0,12,0.9,0,10,83.79716761458077
360,0.109658557706339,0,0,0,0,0,0,0,0,0,0,37.7880786208718,37.7880786208718,0,13,0.9,0,10,75.68581579944994
390,0.0125590230703438,0,0,0,0,0,0,0,0,0,0,36.558975705901,36.558975705901,0,14,0.9,0,10,73.13051043487233
420,0.00145999548832914,0,0,0,0,0,0,0,0,0,0,2.20483158224556,2.20483158224556,0,15,0.9,0,10,4.411123159979449
450,2.5753692099092e-4,0,0,0,0,0,0,0,0,0,0,0.152649100260219,0.152649100260219,0,16,0.9,0,10,0.3055557374414289
480,3.31877401869616e-5,0,0,0,0,0,0,0,0,0,0,0.014586914432444,0.014586914432444,0,17,0.9,0,10,0.02920701660507496
510,3.50655756615671e-6,0,0,0,0,0,0,0,0,0,0,0.00160511836243215,0.00160511836243215,0,18,0.9,0,10,0.003213743282430457
540,3.55026012985895e-7,0,0,0,0,0,0,0,0,0,0,1.7379106586739e-4,1.7379106586739e-4,0,19,0.9,0,10,3.479371577477659e-4
570,3.61087206593862e-8,0,0,0,0,0,0,0,0,0,0,1.82761634988399e-5,1.82761634988399e-5,0,20,0.9,0,10,3.6588435718339185e-5
600,3.7110216438509e-9,0,0,0,0,0,0,0,0,0,0,1.89495957303733e-6,1.89495957303733e-6,0,21,0.9,0,10,3.793630167718511e-6
630,3.8370748360522e-10,0,0,0,0,0,0,0,0,0,0,1.95761373403522e-7,1.95761373403522e-7,0,22,0.9,0,10,3.919064542906492e-7
660,3.97554414995291e-11,0,0,0,0,0,0,0,0,0,0,2.02314713081832e-8,2.02314713081832e-8,0,23,0.9,0,10,4.050269805786593e-8
690,4.11991029118584e-12,0,0,0,0,0,0,0,0,0,0,2.0931197941315e-9,2.0931197941315e-9,0,24,0.9,0,10,4.190359498554186e-9
720,4.26851646158933e-13,0,0,0,0,0,0,0,0,0,0,2.16704193987515e-10,2.16704193987515e-10,0,25,0.9,0,10,4.3383523962118893e-10
750,4.4217038768367103e-14,0,0,0,0,0,0,0,0,0,0,2.24426596500415e-11,2.24426596500415e-11,0,26,0.9,0,10,4.492953633885136e-11
780,4.5802016373866405e-15,0,0,0,0,0,0,0,0,0,0,2.32448463738364e-12,2.32448463738364e-12,0,27,0.9,0,10,4.653549476404666e-12
810,4.74458291808412e-16,0,0,0,0,0,0,0,0,0,0,2.4076763242107397e-13,2.4076763242107397e-13,0,28,0.9,0,10,4.820097231339564e-13
840,4.91522463292104e-17,0,0,0,0,0,0,0,0,0,0,2.49395456337972e-14,2.49395456337972e-14,0,29,0.9,0,10,4.9928243513923615e-14
870,5.09239960706475e-18,0,0,0,0,0,0,0,0,0,0,2.58347033903929e-15,2.58347033903929e-15,0,30,0.9,0,10,5.172033077685645e-15
900,5.27635355540565e-19,0,0,0,0,0,0,0,0,0,0,2.67637428660655e-16,2.67637428660655e-16,0,31,0.9,0,10,5.358024926768506e-16
930,5.467341153457019e-20,0,0,0,0,0,0,0,0,0,0,2.77281104481946e-17,2.77281104481946e-17,0,32,0.9,0,10,5.551089430792377e-17
960,5.66563544691703e-21,0,0,0,0,0,0,0,0,0,0,2.87292374440146e-18,2.87292374440146e-18,0,33,0.9,0,10,5.751513124249837e-18
990,5.87152687791106e-22,0,0,0,0,0,0,0,0,0,0,2.9768587076357897e-19,2.9768587076357897e-19,0,34,0.9,0,10,5.95958894214949e-19
1020,6.085320698884869e-23,0,0,0,0,0,0,0,0,0,0,3.08476802048212e-20,3.08476802048212e-20,0,35,0.9,0,10,6.175621361663124e-20
1050,6.30733555680957e-24,0,0,0,0,0,0,0,0,0,0,3.1968104970893998e-21,3.1968104970893998e-21,0,36,0.9,0,10,6.399928329735609e-21
1080,6.537903315368309e-25,0,0,0,0,0,0,0,0,0,0,3.31315194772909e-22,3.31315194772909e-22,0,37,0.9,0,10,6.632841798773548e-22
1110,6.77736953658444e-26,0,0,0,0,0,0,0,0,0,0,3.4339653035572e-23,3.4339653035572e-23,0,38,0.9,0,10,6.874707976650985e-23
1140,7.0260941812388e-27,0,0,0,0,0,0,0,0,0,0,3.55943079997284e-24,3.55943079997284e-24,0,39,0.9,0,10,7.12588769412692e-24
1170,7.28445233508244e-28,0,0,0,0,0,0,0,0,0,0,3.6897362423148396e-25,3.6897362423148396e-25,0,40,0.9,0,10,7.386756936964762e-25
1200,7.55283491904853e-29,0,0,0,0,0,0,0,0,0,0,3.82507732608501e-26,3.82507732608501e-26,0,41,0.9,0,10,7.657707487089068e-26
1230,7.831649397007849e-30,0,0,0,0,0,0,0,0,0,0,3.96565798619772e-27,3.96565798619772e-27,0,42,0.9,0,10,7.939147621792448e-27
1260,8.12132050119553e-31,0,0,0,0,0,0,0,0,0,0,4.1116907631264e-28,4.1116907631264e-28,0,43,0.9,0,10,8.231502846753995e-28
1290,8.422290987801999e-32,0,0,0,0,0,0,0,0,0,0,4.26339718315255e-29,4.26339718315255e-29,0,44,0.9,0,10,8.535216657292902e-29
1320,8.73502242814962e-33,0,0,0,0,0,0,0,0,0,0,4.4210081537876494e-30,4.4210081537876494e-30,0,45,0.9,0,10,8.850751330003449e-30
1350,9.05999603743682e-34,0,0,0,0,0,0,0,0,0,0,4.5847643761905e-31,4.5847643761905e-31,0,46,0.9,0,10,9.178588748418436e-31
1380,9.39771354213848e-35,0,0,0,0,0,0,0,0,0,0,4.75491677610178e-32,4.75491677610178e-32,0,47,0.9,0,10,9.519231265745698e-32
1410,9.748698087313769e-36,0,0,0,0,0,0,0,0,0,0,4.93172695444722e-33,4.93172695444722e-33,0,48,0.9,0,10,9.873202606981754e-33
1440,1.01134951854375e-36,0,0,0,0,0,0,0,0,0,0,5.11546765857692e-34,5.11546765857692e-34,0,49,0.9,0,10,1.0241048812339277e-33
1470,1.04926737086482e-37,0,0,0,0,0,0,0,0,0,0,5.3064232750805e-35,5.3064232750805e-35,0,50,0.9,0,10,1.0623339223869648e-34
1500,1.08868269264779e-38,0,0,0,0,0,0,0,0,0,0,5.5048903451613996e-36,5.5048903451613996e-36,0,51,0.9,0,10,1.1020667517249277e-35
1530,1.12965735912353e-39,0,0,0,0,0,0,0,0,0,0,5.71117810361767e-37,5.71117810361767e-37,0,52,0.9,0,10,1.1433652780826576e-36
1560,1.17225590733205e-40,0,0,0,0,0,0,0,0,0,0,5.92560904253956e-38,5.92560904253956e-38,0,53,0.9,0,10,1.1862940644152442e-37
1590,1.2165456548841299e-41,0,0,0,0,0,0,0,0,0,0,6.14851950089327e-39,6.14851950089327e-39,0,54,0.9,0,10,1.230920445833538e-38
1620,1.2625968242020398e-42,0,0,0,0,0,0,0,0,0,0,6.380260281218659e-40,6.380260281218659e-40,0,55,0.9,0,10,1.2773146530679339e-39
1650,1.3104826724997397e-43,0,0,0,0,0,0,0,0,0,0,6.621197294727899e-41,6.621197294727899e-41,0,56,0.9,0,10,1.3255499416180796e-40
1680,1.36027962777603e-44,0,0,0,0,0,0,0,0,0,0,6.871712236154539e-42,6.871712236154539e-42,0,57,0.9,0,10,1.375702726858684e-41
1710,1.41206743110751e-45,0,0,0,0,0,0,0,0,0,0,7.132203289768228e-43,7.132203289768228e-43,0,58,0.9,0,10,1.4278527253847532e-42
1740,1.4659292855421701e-46,0,0,0,0,0,0,0,0,0,0,7.40308586803934e-44,7.40308586803934e-44,0,59,0.9,0,10,1.4820831028934101e-43
1770,1.52195201190936e-47,0,0,0,0,0,0,0,0,0,0,7.68479338451041e-45,7.68479338451041e-45,0,60,0.9,0,10,1.5384806289139912e-44
1800,1.58022621187745e-48,0,0,0,0,0,0,0,0,0,0,7.977778062508131e-46,7.977778062508131e-46,0,61,0.9,0,10,1.5971358387135035e-45
1830,1.6408464386066299e-49,0,0,0,0,0,0,0,0,0,0,8.282511781409461e-47,8.282511781409461e-47,0,62,0.9,0,10,1.6581432027204987e-46
1860,1.7039113753618199e-50,0,0,0,0,0,0,0,0,0,0,8.59948696225997e-48,8.59948696225997e-48,0,63,0.9,0,10,1.7216013038273556e-47
1890,1.7695240224681e-51,0,0,0,0,0,0,0,0,0,0,8.92921749463118e-49,8.92921749463118e-49,0,64,0.9,0,10,1.787613022948704e-48
1920,1.83779189301069e-52,0,0,0,0,0,0,0,0,0,0,9.27223970669658e-50,9.27223970669658e-50,0,65,0.9,0,10,1.8562857332323266e-49
1950,1.90882721770081e-53,0,0,0,0,0,0,0,0,0,0,9.62911338060374e-51,9.62911338060374e-51,0,66,0.9,0,10,1.9277315033384489e-50
1980,1.98274715934996e-54,0,0,0,0,0,0,0,0,0,0,1.00004228153229e-51,1.00004228153229e-51,0,67,0.9,0,10,2.00206731022393e-51
0,250,0,0,0,0,0,0,0,0,0,0,0,0,0,1,0.9,0,11,250
30,250.000322400697,0,0,0,0,0,0,0,0,0,0,0,0,0,2,0.9,0,11,250.000322400697
60,250.000090984018,0,0,0,0,0,0,0,0,0,0,0,0,0,3,0.9,0,11,250.000090984018
90,250.000018876751,0,0,0,0,0,0,0,0,0,0,0,0,0,4,0.9,0,11,250.000018876751
120,214.434987438589,0,0,0,0,0,0,0,0,0,0,42.3018883322454,42.3018883322454,0,5,0.9,0,11,299.03876410307976
150,133.955407556227,0,0,0,0,0,0,0,0,0,0,73.3027726135265,73.3027726135265,0,6,0.9,0,11,280.56095278327996
180,79.5767266520453,0,0,0,0,0,0,0,0,0,0,81.7608572218211,81.7608572218211,0,7,0.9,0,11,243.0984410956875
210,43.9390912578204,0,0,0,0,0,0,0,0,0,0,79.4459146928261,79.4459146928261,0,8,0.9,0,11,202.83092064347258
240,21.5121097280838,0,0,0,0,0,0,0,0,0,0,71.0157318919009,71.0157318919009,0,9,0.9,0,11,163.5435735118856
270,8.85321115461809,0,0,0,0,0,0,0,0,0,0,59.7872336960258,59.7872336960258,0,10,0.9,0,11,128.42767854666968
300,2.86831815057627,0,0,0,0,0,0,0,0,0,0,49.1134067199403,49.1134067199403,0,11,0.9,0,11,101.09513159045687
330,0.677032007064367,0,0,0,0,0,0,0,0,0,0,41.5600678037582,41.5600678037582,0,12,0.9,0,11,83.79716761458077
360,0.109658557706339,0,0,0,0,0,0,0,0,0,0,37.7880786208718,37.7880786208718,0,13,0.9,0,11,75.68581579944994
390,0.0125590230703438,0,0,0,0,0,0,0,0,0,0,36.558975705901,36.558975705901,0,14,0.9,0,11,73.13051043487233
420,0.00114434181240047,0,0,0,0,0,0,0,0,0,0,36.3031274400987,36.3031274400987,0,15,0.9,0,11,72.6073992220098
450,1.1078070670339e-4,0,0,0,0,0,0,0,0,0,0,2.14791606827109,2.14791606827109,0,16,0.9,0,11,4.295942917248883
480,1.65314122554734e-5,0,0,0,0,0,0,0,0,0,0,0.128507524235098,0.128507524235098,0,17,0.9,0,11,0.2570315798824515
510,1.9084460462545e-6,0,0,0,0,0,0,0,0,0,0,0.00794600721530743,0.00794600721530743,0,18,0.9,0,11,0.015893922876661113
540,1.72484139874846e-7,0,0,0,0,0,0,0,0,0,0,5.1167996854495e-4,5.1167996854495e-4,0,19,0.9,0,11,0.0010235324212297748
570,1.38990666964011e-8,0,0,0,0,0,0,0,0,0,0,3.40535635294764e-5,3.40535635294764e-5,0,20,0.9,0,11,6.81210261256492e-5
600,1.05516965535366e-9,0,0,0,0,0,0,0,0,0,0,2.31989114208421e-6,2.31989114208421e-6,0,21,0.9,0,11,4.640837453823774e-6
630,7.737442773038969e-11,0,0,0,0,0,0,0,0,0,0,1.60434835515074e-7,1.60434835515074e-7,0,22,0.9,0,11,3.209470454578784e-7
660,5.55297477787338e-12,0,0,0,0,0,0,0,0,0,0,1.11922315067589e-8,1.11922315067589e-8,0,23,0.9,0,11,2.2390015988295675e-8
690,3.9305511899554996e-13,0,0,0,0,0,0,0,0,0,0,7.842089532152791e-10,7.842089532152791e-10,0,24,0.9,0,11,1.5688109615495537e-9
720,2.75726337618416e-14,0,0,0,0,0,0,0,0,0,0,5.5034363239508396e-11,5.5034363239508396e-11,0,25,0.9,0,11,1.1009629911277863e-10
750,1.9229705774755e-15,0,0,0,0,0,0,0,0,0,0,3.8619103930721195e-12,3.8619103930721195e-12,0,26,0.9,0,11,7.725743756721714e-12
780,1.33615696106291e-16,0,0,0,0,0,0,0,0,0,0,2.70735076602876e-13,2.70735076602876e-13,0,27,0.9,0,11,5.416037689018583e-13
810,9.26312039262052e-18,0,0,0,0,0,0,0,0,0,0,1.89530614820575e-14,1.89530614820575e-14,0,28,0.9,0,11,3.7915386084507616e-14
840,6.413501059757109e-19,0,0,0,0,0,0,0,0,0,0,1.3248103151755301e-15,1.3248103151755301e-15,0,29,0.9,0,11,2.650261980457036e-15
870,4.43765964070555e-20,0,0,0,0,0,0,0,0,0,0,9.246742196315e-17,9.246742196315e-17,0,30,0.9,0,11,1.8497922052270707e-16
900,3.06985748272997e-21,0,0,0,0,0,0,0,0,0,0,6.44532840814758e-18,6.44532840814758e-18,0,31,0.9,0,11,1.289372667377789e-17
930,2.1237483874505897e-22,0,0,0,0,0,0,0,0,0,0,4.487459271026859e-19,4.487459271026859e-19,0,32,0.9,0,11,8.97704229044117e-19
960,1.46952008299068e-23,0,0,0,0,0,0,0,0,0,0,3.12131173814195e-20,3.12131173814195e-20,0,33,0.9,0,11,6.244092996366891e-20
990,1.01711397003292e-24,0,0,0,0,0,0,0,0,0,0,2.1693683232825102e-21,2.1693683232825102e-21,0,34,0.9,0,11,4.3397537605350536e-21
1020,7.0420234355223e-26,0,0,0,0,0,0,0,0,0,0,1.50681392295941e-22,1.50681392295941e-22,0,35,0.9,0,11,3.014332048262372e-22
1050,4.87705095931062e-27,0,0,0,0,0,0,0,0,0,0,1.04610984289738e-23,1.04610984289738e-23,0,36,0.9,0,11,2.092707390890691e-23
1080,3.37861819789099e-28,0,0,0,0,0,0,0,0,0,0,7.260015538608559e-25,7.260015538608559e-25,0,37,0.9,0,11,1.452340969541501e-24
1110,2.34114701139638e-29,0,0,0,0,0,0,0,0,0,0,5.0371193182954897e-26,5.0371193182954897e-26,0,38,0.9,0,11,1.0076579783602375e-25
1140,1.62259501915469e-30,0,0,0,0,0,0,0,0,0,0,3.49417503495942e-27,3.49417503495942e-27,0,39,0.9,0,11,6.989972664937995e-27
1170,1.12478031493126e-31,0,0,0,0,0,0,0,0,0,0,2.42354284027875e-28,2.42354284027875e-28,0,40,0.9,0,11,4.848210460872431e-28
1200,7.798063020734189e-33,0,0,0,0,0,0,0,0,0,0,1.68081545172391e-29,1.68081545172391e-29,0,41,0.9,0,11,3.362410709749894e-29
1230,5.406973592420439e-34,0,0,0,0,0,0,0,0,0,0,1.1656473880438098e-30,1.1656473880438098e-30,0,42,0.9,0,11,2.3318354734468617e-30
1260,3.74937705778168e-35,0,0,0,0,0,0,0,0,0,0,8.083559582048981e-32,8.083559582048981e-32,0,43,0.9,0,11,1.6170868541155743e-31
1290,2.6001123845373697e-36,0,0,0,0,0,0,0,0,0,0,5.6057488161383595e-33,5.6057488161383595e-33,0,44,0.9,0,11,1.1214097744661256e-32
1320,1.8032078536679998e-37,0,0,0,0,0,0,0,0,0,0,3.8874514594573695e-34,3.8874514594573695e-34,0,45,0.9,0,11,7.776706126768406e-34
1350,1.25058793910026e-38,0,0,0,0,0,0,0,0,0,0,2.69587453821463e-35,2.69587453821463e-35,0,46,0.9,0,11,5.39299966436836e-35
1380,8.673470701165749e-40,0,0,0,0,0,0,0,0,0,0,1.8695600076243997e-36,1.8695600076243997e-36,0,47,0.9,0,11,3.739987362318916e-36
1410,6.0155925935601e-41,0,0,0,0,0,0,0,0,0,0,1.29653707166631e-37,1.29653707166631e-37,0,48,0.9,0,11,2.5936757025919764e-37
1440,4.17222997416909e-42,0,0,0,0,0,0,0,0,0,0,8.991588257044e-39,8.991588257044e-39,0,49,0.9,0,11,1.798734874406217e-38
1470,2.8937473673040594e-43,0,0,0,0,0,0,0,0,0,0,6.235820166075569e-40,6.235820166075569e-40,0,50,0.9,0,11,1.2474534079518442e-39
1500,2.0070321563241798e-44,0,0,0,0,0,0,0,0,0,0,4.32469995109363e-41,4.32469995109363e-41,0,51,0.9,0,11,8.651406934343584e-41
1530,1.3920300415808198e-45,0,0,0,0,0,0,0,0,0,0,2.99932157056426e-42,2.99932157056426e-42,0,52,0.9,0,11,6.000035171170101e-42
1560,9.654793168973511e-47,0,0,0,0,0,0,0,0,0,0,2.0801474594895095e-43,2.0801474594895095e-43,0,53,0.9,0,11,4.161260398295916e-43
1590,6.69633517565318e-48,0,0,0,0,0,0,0,0,0,0,1.4426755443009798e-44,1.4426755443009798e-44,0,54,0.9,0,11,2.886020722119525e-44
1620,4.64441631693776e-49,0,0,0,0,0,0,0,0,0,0,1.00056690975789e-45,1.00056690975789e-45,0,55,0.9,0,11,2.0015982611474737e-45
1650,3.22125316722301e-50,0,0,0,0,0,0,0,0,0,0,6.9394659794329e-47,6.9394659794329e-47,0,56,0.9,0,11,1.3882153212033023e-46
1680,2.2341812502229e-51,0,0,0,0,0,0,0,0,0,0,4.81291304842678e-48,4.81291304842678e-48,0,57,0.9,0,11,9.628060278103783e-48
1710,1.5495724222084301e-52,0,0,0,0,0,0,0,0,0,0,3.3380412607039697e-49,3.3380412607039697e-49,0,58,0.9,0,11,6.677632093830148e-49
1740,1.07474492748072e-53,0,0,0,0,0,0,0,0,0,0,2.31513777217901e-50,2.31513777217901e-50,0,59,0.9,0,11,4.631350289285501e-50
1770,7.4541666542371e-55,0,0,0,0,0,0,0,0,0,0,1.60569563828053e-51,1.60569563828053e-51,0,60,0.9,0,11,3.2121366932264837e-51
1800,5.1700301179454e-56,0,0,0,0,0,0,0,0,0,0,1.11365507833014e-52,1.11365507833014e-52,0,61,0.9,0,11,2.227827159672075e-52
1830,3.58581128385179e-57,0,0,0,0,0,0,0,0,0,0,7.723944486516e-54,7.723944486516e-54,0,62,0.9,0,11,1.5451474784315852e-53
1860,2.48703704670362e-58,0,0,0,0,0,0,0,0,0,0,5.35708412928766e-55,5.35708412928766e-55,0,63,0.9,0,11,1.0716655295622023e-54
1890,1.72495440943446e-59,0,0,0,0,0,0,0,0,0,0,3.71551149860114e-56,3.71551149860114e-56,0,64,0.9,0,11,7.432747951611714e-56
1920,1.1963922444550099e-60,0,0,0,0,0,0,0,0,0,0,2.57697100148325e-57,2.57697100148325e-57,0,65,0.9,0,11,5.155138395210955e-57
1950,8.29793838860863e-62,0,0,0,0,0,0,0,0,0,0,1.78731543515451e-58,1.78731543515451e-58,0,66,0.9,0,11,3.575460664147881e-58
1980,5.75529393281786e-63,0,0,0,0,0,0,0,0,0,0,1.23963439499176e-59,1.23963439499176e-59,0,67,0.9,0,11,2.4798443193768017e-59
0,250,0,0,0,0,0,0,0,0,0,0,0,0,0,1,0.9,0,12,250
30,250.000322400697,0,0,0,0,0,0,0,0,0,0,0,0,0,2,0.9,0,12,250.000322400697
60,250.000090984018,0,0,0,0,0,0,0,0,0,0,0,0,0,3,0.9,0,12,250.000090984018
90,250.000018876751,0,0,0,0,0,0,0,0,0,0,0,0,0,4,0.9,0,12,250.000018876751
120,214.434987438589,0,0,0,0,0,0,0,0,0,0,42.3018883322454,42.3018883322454,0,5,0.9,0,12,299.03876410307976
150,133.955407556227,0,0,0,0,0,0,0,0,0,0,73.3027726135265,73.3027726135265,0,6,0.9,0,12,280.56095278327996
180,79.5767266520453,0,0,0,0,0,0,0,0,0,0,81.7608572218211,81.7608572218211,0,7,0.9,0,12,243.0984410956875
210,43.9390912578204,0,0,0,0,0,0,0,0,0,0,79.4459146928261,79.4459146928261,0,8,0.9,0,12,202.83092064347258
240,21.5121097280838,0,0,0,0,0,0,0,0,0,0,71.0157318919009,71.0157318919009,0,9,0.9,0,12,163.5435735118856
270,8.85321115461809,0,0,0,0,0,0,0,0,0,0,59.7872336960258,59.7872336960258,0,10,0.9,0,12,128.42767854666968
300,2.86831815057627,0,0,0,0,0,0,0,0,0,0,49.1134067199403,49.1134067199403,0,11,0.9,0,12,101.09513159045687
330,0.677032007064367,0,0,0,0,0,0,0,0,0,0,41.5600678037582,41.5600678037582,0,12,0.9,0,12,83.79716761458077
360,0.109658557706339,0,0,0,0,0,0,0,0,0,0,37.7880786208718,37.7880786208718,0,13,0.9,0,12,75.68581579944994
390,0.0125590230703438,0,0,0,0,0,0,0,0,0,0,36.558975705901,36.558975705901,0,14,0.9,0,12,73.13051043487233
420,0.00114434181240047,0,0,0,0,0,0,0,0,0,0,36.3031274400987,36.3031274400987,0,15,0.9,0,12,72.6073992220098
450,9.18661924722358e-5,0,0,0,0,0,0,0,0,0,0,36.2661158782985,36.2661158782985,0,16,0.9,0,12,72.53232362278948
480,7.982217078692e-6,0,0,0,0,0,0,0,0,0,0,2.14194796597475,2.14194796597475,0,17,0.9,0,12,4.2839039141665785
510,1.06040301319454e-6,0,0,0,0,0,0,0,0,0,0,0.126606142974048,0.126606142974048,0,18,0.9,0,12,0.2532133463511092
540,1.16999146858379e-7,0,0,0,0,0,0,0,0,0,0,0.00749932375280427,0.00749932375280427,0,19,0.9,0,12,0.014998764504755398
570,1.03079645849073e-8,0,0,0,0,0,0,0,0,0,0,4.4545715026255e-4,4.4545715026255e-4,0,20,0.9,0,12,8.909246084896848e-4
600,8.10789479752485e-10,0,0,0,0,0,0,0,0,0,0,2.65346724367674e-5,2.65346724367674e-5,0,21,0.9,0,12,5.3070155663014554e-5
630,5.98684361351618e-11,0,0,0,0,0,0,0,0,0,0,1.5849526077599e-6,1.5849526077599e-6,0,22,0.9,0,12,3.169965083955935e-6
660,4.24752440601153e-12,0,0,0,0,0,0,0,0,0,0,9.4924397837382e-8,9.4924397837382e-8,0,23,0.9,0,12,1.8985304319917e-7
690,2.93184467713634e-13,0,0,0,0,0,0,0,0,0,0,5.699756291976091e-9,5.699756291976091e-9,0,24,0.9,0,12,1.1399805768419894e-8
720,1.9836096592248902e-14,0,0,0,0,0,0,0,0,0,0,3.43086593234407e-10,3.43086593234407e-10,0,25,0.9,0,12,6.861930225654063e-10
750,1.32183427019233e-15,0,0,0,0,0,0,0,0,0,0,2.0699875598068197e-11,2.0699875598068197e-11,0,26,0.9,0,12,4.1401073030406584e-11
780,8.70433800386106e-17,0,0,0,0,0,0,0,0,0,0,1.2516767108959699e-12,1.2516767108959699e-12,0,27,0.9,0,12,2.5034404651719783e-12
810,5.6774720384921596e-18,0,0,0,0,0,0,0,0,0,0,7.58435160437624e-14,7.58435160437624e-14,0,28,0.9,0,12,1.516927095595633e-13
840,3.67443250817966e-19,0,0,0,0,0,0,0,0,0,0,4.6045425550809206e-15,4.6045425550809206e-15,0,29,0.9,0,12,9.20945255341266e-15
870,2.36273778484446e-20,0,0,0,0,0,0,0,0,0,0,2.80050011781485e-16,2.80050011781485e-16,0,30,0.9,0,12,5.601236509408184e-16
900,1.5110436539652999e-21,0,0,0,0,0,0,0,0,0,0,1.7061034696405302e-17,1.7061034696405302e-17,0,31,0.9,0,12,3.412358043646457e-17
930,9.61896843776887e-23,0,0,0,0,0,0,0,0,0,0,1.04096565306583e-18,1.04096565306583e-18,0,32,0.9,0,12,2.0820274958160376e-18
960,6.0989509547497996e-24,0,0,0,0,0,0,0,0,0,0,6.36020202728291e-20,6.36020202728291e-20,0,33,0.9,0,12,1.2721013949661295e-19
990,3.8538081041292696e-25,0,0,0,0,0,0,0,0,0,0,3.8909283346773204e-21,3.8909283346773204e-21,0,34,0.9,0,12,7.782242050165054e-21
1020,2.4278751908994298e-26,0,0,0,0,0,0,0,0,0,0,2.38303382010159e-22,2.38303382010159e-22,0,35,0.9,0,12,4.76631042772227e-22
1050,1.52554672282827e-27,0,0,0,0,0,0,0,0,0,0,1.46100423445358e-23,1.46100423445358e-23,0,36,0.9,0,12,2.9221610235794426e-23
1080,9.56365903650494e-29,0,0,0,0,0,0,0,0,0,0,8.9654000440104e-25,8.9654000440104e-25,0,37,0.9,0,12,1.793175645392445e-24
1110,5.983267811574389e-30,0,0,0,0,0,0,0,0,0,0,5.5060549730935e-26,5.5060549730935e-26,0,38,0.9,0,12,1.1012708272968156e-25
1140,3.7365305442381296e-31,0,0,0,0,0,0,0,0,0,0,3.38394253719496e-27,3.38394253719496e-27,0,39,0.9,0,12,6.768258727444343e-27
1170,2.32970428801021e-32,0,0,0,0,0,0,0,0,0,0,2.08103323331255e-28,2.08103323331255e-28,0,40,0.9,0,12,4.162299437053901e-28
1200,1.4504756087428e-33,0,0,0,0,0,0,0,0,0,0,1.28048284266066e-29,1.28048284266066e-29,0,41,0.9,0,12,2.561110732882194e-29
1230,9.019100375076379e-35,0,0,0,0,0,0,0,0,0,0,7.882705802370219e-31,7.882705802370219e-31,0,42,0.9,0,12,1.5766313514777945e-30
1260,5.601663452685179e-36,0,0,0,0,0,0,0,0,0,0,4.85461320513957e-32,4.85461320513957e-32,0,43,0.9,0,12,9.709786576624408e-32
1290,3.47554480373629e-37,0,0,0,0,0,0,0,0,0,0,2.9907862612368498e-33,2.9907862612368498e-33,0,44,0.9,0,12,5.9819200769540734e-33
1320,2.1543990616284e-38,0,0,0,0,0,0,0,0,0,0,1.84307826924165e-34,1.84307826924165e-34,0,45,0.9,0,12,3.6863719783894625e-34
1350,1.33434183059717e-39,0,0,0,0,0,0,0,0,0,0,1.1360788151506099e-35,1.1360788151506099e-35,0,46,0.9,0,12,2.2722910644842794e-35
1380,8.25813025635833e-41,0,0,0,0,0,0,0,0,0,0,7.0042280518244e-37,7.0042280518244e-37,0,47,0.9,0,12,1.4009281916674436e-36
1410,5.10742806655689e-42,0,0,0,0,0,0,0,0,0,0,4.31898944736211e-38,4.31898944736211e-38,0,48,0.9,0,12,8.638489637530876e-38
1440,3.1568767061764292e-43,0,0,0,0,0,0,0,0,0,0,2.66353784327774e-39,2.66353784327774e-39,0,49,0.9,0,12,5.327391374226098e-39
1470,1.9501761770054197e-44,0,0,0,0,0,0,0,0,0,0,1.64277097729937e-40,1.64277097729937e-40,0,50,0.9,0,12,3.2857369722164404e-40
1500,1.20413286903659e-45,0,0,0,0,0,0,0,0,0,0,1.01326896993425e-41,1.01326896993425e-41,0,51,0.9,0,12,2.0266583531554038e-41
1530,7.43156908471661e-47,0,0,0,0,0,0,0,0,0,0,6.2501672110965485e-43,6.2501672110965485e-43,0,52,0.9,0,12,1.2501077579101568e-42
1560,4.5847045825380496e-48,0,0,0,0,0,0,0,0,0,0,3.8553926644675496e-44,3.8553926644675496e-44,0,53,0.9,0,12,7.711243799393353e-44
1590,2.82738081831503e-49,0,0,0,0,0,0,0,0,0,0,2.3781968049154698e-45,2.3781968049154698e-45,0,54,0.9,0,12,4.756676347912771e-45
1620,1.74307124516067e-50,0,0,0,0,0,0,0,0,0,0,1.46697374452373e-46,1.46697374452373e-46,0,55,0.9,0,12,2.934121796171976e-46
1650,1.07428167489311e-51,0,0,0,0,0,0,0,0,0,0,9.04870466550995e-48,9.04870466550995e-48,0,56,0.9,0,12,1.8098483612694793e-47
1680,6.61921372500594e-53,0,0,0,0,0,0,0,0,0,0,5.5812956105184895e-49,5.5812956105184895e-49,0,57,0.9,0,12,1.116325314240948e-48
1710,4.07747847301927e-54,0,0,0,0,0,0,0,0,0,0,3.44242088700226e-50,3.44242088700226e-50,0,58,0.9,0,12,6.885249521851822e-50
1740,2.51121991115307e-55,0,0,0,0,0,0,0,0,0,0,2.12309647262599e-51,2.12309647262599e-51,0,59,0.9,0,12,4.2464440672430954e-51
1770,1.5463058636817699e-56,0,0,0,0,0,0,0,0,0,0,1.30933088236809e-52,1.30933088236809e-52,0,60,0.9,0,12,2.6188163953225484e-52
1800,9.51990372712646e-58,0,0,0,0,0,0,0,0,0,0,8.07422168933592e-54,8.07422168933592e-54,0,61,0.9,0,12,1.6149395369044554e-53
1830,5.86009039505171e-59,0,0,0,0,0,0,0,0,0,0,4.97876516586351e-55,4.97876516586351e-55,0,62,0.9,0,12,9.958116340766525e-55
1860,3.6067667404781595e-60,0,0,0,0,0,0,0,0,0,0,3.0698057791625796e-56,3.0698057791625796e-56,0,63,0.9,0,12,6.139972234999207e-56
1890,2.21962950389907e-61,0,0,0,0,0,0,0,0,0,0,1.8926372697881399e-57,1.8926372697881399e-57,0,64,0.9,0,12,3.7854965025266696e-57
1920,1.36583335194454e-62,0,0,0,0,0,0,0,0,0,0,1.16678379196542e-58,1.16678379196542e-58,0,65,0.9,0,12,2.3337041672660346e-58
1950,8.40379155770904e-64,0,0,0,0,0,0,0,0,0,0,7.19249333382501e-60,7.19249333382501e-60,0,66,0.9,0,12,1.438582704680579e-59
1980,5.1703291993639e-65,0,0,0,0,0,0,0,0,0,0,4.43337483424464e-61,4.43337483424464e-61,0,67,0.9,0,12,8.867266701409216e-61
0,250,0,0,0,0,0,0,0,0,0,0,0,0,0,1,0.9,0,13,250
30,250.000322400697,0,0,0,0,0,0,0,0,0,0,0,0,0,2,0.9,0,13,250.000322400697
60,250.000090984018,0,0,0,0,0,0,0,0,0,0,0,0,0,3,0.9,0,13,250.000090984018
90,250.000018876751,0,0,0,0,0,0,0,0,0,0,0,0,0,4,0.9,0,13,250.000018876751
120,214.434987438589,0,0,0,0,0,0,0,0,0,0,42.3018883322454,42.3018883322454,0,5,0.9,0,13,299.03876410307976
150,133.955407556227,0,0,0,0,0,0,0,0,0,0,73.3027726135265,73.3027726135265,0,6,0.9,0,13,280.56095278327996
180,79.5767266520453,0,0,0,0,0,0,0,0,0,0,81.7608572218211,81.7608572218211,0,7,0.9,0,13,243.0984410956875
210,43.9390912578204,0,0,0,0,0,0,0,0,0,0,79.4459146928261,79.4459146928261,0,8,0.9,0,13,202.83092064347258
240,21.5121097280838,0,0,0,0,0,0,0,0,0,0,71.0157318919009,71.0157318919009,0,9,0.9,0,13,163.5435735118856
270,8.85321115461809,0,0,0,0,0,0,0,0,0,0,59.7872336960258,59.7872336960258,0,10,0.9,0,13,128.42767854666968
300,2.86831815057627,0,0,0,0,0,0,0,0,0,0,49.1134067199403,49.1134067199403,0,11,0.9,0,13,101.09513159045687
330,0.677032007064367,0,0,0,0,0,0,0,0,0,0,41.5600678037582,41.5600678037582,0,12,0.9,0,13,83.79716761458077
360,0.109658557706339,0,0,0,0,0,0,0,0,0,0,37.7880786208718,37.7880786208718,0,13,0.9,0,13,75.68581579944994
390,0.0125590230703438,0,0,0,0,0,0,0,0,0,0,36.558975705901,36.558975705901,0,14,0.9,0,13,73.13051043487233
420,0.00114434181240047,0,0,0,0,0,0,0,0,0,0,36.3031274400987,36.3031274400987,0,15,0.9,0,13,72.6073992220098
450,9.18661924722358e-5,0,0,0,0,0,0,0,0,0,0,36.2661158782985,36.2661158782985,0,16,0.9,0,13,72.53232362278948
480,6.86334089360882e-6,0,0,0,0,0,0,0,0,0,0,36.2619043349847,36.2619043349847,0,17,0.9,0,13,72.5238155333103
510,5.56349885601844e-7,0,0,0,0,0,0,0,0,0,0,2.14139744961379,2.14139744961379,0,18,0.9,0,13,4.282795455577466
540,6.76329286206448e-8,0,0,0,0,0,0,0,0,0,0,0.12646397513101101,0.12646397513101101,0,19,0.9,0,13,0.2529280178949507
570,7.201931805689821e-9,0,0,0,0,0,0,0,0,0,0,0.00746952794576447,0.00746952794576447,0,20,0.9,0,13,0.014939063093460747
600,6.25438977596129e-10,0,0,0,0,0,0,0,0,0,0,4.4125780439552e-4,4.4125780439552e-4,0,21,0.9,0,13,8.825162342300176e-4
630,4.8798385246606594e-11,0,0,0,0,0,0,0,0,0,0,2.60714835738345e-5,2.60714835738345e-5,0,22,0.9,0,13,5.214301594605425e-5
660,3.58266275509055e-12,0,0,0,0,0,0,0,0,0,0,1.54068190132849e-6,1.54068190132849e-6,0,23,0.9,0,13,3.081367385319735e-6
690,2.52976922112176e-13,0,0,0,0,0,0,0,0,0,0,9.10613220324798e-8,9.10613220324798e-8,0,24,0.9,0,13,1.821228970418817e-7
720,1.7385513009853102e-14,0,0,0,0,0,0,0,0,0,0,5.38305091179202e-9,5.38305091179202e-9,0,25,0.9,0,13,1.076611920909705e-8
750,1.17121399554535e-15,0,0,0,0,0,0,0,0,0,0,3.18270504024192e-10,3.18270504024192e-10,0,26,0.9,0,13,6.365421792623795e-10
780,7.77048623988393e-17,0,0,0,0,0,0,0,0,0,0,1.88207721470511e-11,1.88207721470511e-11,0,27,0.9,0,13,3.7641621998964594e-11
810,5.09343679842778e-18,0,0,0,0,0,0,0,0,0,0,1.11314403748404e-12,1.11314403748404e-12,0,28,0.9,0,13,2.2262931684048785e-12
840,3.30611845776241e-19,0,0,0,0,0,0,0,0,0,0,6.58472870079095e-14,6.58472870079095e-14,0,29,0.9,0,13,1.3169490462766478e-13
870,2.1286640547642397e-20,0,0,0,0,0,0,0,0,0,0,3.89580028587713e-15,3.89580028587713e-15,0,30,0.9,0,13,7.791621858394809e-15
900,1.36125016857096e-21,0,0,0,0,0,0,0,0,0,0,2.30529981316477e-16,2.30529981316477e-16,0,31,0.9,0,13,4.610613238831225e-16
930,8.654617710964919e-23,0,0,0,0,0,0,0,0,0,0,1.36436227202588e-17,1.36436227202588e-17,0,32,0.9,0,13,2.728733198669471e-17
960,5.47499966946104e-24,0,0,0,0,0,0,0,0,0,0,8.076127050189579e-19,8.076127050189579e-19,0,33,0.9,0,13,1.6152308850375852e-18
990,3.44847363114358e-25,0,0,0,0,0,0,0,0,0,0,4.78131446868588e-20,4.78131446868588e-20,0,34,0.9,0,13,9.562663422108071e-20
1020,2.1637444766395399e-26,0,0,0,0,0,0,0,0,0,0,2.83114259158102e-21,2.83114259158102e-21,0,35,0.9,0,13,5.662306820606807e-21
1050,1.35304353409167e-27,0,0,0,0,0,0,0,0,0,0,1.6766637146948e-22,1.6766637146948e-22,0,36,0.9,0,13,3.3533409598249406e-22
1080,8.435368381218899e-29,0,0,0,0,0,0,0,0,0,0,9.93114833256123e-24,9.93114833256123e-24,0,37,0.9,0,13,1.986238101880627e-23
1110,5.244669348694739e-30,0,0,0,0,0,0,0,0,0,0,5.883309838944519e-25,5.883309838944519e-25,0,38,0.9,0,13,1.1766672124582525e-24
1140,3.25289116960955e-31,0,0,0,0,0,0,0,0,0,0,3.48587786811402e-26,3.48587786811402e-26,0,39,0.9,0,13,6.971788265139736e-26
1170,2.0130652036202998e-32,0,0,0,0,0,0,0,0,0,0,2.06571417508787e-27,2.06571417508787e-27,0,40,0.9,0,13,4.1314484808277764e-27
1200,1.2432811594478299e-33,0,0,0,0,0,0,0,0,0,0,1.22432102823353e-28,1.22432102823353e-28,0,41,0.9,0,13,2.4486544892786545e-28
1230,7.664421936311299e-35,0,0,0,0,0,0,0,0,0,0,7.25749562962683e-30,7.25749562962683e-30,0,42,0.9,0,13,1.451506790347302e-29
1260,4.71687265893761e-36,0,0,0,0,0,0,0,0,0,0,4.30272916906471e-31,4.30272916906471e-31,0,43,0.9,0,13,8.605505506856009e-31
1290,2.89835775421683e-37,0,0,0,0,0,0,0,0,0,0,2.55132820812315e-32,2.55132820812315e-32,0,44,0.9,0,13,5.102685399823842e-32
1320,1.77838069129935e-38,0,0,0,0,0,0,0,0,0,0,1.5130492448449998e-33,1.5130492448449998e-33,0,45,0.9,0,13,3.0261162734969128e-33
1350,1.08972913401466e-39,0,0,0,0,0,0,0,0,0,0,8.97436047903396e-35,8.97436047903396e-35,0,46,0.9,0,13,1.7948829930981322e-34
1380,6.66921639277981e-41,0,0,0,0,0,0,0,0,0,0,5.3237414684135496e-36,5.3237414684135496e-36,0,47,0.9,0,13,1.0647549628991027e-35
1410,4.07690527681731e-42,0,0,0,0,0,0,0,0,0,0,3.15858576168578e-37,3.15858576168578e-37,0,48,0.9,0,13,6.317212292424328e-37
1440,2.4895422555523794e-43,0,0,0,0,0,0,0,0,0,0,1.87426032930383e-38,1.87426032930383e-38,0,49,0.9,0,13,3.7485455540302157e-38
1470,1.51869923574606e-44,0,0,0,0,0,0,0,0,0,0,1.11231531285365e-39,1.11231531285365e-39,0,50,0.9,0,13,2.2246458126996575e-39
1500,9.25582149016204e-46,0,0,0,0,0,0,0,0,0,0,6.60215793454272e-41,6.60215793454272e-41,0,51,0.9,0,13,1.3204408427300341e-40
1530,5.636041245569171e-47,0,0,0,0,0,0,0,0,0,0,3.9192512595983294e-42,3.9192512595983294e-42,0,52,0.9,0,13,7.838558879609114e-42
1560,3.42903763174125e-48,0,0,0,0,0,0,0,0,0,0,2.3269053122352e-43,2.3269053122352e-43,0,53,0.9,0,13,4.6538449148467175e-43
1590,2.0846358637430003e-49,0,0,0,0,0,0,0,0,0,0,1.3816941372171398e-44,1.3816941372171398e-44,0,54,0.9,0,13,2.763409120792917e-44
1620,1.26638942124993e-50,0,0,0,0,0,0,0,0,0,0,8.205440491662061e-46,8.205440491662061e-46,0,55,0.9,0,13,1.6411007622266247e-45
1650,7.68778398837468e-52,0,0,0,0,0,0,0,0,0,0,4.87357709874413e-47,4.87357709874413e-47,0,56,0.9,0,13,9.747231075328144e-47
1680,4.66388932297148e-53,0,0,0,0,0,0,0,0,0,0,2.89500222972103e-48,2.89500222972103e-48,0,57,0.9,0,13,5.79005109833529e-48
1710,2.82763640272053e-54,0,0,0,0,0,0,0,0,0,0,1.7199041476039297e-49,1.7199041476039297e-49,0,58,0.9,0,13,3.439836571571887e-49
1740,1.7133304744290798e-55,0,0,0,0,0,0,0,0,0,0,1.0219108659408699e-50,1.0219108659408699e-50,0,59,0.9,0,13,2.0438388651864842e-50
1770,1.03756171004436e-56,0,0,0,0,0,0,0,0,0,0,6.07259571981284e-52,6.07259571981284e-52,0,60,0.9,0,13,1.2145295195796685e-51
1800,6.27991859235211e-58,0,0,0,0,0,0,0,0,0,0,3.60900465786531e-53,3.60900465786531e-53,0,61,0.9,0,13,7.218072114916544e-53
1830,3.79902894333369e-59,0,0,0,0,0,0,0,0,0,0,2.14511893265241e-54,2.14511893265241e-54,0,62,0.9,0,13,4.2902758555942536e-54
1860,2.2971014458389397e-60,0,0,0,0,0,0,0,0,0,0,1.27516183171764e-55,1.27516183171764e-55,0,63,0.9,0,13,2.5503466344497382e-55
1890,1.3883102078769601e-61,0,0,0,0,0,0,0,0,0,0,7.58103257654399e-57,7.58103257654399e-57,0,64,0.9,0,13,1.5162203984108767e-56
1920,8.38688680563686e-63,0,0,0,0,0,0,0,0,0,0,4.5075409593228506e-58,4.5075409593228506e-58,0,65,0.9,0,13,9.015165787513758e-58
1950,5.06444134589921e-64,0,0,0,0,0,0,0,0,0,0,2.68039249272072e-59,2.68039249272072e-59,0,66,0.9,0,13,5.360835629854899e-59
1980,3.05693958697737e-65,0,0,0,0,0,0,0,0,0,0,1.5940561947480198e-60,1.5940561947480198e-60,0,67,0.9,0,13,3.188142958891909e-60
0,250,0,0,0,0,0,0,0,0,0,0,0,0,0,1,0.9,0,14,250
30,250.000322400697,0,0,0,0,0,0,0,0,0,0,0,0,0,2,0.9,0,14,250.000322400697
60,250.000090984018,0,0,0,0,0,0,0,0,0,0,0,0,0,3,0.9,0,14,250.000090984018
90,250.000018876751,0,0,0,0,0,0,0,0,0,0,0,0,0,4,0.9,0,14,250.000018876751
120,214.434987438589,0,0,0,0,0,0,0,0,0,0,42.3018883322454,42.3018883322454,0,5,0.9,0,14,299.03876410307976
150,133.955407556227,0,0,0,0,0,0,0,0,0,0,73.3027726135265,73.3027726135265,0,6,0.9,0,14,280.56095278327996
180,79.5767266520453,0,0,0,0,0,0,0,0,0,0,81.7608572218211,81.7608572218211,0,7,0.9,0,14,243.0984410956875
210,43.9390912578204,0,0,0,0,0,0,0,0,0,0,79.4459146928261,79.4459146928261,0,8,0.9,0,14,202.83092064347258
240,21.5121097280838,0,0,0,0,0,0,0,0,0,0,71.0157318919009,71.0157318919009,0,9,0.9,0,14,163.5435735118856
270,8.85321115461809,0,0,0,0,0,0,0,0,0,0,59.7872336960258,59.7872336960258,0,10,0.9,0,14,128.42767854666968
300,2.86831815057627,0,0,0,0,0,0,0,0,0,0,49.1134067199403,49.1134067199403,0,11,0.9,0,14,101.09513159045687
330,0.677032007064367,0,0,0,0,0,0,0,0,0,0,41.5600678037582,41.5600678037582,0,12,0.9,0,14,83.79716761458077
360,0.109658557706339,0,0,0,0,0,0,0,0,0,0,37.7880786208718,37.7880786208718,0,13,0.9,0,14,75.68581579944994
390,0.0125590230703438,0,0,0,0,0,0,0,0,0,0,36.558975705901,36.558975705901,0,14,0.9,0,14,73.13051043487233
420,0.00114434181240047,0,0,0,0,0,0,0,0,0,0,36.3031274400987,36.3031274400987,0,15,0.9,0,14,72.6073992220098
450,9.18661924722358e-5,0,0,0,0,0,0,0,0,0,0,36.2661158782985,36.2661158782985,0,16,0.9,0,14,72.53232362278948
480,6.86334089360882e-6,0,0,0,0,0,0,0,0,0,0,36.2619043349847,36.2619043349847,0,17,0.9,0,14,72.5238155333103
510,4.90265815874138e-7,0,0,0,0,0,0,0,0,0,0,36.2614919267594,36.2614919267594,0,18,0.9,0,14,72.52298434378461
540,3.78717536232898e-8,0,0,0,0,0,0,0,0,0,0,2.14135063601632,2.14135063601632,0,19,0.9,0,14,4.282701309904394
570,4.2902047949414e-9,0,0,0,0,0,0,0,0,0,0,0.126453666748836,0.126453666748836,0,20,0.9,0,14,0.25290733778787683
600,4.42776649357497e-10,0,0,0,0,0,0,0,0,0,0,0.00746755706897094,0.00746755706897094,0,21,0.9,0,14,0.014935114580718528
630,3.79639417078812e-11,0,0,0,0,0,0,0,0,0,0,4.4099128054128e-4,4.4099128054128e-4,0,22,0.9,0,14,8.819825990465017e-4
660,2.94223318984731e-12,0,0,0,0,0,0,0,0,0,0,2.60426898472353e-5,2.60426898472353e-5,0,23,0.9,0,14,5.208538263670379e-5
690,2.15114981300551e-13,0,0,0,0,0,0,0,0,0,0,1.53796357948269e-6,1.53796357948269e-6,0,24,0.9,0,14,3.0759273740803614e-6
720,1.5146130674297e-14,0,0,0,0,0,0,0,0,0,0,9.08260939744331e-8,9.08260939744331e-8,0,25,0.9,0,14,1.8165220309499688e-7
750,1.03869162622725e-15,0,0,0,0,0,0,0,0,0,0,5.363886720493751e-9,5.363886720493751e-9,0,26,0.9,0,14,1.0727774479679128e-8
780,6.98575321066183e-17,0,0,0,0,0,0,0,0,0,0,3.1677648107735803e-10,3.1677648107735803e-10,0,27,0.9,0,14,6.335530320122482e-10
810,4.62842743412309e-18,0,0,0,0,0,0,0,0,0,0,1.8708141012379997e-11,1.8708141012379997e-11,0,28,0.9,0,14,3.741628665318743e-11
840,3.0303511814267e-19,0,0,0,0,0,0,0,0,0,0,1.10487388941799e-12,1.10487388941799e-12,0,29,0.9,0,14,2.209748081871098e-12
870,1.9649831501136997e-20,0,0,0,0,0,0,0,0,0,0,6.52528005980871e-14,6.52528005980871e-14,0,30,0.9,0,14,1.305056208460057e-13
900,1.26400701682389e-21,0,0,0,0,0,0,0,0,0,0,3.85380708155711e-15,3.85380708155711e-15,0,31,0.9,0,14,7.707615427121238e-15
930,8.076314744628779e-23,0,0,0,0,0,0,0,0,0,0,2.27606757832142e-16,2.27606757832142e-16,0,32,0.9,0,14,4.552135964274315e-16
960,5.13071730690184e-24,0,0,0,0,0,0,0,0,0,0,1.3442644102938601e-17,1.3442644102938601e-17,0,33,0.9,0,14,2.688529333659451e-17
990,3.2432807395842598e-25,0,0,0,0,0,0,0,0,0,0,7.939417015969079e-19,7.939417015969079e-19,0,34,0.9,0,14,1.5878837275218899e-18
1020,2.04130523217143e-26,0,0,0,0,0,0,0,0,0,0,4.6891798483337296e-20,4.6891798483337296e-20,0,35,0.9,0,14,9.378361737972691e-20
1050,1.2798943430343199e-27,0,0,0,0,0,0,0,0,0,0,2.76955202497677e-21,2.76955202497677e-21,0,36,0.9,0,14,5.539105329847883e-21
1080,7.99780024793295e-29,0,0,0,0,0,0,0,0,0,0,1.63578614327604e-22,1.63578614327604e-22,0,37,0.9,0,14,3.2715730863321046e-22
1110,4.98258407917962e-30,0,0,0,0,0,0,0,0,0,0,9.66157390027844e-24,9.66157390027844e-24,0,38,0.9,0,14,1.932315278314096e-23
1140,3.0957064028026e-31,0,0,0,0,0,0,0,0,0,0,5.7065495286725e-25,5.7065495286725e-25,0,39,0.9,0,14,1.1413102153051402e-24
1170,1.91866869378628e-32,0,0,0,0,0,0,0,0,0,0,3.37057236319733e-26,3.37057236319733e-26,0,40,0.9,0,14,6.741146645063354e-26
1200,1.18651593997033e-33,0,0,0,0,0,0,0,0,0,0,1.9908478543405e-27,1.9908478543405e-27,0,41,0.9,0,14,3.9816968951969396e-27
1230,7.32260826418557e-35,0,0,0,0,0,0,0,0,0,0,1.17591745341015e-28,1.17591745341015e-28,0,42,0.9,0,14,2.3518356390811264e-28
1260,4.5107746887182796e-36,0,0,0,0,0,0,0,0,0,0,6.94576280036066e-30,6.94576280036066e-30,0,43,0.9,0,14,1.389153011149601e-29
1290,2.77392681653457e-37,0,0,0,0,0,0,0,0,0,0,4.10267772626989e-31,4.10267772626989e-31,0,44,0.9,0,14,8.205358226466595e-31
1320,1.7031589267317e-38,0,0,0,0,0,0,0,0,0,0,2.42336706126191e-32,2.42336706126191e-32,0,45,0.9,0,14,4.8467358256827467e-32
1350,1.04419822014473e-39,0,0,0,0,0,0,0,0,0,0,1.4314472094246e-33,1.4314472094246e-33,0,46,0.9,0,14,2.86289546304742e-33
1380,6.393284753744519e-41,0,0,0,0,0,0,0,0,0,0,8.45543212430048e-35,8.45543212430048e-35,0,47,0.9,0,14,1.6910870641885712e-34
1410,3.9094838221502194e-42,0,0,0,0,0,0,0,0,0,0,4.9945988372411194e-36,4.9945988372411194e-36,0,48,0.9,0,14,9.989201583966061e-36
1440,2.3878435800705e-43,0,0,0,0,0,0,0,0,0,0,2.9503242266803102e-37,2.9503242266803102e-37,0,49,0.9,0,14,5.900650841204201e-37
1470,1.45685597795208e-44,0,0,0,0,0,0,0,0,0,0,1.74278256181036e-38,1.74278256181036e-38,0,50,0.9,0,14,3.485566580476698e-38
1500,8.87936125536801e-46,0,0,0,0,0,0,0,0,0,0,1.0294872899003001e-39,1.0294872899003001e-39,0,51,0.9,0,14,2.0589754677367257e-39
1530,5.4066529965145e-47,0,0,0,0,0,0,0,0,0,0,6.08139331427152e-41,6.08139331427152e-41,0,52,0.9,0,14,1.2162792035196036e-40
1560,3.28913584474931e-48,0,0,0,0,0,0,0,0,0,0,3.59243990351326e-42,3.59243990351326e-42,0,53,0.9,0,14,7.184883096162365e-42
1590,1.9992375064864297e-49,0,0,0,0,0,0,0,0,0,0,2.1221703562305395e-43,2.1221703562305395e-43,0,54,0.9,0,14,4.244342711698585e-43
1620,1.2142190760224399e-50,0,0,0,0,0,0,0,0,0,0,1.2536470546634996e-44,1.2536470546634996e-44,0,55,0.9,0,14,2.507295323546075e-44
1650,7.368836248573711e-52,0,0,0,0,0,0,0,0,0,0,7.40584521116199e-46,7.40584521116199e-46,0,56,0.9,0,14,1.481169779116023e-45
1680,4.46876528046311e-53,0,0,0,0,0,0,0,0,0,0,4.37500222063135e-47,4.37500222063135e-47,0,57,0.9,0,14,8.750008910027981e-47
1710,2.70819040023297e-54,0,0,0,0,0,0,0,0,0,0,2.58455763952873e-48,2.58455763952873e-48,0,58,0.9,0,14,5.1691179872478603e-48
1740,1.64016997259065e-55,0,0,0,0,0,0,0,0,0,0,1.52685733313945e-49,1.52685733313945e-49,0,59,0.9,0,14,3.0537163064488723e-49
1770,9.927283543608159e-57,0,0,0,0,0,0,0,0,0,0,9.02017545332763e-51,9.02017545332763e-51,0,60,0.9,0,14,1.8040360833938803e-50
1800,6.005052354358091e-58,0,0,0,0,0,0,0,0,0,0,5.32887822010801e-52,5.32887822010801e-52,0,61,0.9,0,14,1.0657762445268374e-51
1830,3.6304458274847103e-59,0,0,0,0,0,0,0,0,0,0,3.14818964254035e-53,3.14818964254035e-53,0,62,0.9,0,14,6.296382915526527e-53
1860,2.19366890841505e-60,0,0,0,0,0,0,0,0,0,0,1.85990281367964e-54,1.85990281367964e-54,0,63,0.9,0,14,3.7198078210281886e-54
1890,1.3248312747419401e-61,0,0,0,0,0,0,0,0,0,0,1.0988132503502198e-55,1.0988132503502198e-55,0,64,0.9,0,14,2.1976278255317144e-55
1920,7.99720389083194e-63,0,0,0,0,0,0,0,0,0,0,6.49175005445908e-57,6.49175005445908e-57,0,65,0.9,0,14,1.298350810612205e-56
1950,4.82517398194339e-64,0,0,0,0,0,0,0,0,0,0,3.83534074144133e-58,3.83534074144133e-58,0,66,0.9,0,14,7.670686308056642e-58
1980,2.9100036396760203e-65,0,0,0,0,0,0,0,0,0,0,2.26595026622468e-59,2.26595026622468e-59,0,67,0.9,0,14,4.531903442452999e-59
0,250,0,0,0,0,0,0,0,0,0,0,0,0,0,1,0.9,0,15,250
30,250.000322400697,0,0,0,0,0,0,0,0,0,0,0,0,0,2,0.9,0,15,250.000322400697
60,250.000090984018,0,0,0,0,0,0,0,0,0,0,0,0,0,3,0.9,0,15,250.000090984018
90,250.000018876751,0,0,0,0,0,0,0,0,0,0,0,0,0,4,0.9,0,15,250.000018876751
120,214.434987438589,0,0,0,0,0,0,0,0,0,0,42.3018883322454,42.3018883322454,0,5,0.9,0,15,299.03876410307976
150,133.955407556227,0,0,0,0,0,0,0,0,0,0,73.3027726135265,73.3027726135265,0,6,0.9,0,15,280.56095278327996
180,79.5767266520453,0,0,0,0,0,0,0,0,0,0,81.7608572218211,81.7608572218211,0,7,0.9,0,15,243.0984410956875
210,43.9390912578204,0,0,0,0,0,0,0,0,0,0,79.4459146928261,79.4459146928261,0,8,0.9,0,15,202.83092064347258
240,21.5121097280838,0,0,0,0,0,0,0,0,0,0,71.0157318919009,71.0157318919009,0,9,0.9,0,15,163.5435735118856
270,8.85321115461809,0,0,0,0,0,0,0,0,0,0,59.7872336960258,59.7872336960258,0,10,0.9,0,15,128.42767854666968
300,2.86831815057627,0,0,0,0,0,0,0,0,0,0,49.1134067199403,49.1134067199403,0,11,0.9,0,15,101.09513159045687
330,0.677032007064367,0,0,0,0,0,0,0,0,0,0,41.5600678037582,41.5600678037582,0,12,0.9,0,15,83.79716761458077
360,0.109658557706339,0,0,0,0,0,0,0,0,0,0,37.7880786208718,37.7880786208718,0,13,0.9,0,15,75.68581579944994
390,0.0125590230703438,0,0,0,0,0,0,0,0,0,0,36.558975705901,36.558975705901,0,14,0.9,0,15,73.13051043487233
420,0.00114434181240047,0,0,0,0,0,0,0,0,0,0,36.3031274400987,36.3031274400987,0,15,0.9,0,15,72.6073992220098
450,9.18661924722358e-5,0,0,0,0,0,0,0,0,0,0,36.2661158782985,36.2661158782985,0,16,0.9,0,15,72.53232362278948
480,6.86334089360882e-6,0,0,0,0,0,0,0,0,0,0,36.2619043349847,36.2619043349847,0,17,0.9,0,15,72.5238155333103
510,4.90265815874138e-7,0,0,0,0,0,0,0,0,0,0,36.2614919267594,36.2614919267594,0,18,0.9,0,15,72.52298434378461
540,3.3969235704071e-8,0,0,0,0,0,0,0,0,0,0,36.2614552978169,36.2614552978169,0,19,0.9,0,15,72.52291062960303
570,2.53274373135805e-9,0,0,0,0,0,0,0,0,0,0,2.14134687283166,2.14134687283166,0,20,0.9,0,15,4.282693748196063
600,2.70846850063106e-10,0,0,0,0,0,0,0,0,0,0,0.126452935982766,0.126452935982766,0,21,0.9,0,15,0.25290587223637884
630,2.71804900768131e-11,0,0,0,0,0,0,0,0,0,0,0.007467427662424,0.007467427662424,0,22,0.9,0,15,0.01493485535202849
660,2.30288786992932e-12,0,0,0,0,0,0,0,0,0,0,4.4097441026899e-4,4.4097441026899e-4,0,23,0.9,0,15,8.819488228408679e-4
690,1.77348999580419e-13,0,0,0,0,0,0,0,0,0,0,2.6040901267582e-5,2.6040901267582e-5,0,24,0.9,0,15,5.2081802712513e-5
720,1.29157463575174e-14,0,0,0,0,0,0,0,0,0,0,1.53779658550899e-6,1.53779658550899e-6,0,25,0.9,0,15,3.0755931839337265e-6
750,9.069675378675079e-16,0,0,0,0,0,0,0,0,0,0,9.08117472985215e-8,9.08117472985215e-8,0,26,0.9,0,15,1.8162349550401055e-7
780,6.20777964795747e-17,0,0,0,0,0,0,0,0,0,0,5.362723803198761e-9,5.362723803198761e-9,0,27,0.9,0,15,1.0725447668475317e-8
810,4.16893205965032e-18,0,0,0,0,0,0,0,0,0,0,3.16686161800846e-10,3.16686161800846e-10,0,28,0.9,0,15,6.333723277706241e-10
840,2.7589471132475095e-19,0,0,0,0,0,0,0,0,0,0,1.8701351853997697e-11,1.8701351853997697e-11,0,29,0.9,0,15,3.7402703983890107e-11
870,1.804668693384e-20,0,0,0,0,0,0,0,0,0,0,1.10437654502689e-12,1.10437654502689e-12,0,30,0.9,0,15,2.208753108100467e-12
900,1.1693064962879e-21,0,0,0,0,0,0,0,0,0,0,6.521711843532311e-14,6.521711843532311e-14,0,31,0.9,0,15,1.3043423803995273e-13
930,7.51686947701024e-23,0,0,0,0,0,0,0,0,0,0,3.8512906547625e-15,3.8512906547625e-15,0,32,0.9,0,15,7.702581384693696e-15
960,4.8002027339057e-24,0,0,0,0,0,0,0,0,0,0,2.27431829046037e-16,2.27431829046037e-16,0,33,0.9,0,15,4.548636628922768e-16
990,3.0480026149864797e-25,0,0,0,0,0,0,0,0,0,0,1.34306320320343e-17,1.34306320320343e-17,0,34,0.9,0,15,2.6861264368868863e-17
1020,1.92592039362618e-26,0,0,0,0,0,0,0,0,0,0,7.931255041848449e-19,7.931255041848449e-19,0,35,0.9,0,15,1.5862510276288937e-18
1050,1.21171100632779e-27,0,0,0,0,0,0,0,0,0,0,4.68368456576286e-20,4.68368456576286e-20,0,36,0.9,0,15,9.36736925269682e-20
1080,7.59485663242305e-29,0,0,0,0,0,0,0,0,0,0,2.7658818237935998e-21,2.7658818237935998e-21,0,37,0.9,0,15,5.531763723535766e-21
1110,4.7444349548539394e-30,0,0,0,0,0,0,0,0,0,0,1.63335226916262e-22,1.63335226916262e-22,0,38,0.9,0,15,3.2667045857695893e-22
1140,2.95494145566545e-31,0,0,0,0,0,0,0,0,0,0,9.645535825278331e-24,9.645535825278331e-24,0,39,0.9,0,15,1.9291071946050807e-23
1170,1.83545726113896e-32,0,0,0,0,0,0,0,0,0,0,5.6960411081561795e-25,5.6960411081561795e-25,0,40,0.9,0,15,1.1392082399858086e-24
1200,1.1373214429912599e-33,0,0,0,0,0,0,0,0,0,0,3.36372226389429e-26,3.36372226389429e-26,0,41,0.9,0,15,6.727444641520725e-26
1230,7.031739439753099e-35,0,0,0,0,0,0,0,0,0,0,1.98640318478105e-27,1.98640318478105e-27,0,42,0.9,0,15,3.972806439879494e-27
1260,4.33877525845939e-36,0,0,0,0,0,0,0,0,0,0,1.17304570639277e-28,1.17304570639277e-28,0,43,0.9,0,15,2.346091456173293e-28
1290,2.6722064188162e-37,0,0,0,0,0,0,0,0,0,0,6.92727970917531e-30,6.92727970917531e-30,0,44,0.9,0,15,1.3854559685571262e-29
1320,1.6429941516623901e-38,0,0,0,0,0,0,0,0,0,0,4.09082377990113e-31,4.09082377990113e-31,0,45,0.9,0,15,8.181647724101674e-31
1350,1.00860791447307e-39,0,0,0,0,0,0,0,0,0,0,2.41578943716762e-32,2.41578943716762e-32,0,46,0.9,0,15,4.831578975196032e-32
1380,6.18272360399911e-41,0,0,0,0,0,0,0,0,0,0,1.4266178131961699e-33,1.4266178131961699e-33,0,47,0.9,0,15,2.8532356882195757e-33
1410,3.78489365493318e-42,0,0,0,0,0,0,0,0,0,0,8.424739192065849e-35,8.424739192065849e-35,0,48,0.9,0,15,1.6849478762621065e-34
1440,2.3141125756531493e-43,0,0,0,0,0,0,0,0,0,0,4.975142746676029e-36,4.975142746676029e-36,0,49,0.9,0,15,9.950285724763316e-36
1470,1.4132165345865398e-44,0,0,0,0,0,0,0,0,0,0,2.93802092885974e-37,2.93802092885974e-37,0,50,0.9,0,15,5.876041999041133e-37
1500,8.62103253323593e-46,0,0,0,0,0,0,0,0,0,0,1.73501998836428e-38,1.73501998836428e-38,0,51,0.9,0,15,3.4700400629388855e-38
1530,5.25370902837843e-47,0,0,0,0,0,0,0,0,0,0,1.0245999679943e-39,1.0245999679943e-39,0,52,0.9,0,15,2.0491999885256903e-39
1560,3.1985709573355e-48,0,0,0,0,0,0,0,0,0,0,6.05068371284275e-41,6.05068371284275e-41,0,53,0.9,0,15,1.2101367745542595e-40
1590,1.94560145336815e-49,0,0,0,0,0,0,0,0,0,0,3.57317941634925e-42,3.57317941634925e-42,0,54,0.9,0,15,7.146359027258645e-42
1620,1.18244852077093e-50,0,0,0,0,0,0,0,0,0,0,2.1101117388942997e-43,2.1101117388942997e-43,0,55,0.9,0,15,4.220223596033451e-43
1650,7.180616433228311e-52,0,0,0,0,0,0,0,0,0,0,1.2461098865703798e-44,1.2461098865703798e-44,0,56,0.9,0,15,2.492219844946924e-44
1680,4.35723831630634e-53,0,0,0,0,0,0,0,0,0,0,7.3588082740245e-46,7.3588082740245e-46,0,57,0.9,0,15,1.471761698377283e-45
1710,2.64209521695907e-54,0,0,0,0,0,0,0,0,0,0,4.34569149813292e-47,4.34569149813292e-47,0,58,0.9,0,15,8.691383260475362e-47
1740,1.6009924955010098e-55,0,0,0,0,0,0,0,0,0,0,2.5663185011813003e-48,2.5663185011813003e-48,0,59,0.9,0,15,5.13263716246185e-48
1770,9.69501996758143e-57,0,0,0,0,0,0,0,0,0,0,1.51552280371249e-49,1.51552280371249e-49,0,60,0.9,0,15,3.0310457043751796e-49
1800,5.8673298414148806e-58,0,0,0,0,0,0,0,0,0,0,8.94982728116318e-51,8.94982728116318e-51,0,61,0.9,0,15,1.7899655149059345e-50
1830,3.54876707710173e-59,0,0,0,0,0,0,0,0,0,0,5.2852689356400405e-52,5.2852689356400405e-52,0,62,0.9,0,15,1.0570538226156789e-51
1860,2.1452188164416498e-60,0,0,0,0,0,0,0,0,0,0,3.12118697285227e-53,3.12118697285227e-53,0,63,0.9,0,15,6.242374160226422e-53
1890,1.2960862631920301e-61,0,0,0,0,0,0,0,0,0,0,1.8432011740409797e-54,1.8432011740409797e-54,0,64,0.9,0,15,3.686402477690586e-54
1920,7.82662957350558e-63,0,0,0,0,0,0,0,0,0,0,1.08849377363783e-55,1.08849377363783e-55,0,65,0.9,0,15,2.1769876255419555e-55
1950,4.7239347351213896e-64,0,0,0,0,0,0,0,0,0,0,6.42805254123066e-57,6.42805254123066e-57,0,66,0.9,0,15,1.2856105554854795e-56
1980,2.84990439155027e-65,0,0,0,0,0,0,0,0,0,0,3.79606066819875e-58,3.79606066819875e-58,0,67,0.9,0,15,7.592121621387939e-58
0,250,0,0,0,0,0,0,0,0,0,0,0,0,0,1,0.9,0,16,250
30,250.000322400697,0,0,0,0,0,0,0,0,0,0,0,0,0,2,0.9,0,16,250.000322400697
60,250.000090984018,0,0,0,0,0,0,0,0,0,0,0,0,0,3,0.9,0,16,250.000090984018
90,250.000018876751,0,0,0,0,0,0,0,0,0,0,0,0,0,4,0.9,0,16,250.000018876751
120,214.434987438589,0,0,0,0,0,0,0,0,0,0,42.3018883322454,42.3018883322454,0,5,0.9,0,16,299.03876410307976
150,133.955407556227,0,0,0,0,0,0,0,0,0,0,73.3027726135265,73.3027726135265,0,6,0.9,0,16,280.56095278327996
180,79.5767266520453,0,0,0,0,0,0,0,0,0,0,81.7608572218211,81.7608572218211,0,7,0.9,0,16,243.0984410956875
210,43.9390912578204,0,0,0,0,0,0,0,0,0,0,79.4459146928261,79.4459146928261,0,8,0.9,0,16,202.83092064347258
240,21.5121097280838,0,0,0,0,0,0,0,0,0,0,71.0157318919009,71.0157318919009,0,9,0.9,0,16,163.5435735118856
270,8.85321115461809,0,0,0,0,0,0,0,0,0,0,59.7872336960258,59.7872336960258,0,10,0.9,0,16,128.42767854666968
300,2.86831815057627,0,0,0,0,0,0,0,0,0,0,49.1134067199403,49.1134067199403,0,11,0.9,0,16,101.09513159045687
330,0.677032007064367,0,0,0,0,0,0,0,0,0,0,41.5600678037582,41.5600678037582,0,12,0.9,0,16,83.79716761458077
360,0.109658557706339,0,0,0,0,0,0,0,0,0,0,37.7880786208718,37.7880786208718,0,13,0.9,0,16,75.68581579944994
390,0.0125590230703438,0,0,0,0,0,0,0,0,0,0,36.558975705901,36.558975705901,0,14,0.9,0,16,73.13051043487233
420,0.00114434181240047,0,0,0,0,0,0,0,0,0,0,36.3031274400987,36.3031274400987,0,15,0.9,0,16,72.6073992220098
450,9.18661924722358e-5,0,0,0,0,0,0,0,0,0,0,36.2661158782985,36.2661158782985,0,16,0.9,0,16,72.53232362278948
480,6.86334089360882e-6,0,0,0,0,0,0,0,0,0,0,36.2619043349847,36.2619043349847,0,17,0.9,0,16,72.5238155333103
510,4.90265815874138e-7,0,0,0,0,0,0,0,0,0,0,36.2614919267594,36.2614919267594,0,18,0.9,0,16,72.52298434378461
540,3.3969235704071e-8,0,0,0,0,0,0,0,0,0,0,36.2614552978169,36.2614552978169,0,19,0.9,0,16,72.52291062960303
570,2.30228817377148e-9,0,0,0,0,0,0,0,0,0,0,36.2614522558669,36.2614522558669,0,20,0.9,0,16,72.52290451403609
600,1.67063673157491e-10,0,0,0,0,0,0,0,0,0,0,2.14134658253236,2.14134658253236,0,21,0.9,0,16,4.282693165231784
630,1.7027597960446e-11,0,0,0,0,0,0,0,0,0,0,0.126452885085946,0.126452885085946,0,22,0.9,0,16,0.2529057701889196
660,1.6661070838757199e-12,0,0,0,0,0,0,0,0,0,0,0.00746741921995394,0.00746741921995394,0,23,0.9,0,16,0.014934838441573986
690,1.39595648433507e-13,0,0,0,0,0,0,0,0,0,0,4.409733453307e-4,4.409733453307e-4,0,24,0.9,0,16,8.819466908009957e-4
720,1.06857653435534e-14,0,0,0,0,0,0,0,0,0,0,2.60407903205624e-5,2.60407903205624e-5,0,25,0.9,0,16,5.208158065181057e-5
750,7.75278087915302e-16,0,0,0,0,0,0,0,0,0,0,1.53778633455514e-6,1.53778633455514e-6,0,26,0.9,0,16,3.0755726698855582e-6
780,5.43010873906155e-17,0,0,0,0,0,0,0,0,0,0,9.08108726623882e-8,9.08108726623882e-8,0,27,0.9,0,16,1.8162174537907748e-7
810,3.70969041204501e-18,0,0,0,0,0,0,0,0,0,0,5.3626532491042305e-9,5.3626532491042305e-9,0,28,0.9,0,16,1.0725306501918151e-8
840,2.4877483711845397e-19,0,0,0,0,0,0,0,0,0,0,3.16680701741385e-10,3.16680701741385e-10,0,29,0.9,0,16,6.333614037315449e-10
870,1.64451564248555e-20,0,0,0,0,0,0,0,0,0,0,1.8700942559635698e-11,1.8700942559635698e-11,0,30,0.9,0,16,3.7401885135716554e-11
900,1.07472982251875e-21,0,0,0,0,0,0,0,0,0,0,1.1043466273202999e-12,1.1043466273202999e-12,0,31,0.9,0,16,2.2086932557153295e-12
930,6.958355222669589e-23,0,0,0,0,0,0,0,0,0,0,6.52149757816489e-14,6.52149757816489e-14,0,32,0.9,0,16,1.3042995163288134e-13
960,4.4703758699469404e-24,0,0,0,0,0,0,0,0,0,0,3.85113976934857e-15,3.85113976934857e-15,0,33,0.9,0,16,7.702279543167516e-15
990,2.8532248133948e-25,0,0,0,0,0,0,0,0,0,0,2.27421353245221e-16,2.27421353245221e-16,0,34,0.9,0,16,4.548427067757645e-16
1020,1.8108947434301998e-26,0,0,0,0,0,0,0,0,0,0,1.34299134351333e-17,1.34299134351333e-17,0,35,0.9,0,16,2.6859826888375547e-17
1050,1.14378253064238e-27,0,0,0,0,0,0,0,0,0,0,7.930767214161139e-19,7.930767214161139e-19,0,36,0.9,0,16,1.5861534439760103e-18
1080,7.19370264900837e-29,0,0,0,0,0,0,0,0,0,0,4.6833563833992895e-20,4.6833563833992895e-20,0,37,0.9,0,16,9.366712773992281e-20
1110,4.50753087006545e-30,0,0,0,0,0,0,0,0,0,0,2.76566279052381e-21,2.76566279052381e-21,0,38,0.9,0,16,5.5313255855551506e-21
1140,2.8150354616080996e-31,0,0,0,0,0,0,0,0,0,0,1.63320710905595e-22,1.63320710905595e-22,0,39,0.9,0,16,3.266414220926935e-22
1170,1.75283395691904e-32,0,0,0,0,0,0,0,0,0,0,9.644579823399099e-24,9.644579823399099e-24,0,40,0.9,0,16,1.9289159664326537e-23
1200,1.08852688437866e-33,0,0,0,0,0,0,0,0,0,0,5.695415034753219e-25,5.695415034753219e-25,0,41,0.9,0,16,1.1390830080391707e-24
1230,6.74357329372337e-35,0,0,0,0,0,0,0,0,0,0,3.3633143331966e-26,3.3633143331966e-26,0,42,0.9,0,16,6.726628673136773e-26
1260,4.16859178451986e-36,0,0,0,0,0,0,0,0,0,0,1.98613861013986e-27,1.98613861013986e-27,0,43,0.9,0,16,3.972277224448312e-27
1290,2.57169976709037e-37,0,0,0,0,0,0,0,0,0,0,1.1728748271724799e-28,1.1728748271724799e-28,0,44,0.9,0,16,2.3457496569166595e-28
1320,1.58363668572226e-38,0,0,0,0,0,0,0,0,0,0,6.926180285305479e-30,6.926180285305479e-30,0,45,0.9,0,16,1.3852360586447326e-29
1350,9.735521730250819e-40,0,0,0,0,0,0,0,0,0,0,4.0901189042945595e-31,4.0901189042945595e-31,0,46,0.9,0,16,8.18023781832464e-31
1380,5.97568737321343e-41,0,0,0,0,0,0,0,0,0,0,2.41533898193213e-32,2.41533898193213e-32,0,47,0.9,0,16,4.830677969839947e-32
1410,3.66261882431232e-42,0,0,0,0,0,0,0,0,0,0,1.42633080824825e-33,1.42633080824825e-33,0,48,0.9,0,16,2.852661620159119e-33
1440,2.2418969062929e-43,0,0,0,0,0,0,0,0,0,0,8.422915629022459e-35,8.422915629022459e-35,0,49,0.9,0,16,1.6845831280463888e-34
1470,1.3705654973360098e-44,0,0,0,0,0,0,0,0,0,0,4.9739870846076994e-36,4.9739870846076994e-36,0,50,0.9,0,16,9.947974182921054e-36
1500,8.36913050141563e-46,0,0,0,0,0,0,0,0,0,0,2.9372903014445e-37,2.9372903014445e-37,0,51,0.9,0,16,5.87458061125813e-37
1530,5.10493134520703e-47,0,0,0,0,0,0,0,0,0,0,1.73455911149424e-38,1.73455911149424e-38,0,52,0.9,0,16,3.4691182280934113e-38
1560,3.11069944697894e-48,0,0,0,0,0,0,0,0,0,0,1.02430985983476e-39,1.02430985983476e-39,0,53,0.9,0,16,2.0486197227802193e-39
1590,1.89370200990408e-49,0,0,0,0,0,0,0,0,0,0,6.04886117089869e-41,6.04886117089869e-41,0,54,0.9,0,16,1.20977223607344e-40
1620,1.1517949020845e-50,0,0,0,0,0,0,0,0,0,0,3.57203656675776e-42,3.57203656675776e-42,0,55,0.9,0,16,7.144073145033469e-42
1650,6.99956358076078e-52,0,0,0,0,0,0,0,0,0,0,2.1093963511497097e-43,2.1093963511497097e-43,0,56,0.9,0,16,4.218792709298983e-43
1680,4.25029991353536e-53,0,0,0,0,0,0,0,0,0,0,1.24566281430835e-44,1.24566281430835e-44,0,57,0.9,0,16,2.491325632867e-44
1710,2.5789316211369898e-54,0,0,0,0,0,0,0,0,0,0,7.35601870466999e-46,7.35601870466999e-46,0,58,0.9,0,16,1.4712037435129298e-45
1740,1.5636842385551499e-55,0,0,0,0,0,0,0,0,0,0,4.3439534730309903e-47,4.3439534730309903e-47,0,59,0.9,0,16,8.687906961698823e-47
1770,9.47465215417665e-57,0,0,0,0,0,0,0,0,0,0,2.5652371474785398e-48,2.5652371474785398e-48,0,60,0.9,0,16,5.1304743044317316e-48
1800,5.7371641334593406e-58,0,0,0,0,0,0,0,0,0,0,1.5148509059387399e-49,1.5148509059387399e-49,0,61,0.9,0,16,3.029701817614644e-49
1830,3.4718805304461004e-59,0,0,0,0,0,0,0,0,0,0,8.94565771470606e-51,8.94565771470606e-51,0,62,0.9,0,16,1.7891315464130927e-50
1860,2.0998027410895398e-60,0,0,0,0,0,0,0,0,0,0,5.28268454976197e-52,5.28268454976197e-52,0,63,0.9,0,16,1.0565369120521967e-51
1890,1.26925911841591e-61,0,0,0,0,0,0,0,0,0,0,3.11958694627663e-53,3.11958694627663e-53,0,64,0.9,0,16,6.239173905245851e-53
1920,7.66816031109616e-63,0,0,0,0,0,0,0,0,0,0,1.8422116568923198e-54,1.8422116568923198e-54,0,65,0.9,0,16,3.6844233214528e-54
1950,4.63032490011682e-64,0,0,0,0,0,0,0,0,0,0,1.08788245574036e-55,1.08788245574036e-55,0,66,0.9,0,16,2.1757649161110447e-55
1980,2.7946070936885e-65,0,0,0,0,0,0,0,0,0,0,6.42427961333991e-57,6.42427961333991e-57,0,67,0.9,0,16,1.284855925462589e-56
0,250,0,0,0,0,0,0,0,0,0,0,0,0,0,1,0.9,0,6,250
30,250.000322400697,0,0,0,0,0,0,0,0,0,0,0,0,0,2,0.9,0,6,250.000322400697
60,250.000090984018,0,0,0,0,0,0,0,0,0,0,0,0,0,3,0.9,0,6,250.000090984018
90,250.000018876751,0,0,0,0,0,0,0,0,0,0,0,0,0,4,0.9,0,6,250.000018876751
120,214.434987438589,0,0,0,0,0,0,0,0,0,0,42.3018883322454,42.3018883322454,0,5,0.9,0,6,299.03876410307976
150,133.955407556227,0,0,0,0,0,0,0,0,0,0,73.3027726135265,73.3027726135265,0,6,0.9,0,6,280.56095278327996
180,79.5767266520453,0,0,0,0,0,0,0,0,0,0,81.7608572218211,81.7608572218211,0,7,0.9,0,6,243.0984410956875
210,43.9390912578204,0,0,0,0,0,0,0,0,0,0,79.4459146928261,79.4459146928261,0,8,0.9,0,6,202.83092064347258
240,21.5121097280838,0,0,0,0,0,0,0,0,0,0,71.0157318919009,71.0157318919009,0,9,0.9,0,6,163.5435735118856
270,8.85321115461809,0,0,0,0,0,0,0,0,0,0,59.7872336960258,59.7872336960258,0,10,0.9,0,6,128.42767854666968
300,4.40945699378393,0,0,0,0,0,0,0,0,0,0,23.0889038966632,23.0889038966632,0,11,0.9,0,6,50.58726478711033
330,3.31359535210005,0,0,0,0,0,0,0,0,0,0,18.5652269215887,18.5652269215887,0,12,0.9,0,6,40.44404919527745
360,3.30604581377342,0,0,0,0,0,0,0,0,0,0,17.1711183175658,17.1711183175658,0,13,0.9,0,6,37.64828244890502
390,3.47732384003731,0,0,0,0,0,0,0,0,0,0,17.4616000981133,17.4616000981133,0,14,0.9,0,6,38.40052403626391
420,3.78480542076833,0,0,0,0,0,0,0,0,0,0,18.0952770026969,18.0952770026969,0,15,0.9,0,6,39.97535942616213
450,4.154914871928,0,0,0,0,0,0,0,0,0,0,18.9450829697125,18.9450829697125,0,16,0.9,0,6,42.045080811353
480,4.59083918332634,0,0,0,0,0,0,0,0,0,0,19.9006013595146,19.9006013595146,0,17,0.9,0,6,44.39204190235554
510,5.09228860035289,0,0,0,0,0,0,0,0,0,0,20.9401617269095,20.9401617269095,0,18,0.9,0,6,46.97261205417189
540,5.67012183759051,0,0,0,0,0,0,0,0,0,0,22.0602334370669,22.0602334370669,0,19,0.9,0,6,49.790588711724304
570,6.33748428841904,0,0,0,0,0,0,0,0,0,0,23.261909570307,23.261909570307,0,20,0.9,0,6,52.86130342903304
600,7.11187387667126,0,0,0,0,0,0,0,0,0,0,24.550709797568,24.550709797568,0,21,0.9,0,6,56.21329347180726
630,8.01507769310912,0,0,0,0,0,0,0,0,0,0,25.9318641132975,25.9318641132975,0,22,0.9,0,6,59.87880591970412
660,9.07444141822876,0,0,0,0,0,0,0,0,0,0,27.4109606650881,27.4109606650881,0,23,0.9,0,6,63.89636274840496
690,10.3243716779636,0,0,0,0,0,0,0,0,0,0,28.9926131507597,28.9926131507597,0,24,0.9,0,6,68.309597979483
720,11.8084145706252,0,0,0,0,0,0,0,0,0,0,30.6799048474706,30.6799048474706,0,25,0.9,0,6,73.1682242655664
750,13.5820107080964,0,0,0,0,0,0,0,0,0,0,32.4731145738421,32.4731145738421,0,26,0.9,0,6,78.52823985578061
780,15.7161277983942,0,0,0,0,0,0,0,0,0,0,34.3680248409733,34.3680248409733,0,27,0.9,0,6,84.4521774803408
810,18.3020222682498,0,0,0,0,0,0,0,0,0,0,36.3533650188805,36.3533650188805,0,28,0.9,0,6,91.0087523060108
840,21.4573816846259,0,0,0,0,0,0,0,0,0,0,38.4071149074577,38.4071149074577,0,29,0.9,0,6,98.2716114995413
870,25.3340301898435,0,0,0,0,0,0,0,0,0,0,40.4912204150325,40.4912204150325,0,30,0.9,0,6,106.3164710199085
900,30.127086511402,0,0,0,0,0,0,0,0,0,0,42.5442694126561,42.5442694126561,0,31,0.9,0,6,115.2156253367142
930,36.084710601662,0,0,0,0,0,0,0,0,0,0,44.4718149194726,44.4718149194726,0,32,0.9,0,6,125.0283404406072
960,43.5158908607599,0,0,0,0,0,0,0,0,0,0,46.1346527288506,46.1346527288506,0,33,0.9,0,6,135.7851963184611
990,52.7903898376506,0,0,0,0,0,0,0,0,0,0,47.3369877121296,47.3369877121296,0,34,0.9,0,6,147.4643652619098
1020,64.3192319796318,0,0,0,0,0,0,0,0,0,0,47.8198789956766,47.8198789956766,0,35,0.9,0,6,159.958989970985
1050,78.4964070847412,0,0,0,0,0,0,0,0,0,0,47.2712480665768,47.2712480665768,0,36,0.9,0,6,173.0389032178948
1080,95.5777370636259,0,0,0,0,0,0,0,0,0,0,45.3705437104954,45.3705437104954,0,37,0.9,0,6,186.3188244846167
1110,115.485978041263,0,0,0,0,0,0,0,0,0,0,41.8860626239985,41.8860626239985,0,38,0.9,0,6,199.25810328926
1140,137.585692266261,0,0,0,0,0,0,0,0,0,0,36.8191773649406,36.8191773649406,0,39,0.9,0,6,211.2240469961422
1170,160.567467713172,0,0,0,0,0,0,0,0,0,0,30.5312967340386,30.5312967340386,0,40,0.9,0,6,221.6300611812492
1200,182.631075655485,0,0,0,0,0,0,0,0,0,0,23.7349694085255,23.7349694085255,0,41,0.9,0,6,230.101014472536
1230,202.009220611587,0,0,0,0,0,0,0,0,0,0,17.2794403792562,17.2794403792562,0,42,0.9,0,6,236.5681013700994
1260,217.561330790802,0,0,0,0,0,0,0,0,0,0,11.8354865735537,11.8354865735537,0,43,0.9,0,6,241.2323039379094
1290,229.044657404306,0,0,0,0,0,0,0,0,0,0,7.69743029666626,7.69743029666626,0,44,0.9,0,6,244.43951799763852
1320,236.943721919339,0,0,0,0,0,0,0,0,0,0,4.80764911223931,4.80764911223931,0,45,0.9,0,6,246.5590201438176
1350,242.081682993541,0,0,0,0,0,0,0,0,0,0,2.91591950904326,2.91591950904326,0,46,0.9,0,6,247.91352201162752
1380,245.287992510766,0,0,0,0,0,0,0,0,0,0,1.73355188810286,1.73355188810286,0,47,0.9,0,6,248.75509628697174
1410,247.231458639151,0,0,0,0,0,0,0,0,0,0,1.01735978111055,1.01735978111055,0,48,0.9,0,6,249.2661782013721
1440,248.386654469985,0,0,0,0,0,0,0,0,0,0,0.592252472605152,0.592252472605152,0,49,0.9,0,6,249.5711594151953
1470,249.064661861114,0,0,0,0,0,0,0,0,0,0,0.343094893199912,0.343094893199912,0,50,0.9,0,6,249.75085164751383
1500,249.45944206034,0,0,0,0,0,0,0,0,0,0,0.198179197730688,0.198179197730688,0,51,0.9,0,6,249.85580045580136
1530,249.688187450267,0,0,0,0,0,0,0,0,0,0,0.114277312421625,0.114277312421625,0,52,0.9,0,6,249.91674207511025
1560,249.820337705384,0,0,0,0,0,0,0,0,0,0,0.0658309188234713,0.0658309188234713,0,53,0.9,0,6,249.95199954303092
1590,249.896549306164,0,0,0,0,0,0,0,0,0,0,0.0379008930388759,0.0379008930388759,0,54,0.9,0,6,249.97235109224175
1620,249.940455404777,0,0,0,0,0,0,0,0,0,0,0.0218134478867716,0.0218134478867716,0,55,0.9,0,6,249.98408230055054
1650,249.965734748526,0,0,0,0,0,0,0,0,0,0,0.0125520819503568,0.0125520819503568,0,56,0.9,0,6,249.9908389124267
1680,249.980284440785,0,0,0,0,0,0,0,0,0,0,0.00722202776217962,0.00722202776217962,0,57,0.9,0,6,249.99472849630936
1710,249.988656902113,0,0,0,0,0,0,0,0,0,0,0.00415503674625848,0.00415503674625848,0,58,0.9,0,6,249.99696697560552
1740,249.993474174606,0,0,0,0,0,0,0,0,0,0,0.00239042244181073,0.00239042244181073,0,59,0.9,0,6,249.99825501948962
1770,249.996245705167,0,0,0,0,0,0,0,0,0,0,0.00137519815459934,0.00137519815459934,0,60,0.9,0,6,249.99899610147622
1800,249.997840192449,0,0,0,0,0,0,0,0,0,0,7.9113505990932e-4,7.9113505990932e-4,0,61,0.9,0,6,249.99942246256882
1830,249.99875749502,0,0,0,0,0,0,0,0,0,0,4.5512736371195e-4,4.5512736371195e-4,0,62,0.9,0,6,249.9996677497474
1860,249.999285208877,0,0,0,0,0,0,0,0,0,0,2.6182645063339e-4,2.6182645063339e-4,0,63,0.9,0,6,249.9998088617783
1890,249.999588794446,0,0,0,0,0,0,0,0,0,0,1.506236214646e-4,1.506236214646e-4,0,64,0.9,0,6,249.99989004168893
1920,249.999763441745,0,0,0,0,0,0,0,0,0,0,8.66506997710961e-5,8.66506997710961e-5,0,65,0.9,0,6,249.99993674314453
1950,249.999863912935,0,0,0,0,0,0,0,0,0,0,4.98483435229525e-5,4.98483435229525e-5,0,66,0.9,0,6,249.99996360962206
1980,249.999921711971,0,0,0,0,0,0,0,0,0,0,2.86767015696164e-5,2.86767015696164e-5,0,67,0.9,0,6,249.99997906537416
0,250,0,0,0,0,0,0,0,0,0,0,0,0,0,1,0.9,0,7,250
30,250.000322400697,0,0,0,0,0,0,0,0,0,0,0,0,0,2,0.9,0,7,250.000322400697
60,250.000090984018,0,0,0,0,0,0,0,0,0,0,0,0,0,3,0.9,0,7,250.000090984018
90,250.000018876751,0,0,0,0,0,0,0,0,0,0,0,0,0,4,0.9,0,7,250.000018876751
120,214.434987438589,0,0,0,0,0,0,0,0,0,0,42.3018883322454,42.3018883322454,0,5,0.9,0,7,299.03876410307976
150,133.955407556227,0,0,0,0,0,0,0,0,0,0,73.3027726135265,73.3027726135265,0,6,0.9,0,7,280.56095278327996
180,79.5767266520453,0,0,0,0,0,0,0,0,0,0,81.7608572218211,81.7608572218211,0,7,0.9,0,7,243.0984410956875
210,43.9390912578204,0,0,0,0,0,0,0,0,0,0,79.4459146928261,79.4459146928261,0,8,0.9,0,7,202.83092064347258
240,21.5121097280838,0,0,0,0,0,0,0,0,0,0,71.0157318919009,71.0157318919009,0,9,0.9,0,7,163.5435735118856
270,8.85321115461809,0,0,0,0,0,0,0,0,0,0,59.7872336960258,59.7872336960258,0,10,0.9,0,7,128.42767854666968
300,2.86831815057627,0,0,0,0,0,0,0,0,0,0,49.1134067199403,49.1134067199403,0,11,0.9,0,7,101.09513159045687
330,1.06558334783517,0,0,0,0,0,0,0,0,0,0,11.4949648031824,11.4949648031824,0,12,0.9,0,7,24.05551295419997
360,0.616559311482469,0,0,0,0,0,0,0,0,0,0,7.92700589065709,7.92700589065709,0,13,0.9,0,7,16.47057109279665
390,0.52522084034842,0,0,0,0,0,0,0,0,0,0,6.20089277205246,6.20089277205246,0,14,0.9,0,7,12.927006384453339
420,0.496701770785941,0,0,0,0,0,0,0,0,0,0,5.88792359852829,5.88792359852829,0,15,0.9,0,7,12.272548967842521
450,0.502440915540544,0,0,0,0,0,0,0,0,0,0,5.78581415463227,5.78581415463227,0,16,0.9,0,7,12.074069224805084
480,0.519661566326369,0,0,0,0,0,0,0,0,0,0,5.87871110083975,5.87871110083975,0,17,0.9,0,7,12.277083768005868
510,0.544982603191433,0,0,0,0,0,0,0,0,0,0,6.02865925949992,6.02865925949992,0,18,0.9,0,7,12.602301122191275
540,0.574616806768885,0,0,0,0,0,0,0,0,0,0,6.22175790785141,6.22175790785141,0,19,0.9,0,7,13.018132622471706
570,0.607885314422483,0,0,0,0,0,0,0,0,0,0,6.43638305663716,6.43638305663716,0,20,0.9,0,7,13.480651427696802
600,0.644201363643096,0,0,0,0,0,0,0,0,0,0,6.66777992494296,6.66777992494296,0,21,0.9,0,7,13.979761213529017
630,0.68357158768014,0,0,0,0,0,0,0,0,0,0,6.91263965660835,6.91263965660835,0,22,0.9,0,7,14.50885090089684
660,0.726095270062561,0,0,0,0,0,0,0,0,0,0,7.1701817291765,7.1701817291765,0,23,0.9,0,7,15.066458728415562
690,0.772009911377777,0,0,0,0,0,0,0,0,0,0,7.4403929234184,7.4403929234184,0,24,0.9,0,7,15.652795758214577
720,0.821611278810099,0,0,0,0,0,0,0,0,0,0,7.72371076992154,7.72371076992154,0,25,0.9,0,7,16.26903281865318
750,0.875255322743826,0,0,0,0,0,0,0,0,0,0,8.02083036082385,8.02083036082385,0,26,0.9,0,7,16.916916044391524
780,0.933349868826476,0,0,0,0,0,0,0,0,0,0,8.33258275003076,8.33258275003076,0,27,0.9,0,7,17.598515368887995
810,0.996358828734332,0,0,0,0,0,0,0,0,0,0,8.65991711071762,8.65991711071762,0,28,0.9,0,7,18.316193050169574
840,1.06480767888749,0,0,0,0,0,0,0,0,0,0,9.00387705252395,9.00387705252395,0,29,0.9,0,7,19.07256178393539
870,1.13929191848815,0,0,0,0,0,0,0,0,0,0,9.36560489597464,9.36560489597464,0,30,0.9,0,7,19.87050171043743
900,1.22048753729216,0,0,0,0,0,0,0,0,0,0,9.7463443904389,9.7463443904389,0,31,0.9,0,7,20.71317631816996
930,1.30916369995047,0,0,0,0,0,0,0,0,0,0,10.1474499181273,10.1474499181273,0,32,0.9,0,7,21.60406353620507
960,1.40619795308469,0,0,0,0,0,0,0,0,0,0,10.5703963914772,10.5703963914772,0,33,0.9,0,7,22.54699073603909
990,1.5125943943529,0,0,0,0,0,0,0,0,0,0,11.0167913005398,11.0167913005398,0,34,0.9,0,7,23.5461769954325
1020,1.62950544035473,0,0,0,0,0,0,0,0,0,0,11.4883880048341,11.4883880048341,0,35,0.9,0,7,24.60628145002293
1050,1.7582579767412,0,0,0,0,0,0,0,0,0,0,11.9871005498756,11.9871005498756,0,36,0.9,0,7,25.732459076492397
1080,1.90038489884511,0,0,0,0,0,0,0,0,0,0,12.5150199332931,12.5150199332931,0,37,0.9,0,7,26.93042476543131
1110,2.05766330935461,0,0,0,0,0,0,0,0,0,0,13.0744318917677,13.0744318917677,0,38,0.9,0,7,28.20652709289001
1140,2.23216098232286,0,0,0,0,0,0,0,0,0,0,13.6678361905311,13.6678361905311,0,39,0.9,0,7,29.56783336338506
1170,2.42629314082526,0,0,0,0,0,0,0,0,0,0,14.2979673427306,14.2979673427306,0,40,0.9,0,7,31.02222782628646
1200,2.64289216821357,0,0,0,0,0,0,0,0,0,0,14.9678165610884,14.9678165610884,0,41,0.9,0,7,32.57852529039037
1230,2.88529362191084,0,0,0,0,0,0,0,0,0,0,15.680654562268,15.680654562268,0,42,0.9,0,7,34.24660274644684
1260,3.15744290523052,0,0,0,0,0,0,0,0,0,0,16.4400545658599,16.4400545658599,0,43,0.9,0,7,36.037552036950316
1290,3.46402825828761,0,0,0,0,0,0,0,0,0,0,17.2499144148506,17.2499144148506,0,44,0.9,0,7,37.96385708798881
1320,3.81064746588164,0,0,0,0,0,0,0,0,0,0,18.1144761285072,18.1144761285072,0,45,0.9,0,7,40.039599722896035
1350,4.20401800181431,0,0,0,0,0,0,0,0,0,0,19.0383402886545,19.0383402886545,0,46,0.9,0,7,42.28069857912331
1380,4.6522434462960804,0,0,0,0,0,0,0,0,0,0,20.0264713190606,20.0264713190606,0,47,0.9,0,7,44.705186084417285
1410,5.16515321499346,0,0,0,0,0,0,0,0,0,0,21.0841877429025,21.0841877429025,0,48,0.9,0,7,47.33352870079846
1440,5.75473831983217,0,0,0,0,0,0,0,0,0,0,22.2171285971615,22.2171285971615,0,49,0.9,0,7,50.188995514155174
1470,6.43571357805303,0,0,0,0,0,0,0,0,0,0,23.4311829066227,23.4311829066227,0,50,0.9,0,7,53.29807939129843
1500,7.22624711129918,0,0,0,0,0,0,0,0,0,0,24.7323628298945,24.7323628298945,0,51,0.9,0,7,56.690972771088184
1530,8.14891205764568,0,0,0,0,0,0,0,0,0,0,26.1265918460159,26.1265918460159,0,52,0.9,0,7,60.40209574967748
1560,9.23193430030065,0,0,0,0,0,0,0,0,0,0,27.6193657984813,27.6193657984813,0,53,0.9,0,7,64.47066589726325
1590,10.5108349710269,0,0,0,0,0,0,0,0,0,0,29.2152248426616,29.2152248426616,0,54,0.9,0,7,68.94128465635009
1620,12.0305986012408,0,0,0,0,0,0,0,0,0,0,30.9169457554215,30.9169457554215,0,55,0.9,0,7,73.8644901120838
1650,13.8485371189704,0,0,0,0,0,0,0,0,0,0,32.7243233764304,32.7243233764304,0,56,0.9,0,7,79.2971838718312
1680,16.0380634078004,0,0,0,0,0,0,0,0,0,0,34.6323536067863,34.6323536067863,0,57,0.9,0,7,85.30277062137301
1710,18.6936252335195,0,0,0,0,0,0,0,0,0,0,36.6285561389264,36.6285561389264,0,58,0.9,0,7,91.9507375113723
1740,21.9370531240939,0,0,0,0,0,0,0,0,0,0,38.6890863144995,38.6890863144995,0,59,0.9,0,7,99.3152257530929
1770,25.9254795335527,0,0,0,0,0,0,0,0,0,0,40.7732017718532,40.7732017718532,0,60,0.9,0,7,107.47188307725911
1800,30.8606525413258,0,0,0,0,0,0,0,0,0,0,42.8156300320006,42.8156300320006,0,61,0.9,0,7,116.491912605327
1830,36.9986192462941,0,0,0,0,0,0,0,0,0,0,44.7165738519399,44.7165738519399,0,62,0.9,0,7,126.4317669501739
1860,44.6568941585735,0,0,0,0,0,0,0,0,0,0,46.329806587243,46.329806587243,0,63,0.9,0,7,137.3165073330595
1890,54.2126051388994,0,0,0,0,0,0,0,0,0,0,47.4511336194607,47.4511336194607,0,64,0.9,0,7,149.1148723778208
1920,66.0790289512413,0,0,0,0,0,0,0,0,0,0,47.8132645730731,47.8132645730731,0,65,0.9,0,7,161.7055580973875
1950,80.6401706737399,0,0,0,0,0,0,0,0,0,0,47.099335802167,47.099335802167,0,66,0.9,0,7,174.8388422780739
1980,98.1195889441966,0,0,0,0,0,0,0,0,0,0,44.9938544990882,44.9938544990882,0,67,0.9,0,7,188.107297942373
0,250,0,0,0,0,0,0,0,0,0,0,0,0,0,1,0.9,0,8,250
30,250.000322400697,0,0,0,0,0,0,0,0,0,0,0,0,0,2,0.9,0,8,250.000322400697
60,250.000090984018,0,0,0,0,0,0,0,0,0,0,0,0,0,3,0.9,0,8,250.000090984018
90,250.000018876751,0,0,0,0,0,0,0,0,0,0,0,0,0,4,0.9,0,8,250.000018876751
120,214.434987438589,0,0,0,0,0,0,0,0,0,0,42.3018883322454,42.3018883322454,0,5,0.9,0,8,299.03876410307976
150,133.955407556227,0,0,0,0,0,0,0,0,0,0,73.3027726135265,73.3027726135265,0,6,0.9,0,8,280.56095278327996
180,79.5767266520453,0,0,0,0,0,0,0,0,0,0,81.7608572218211,81.7608572218211,0,7,0.9,0,8,243.0984410956875
210,43.9390912578204,0,0,0,0,0,0,0,0,0,0,79.4459146928261,79.4459146928261,0,8,0.9,0,8,202.83092064347258
240,21.5121097280838,0,0,0,0,0,0,0,0,0,0,71.0157318919009,71.0157318919009,0,9,0.9,0,8,163.5435735118856
270,8.85321115461809,0,0,0,0,0,0,0,0,0,0,59.7872336960258,59.7872336960258,0,10,0.9,0,8,128.42767854666968
300,2.86831815057627,0,0,0,0,0,0,0,0,0,0,49.1134067199403,49.1134067199403,0,11,0.9,0,8,101.09513159045687
330,0.677032007064367,0,0,0,0,0,0,0,0,0,0,41.5600678037582,41.5600678037582,0,12,0.9,0,8,83.79716761458077
360,0.166318140632603,0,0,0,0,0,0,0,0,0,0,4.87048952931884,4.87048952931884,0,13,0.9,0,8,9.907297199270284
390,0.0633177389156064,0,0,0,0,0,0,0,0,0,0,2.19209109538817,2.19209109538817,0,14,0.9,0,8,4.447499929691946
420,0.0347520014275252,0,0,0,0,0,0,0,0,0,0,1.17006285119451,1.17006285119451,0,15,0.9,0,8,2.374877703816545
450,0.023611816258369,0,0,0,0,0,0,0,0,0,0,0.789500189236646,0.789500189236646,0,16,0.9,0,8,1.602612194731661
480,0.0176620712098977,0,0,0,0,0,0,0,0,0,0,0.587185685725334,0.587185685725334,0,17,0.9,0,8,1.1920334426605657
510,0.0141834679747486,0,0,0,0,0,0,0,0,0,0,0.467967158169633,0.467967158169633,0,18,0.9,0,8,0.9501177843140146
540,0.0119208015269917,0,0,0,0,0,0,0,0,0,0,0.390556880717821,0.390556880717821,0,19,0.9,0,8,0.7930345629626337
570,0.0103811212336825,0,0,0,0,0,0,0,0,0,0,0.337635376789092,0.337635376789092,0,20,0.9,0,8,0.6856518748118665
600,0.00929208914127091,0,0,0,0,0,0,0,0,0,0,0.299990387614465,0.299990387614465,0,21,0.9,0,8,0.6092728643702009
630,0.00850824917688237,0,0,0,0,0,0,0,0,0,0,0.272644272037799,0.272644272037799,0,22,0.9,0,8,0.5537967932524804
660,0.00794137270579799,0,0,0,0,0,0,0,0,0,0,0.252562601879087,0.252562601879087,0,23,0.9,0,8,0.513066576463972
690,0.00753674543501875,0,0,0,0,0,0,0,0,0,0,0.237872990774261,0.237872990774261,0,24,0.9,0,8,0.48328272698354074
720,0.00725889495154297,0,0,0,0,0,0,0,0,0,0,0.227343334423095,0.227343334423095,0,25,0.9,0,8,0.461945563797733
750,0.00708435581968572,0,0,0,0,0,0,0,0,0,0,0.220155748091384,0.220155748091384,0,26,0.9,0,8,0.4473958520024537
780,0.00699749233815188,0,0,0,0,0,0,0,0,0,0,0.21575237707633,0.21575237707633,0,27,0.9,0,8,0.4385022464908119
810,0.00698796405166428,0,0,0,0,0,0,0,0,0,0,0.213753870438018,0.213753870438018,0,28,0.9,0,8,0.4344957049277003
840,0.00704918531891058,0,0,0,0,0,0,0,0,0,0,0.213903876150351,0.213903876150351,0,29,0.9,0,8,0.4348569376196126
870,0.00717731166394966,0,0,0,0,0,0,0,0,0,0,0.216035100718951,0.216035100718951,0,30,0.9,0,8,0.4392475131018516
900,0.00737057415383998,0,0,0,0,0,0,0,0,0,0,0.220045676300136,0.220045676300136,0,31,0.9,0,8,0.44746192675411195
930,0.00762881003315801,0,0,0,0,0,0,0,0,0,0,0.225882954924315,0.225882954924315,0,32,0.9,0,8,0.45939471988178804
960,0.00795312002542268,0,0,0,0,0,0,0,0,0,0,0.233531422558714,0.233531422558714,0,33,0.9,0,8,0.4750159651428507
990,0.00834559636522619,0,0,0,0,0,0,0,0,0,0,0.24300328364487,0.24300328364487,0,34,0.9,0,8,0.4943521636549662
1020,0.00880908978720924,0,0,0,0,0,0,0,0,0,0,0.254330520228909,0.254330520228909,0,35,0.9,0,8,0.5174701302450273
1050,0.00934699204879137,0,0,0,0,0,0,0,0,0,0,0.267557755637642,0.267557755637642,0,36,0.9,0,8,0.5444625033240754
1080,0.0099630201757661,0,0,0,0,0,0,0,0,0,0,0.282735480225813,0.282735480225813,0,37,0.9,0,8,0.5754339806273921
1110,0.0106609951253378,0,0,0,0,0,0,0,0,0,0,0.299913441807308,0.299913441807308,0,38,0.9,0,8,0.6104878787399538
1140,0.0114446143917825,0,0,0,0,0,0,0,0,0,0,0.319134194027728,0.319134194027728,0,39,0.9,0,8,0.6497130024472385
1170,0.0123172244161868,0,0,0,0,0,0,0,0,0,0,0.340426976502524,0.340426976502524,0,40,0.9,0,8,0.6931711774212348
1200,0.0132816046164272,0,0,0,0,0,0,0,0,0,0,0.36380224972164,0.36380224972164,0,41,0.9,0,8,0.7408861040597072
1230,0.0143397795069822,0,0,0,0,0,0,0,0,0,0,0.38924731086462,0.38924731086462,0,42,0.9,0,8,0.7928344012362222
1260,0.0154928777891204,0,0,0,0,0,0,0,0,0,0,0.416723448496673,0.416723448496673,0,43,0.9,0,8,0.8489397747824664
1290,0.0167410564936134,0,0,0,0,0,0,0,0,0,0,0.446165035539065,0.446165035539065,0,44,0.9,0,8,0.9090711275717434
1320,0.0180835037577601,0,0,0,0,0,0,0,0,0,0,0.477480805594221,0.477480805594221,0,45,0.9,0,8,0.9730451149462022
1350,0.0195185258946286,0,0,0,0,0,0,0,0,0,0,0.510557324151185,0.510557324151185,0,46,0.9,0,8,1.0406331741969987
1380,0.0210437142664857,0,0,0,0,0,0,0,0,0,0,0.54526439289919,0.54526439289919,0,47,0.9,0,8,1.1115725000648657
1410,0.022656177051626,0,0,0,0,0,0,0,0,0,0,0.581461867583072,0.581461867583072,0,48,0.9,0,8,1.18557991221777
1440,0.0243528125014046,0,0,0,0,0,0,0,0,0,0,0.619007184145465,0.619007184145465,0,49,0.9,0,8,1.2623671807923345
1470,0.026130595554076,0,0,0,0,0,0,0,0,0,0,0.657762815486712,0.657762815486712,0,50,0.9,0,8,1.3416562265275
1500,0.02798684961392,0,0,0,0,0,0,0,0,0,0,0.69760293533202,0.69760293533202,0,51,0.9,0,8,1.42319272027796
1530,0.0299194796688444,0,0,0,0,0,0,0,0,0,0,0.738418728748616,0.738418728748616,0,52,0.9,0,8,1.5067569371660765
1560,0.0319271504523794,0,0,0,0,0,0,0,0,0,0,0.780122019331988,0.780122019331988,0,53,0.9,0,8,1.5921711891163555
1590,0.0340094022513131,0,0,0,0,0,0,0,0,0,0,0.822647129654844,0.822647129654844,0,54,0.9,0,8,1.679303661561001
1620,0.0361667054160179,0,0,0,0,0,0,0,0,0,0,0.865951107902364,0.865951107902364,0,55,0.9,0,8,1.7680689212207459
1650,0.0384004612938371,0,0,0,0,0,0,0,0,0,0,0.910012608857127,0.910012608857127,0,56,0.9,0,8,1.858425679008091
1680,0.0407129614902621,0,0,0,0,0,0,0,0,0,0,0.954829799935843,0.954829799935843,0,57,0.9,0,8,1.9503725613619483
1710,0.043107319028934,0,0,0,0,0,0,0,0,0,0,1.00041767802962,1.00041767802962,0,58,0.9,0,8,2.0439426750881737
1740,0.0455873845591226,0,0,0,0,0,0,0,0,0,0,1.04680514648666,1.04680514648666,0,59,0.9,0,8,2.1391976775324424
1770,0.0481576589106495,0,0,0,0,0,0,0,0,0,0,1.09403213383197,1.09403213383197,0,60,0.9,0,8,2.2362219265745895
1800,0.0508232107084419,0,0,0,0,0,0,0,0,0,0,1.14214695563403,1.14214695563403,0,61,0.9,0,8,2.335117121976502
1830,0.0535896050066885,0,0,0,0,0,0,0,0,0,0,1.1912040428406,1.1912040428406,0,62,0.9,0,8,2.4359976906878886
1860,0.0564628463867425,0,0,0,0,0,0,0,0,0,0,1.2412620930919,1.2412620930919,0,63,0.9,0,8,2.538987032570543
1890,0.0594493379082966,0,0,0,0,0,0,0,0,0,0,1.29238265026273,1.29238265026273,0,64,0.9,0,8,2.644214638433757
1920,0.0625558557905663,0,0,0,0,0,0,0,0,0,0,1.34462908237547,1.34462908237547,0,65,0.9,0,8,2.7518140205415063
1950,0.0657895387101943,0,0,0,0,0,0,0,0,0,0,1.39806590732657,1.39806590732657,0,66,0.9,0,8,2.8619213533633343
1980,0.0691578900589613,0,0,0,0,0,0,0,0,0,0,1.45275840669861,1.45275840669861,0,67,0.9,0,8,2.974674703456181
0,250,0,0,0,0,0,0,0,0,0,0,0,0,0,1,0.9,0,9,250
30,250.000322400697,0,0,0,0,0,0,0,0,0,0,0,0,0,2,0.9,0,9,250.000322400697
60,250.000090984018,0,0,0,0,0,0,0,0,0,0,0,0,0,3,0.9,0,9,250.000090984018
90,250.000018876751,0,0,0,0,0,0,0,0,0,0,0,0,0,4,0.9,0,9,250.000018876751
120,214.434987438589,0,0,0,0,0,0,0,0,0,0,42.3018883322454,42.3018883322454,0,5,0.9,0,9,299.03876410307976
150,133.955407556227,0,0,0,0,0,0,0,0,0,0,73.3027726135265,73.3027726135265,0,6,0.9,0,9,280.56095278327996
180,79.5767266520453,0,0,0,0,0,0,0,0,0,0,81.7608572218211,81.7608572218211,0,7,0.9,0,9,243.0984410956875
210,43.9390912578204,0,0,0,0,0,0,0,0,0,0,79.4459146928261,79.4459146928261,0,8,0.9,0,9,202.83092064347258
240,21.5121097280838,0,0,0,0,0,0,0,0,0,0,71.0157318919009,71.0157318919009,0,9,0.9,0,9,163.5435735118856
270,8.85321115461809,0,0,0,0,0,0,0,0,0,0,59.7872336960258,59.7872336960258,0,10,0.9,0,9,128.42767854666968
300,2.86831815057627,0,0,0,0,0,0,0,0,0,0,49.1134067199403,49.1134067199403,0,11,0.9,0,9,101.09513159045687
330,0.677032007064367,0,0,0,0,0,0,0,0,0,0,41.5600678037582,41.5600678037582,0,12,0.9,0,9,83.79716761458077
360,0.109658557706339,0,0,0,0,0,0,0,0,0,0,37.7880786208718,37.7880786208718,0,13,0.9,0,9,75.68581579944994
390,0.017431049818752,0,0,0,0,0,0,0,0,0,0,2.63873802408505,2.63873802408505,0,14,0.9,0,9,5.294907097988852
420,0.00412438573704545,0,0,0,0,0,0,0,0,0,0,0.416361747403117,0.416361747403117,0,15,0.9,0,9,0.8368478805432794
450,8.975818155445e-4,0,0,0,0,0,0,0,0,0,0,0.111313644213823,0.111313644213823,0,16,0.9,0,9,0.2235248702431905
480,2.2825472829435e-4,0,0,0,0,0,0,0,0,0,0,0.0278326510392579,0.0278326510392579,0,17,0.9,0,9,0.05589355680681015
510,6.04519885324147e-5,0,0,0,0,0,0,0,0,0,0,0.00724496903933445,0.00724496903933445,0,18,0.9,0,9,0.014550390067201316
540,1.59296721404184e-5,0,0,0,0,0,0,0,0,0,0,0.00191938013577005,0.00191938013577005,0,19,0.9,0,9,0.0038546899436805184
570,4.22092213821277e-6,0,0,0,0,0,0,0,0,0,0,5.075029086534e-4,5.075029086534e-4,0,20,0.9,0,9,0.0010192267394450126
600,1.12063284811533e-6,0,0,0,0,0,0,0,0,0,0,1.3449500736452e-4,1.3449500736452e-4,0,21,0.9,0,9,2.7011064757715537e-4
630,2.97811889739566e-7,0,0,0,0,0,0,0,0,0,0,3.56995938350074e-5,3.56995938350074e-5,0,22,0.9,0,9,7.169699955975436e-5
660,7.92511731449583e-8,0,0,0,0,0,0,0,0,0,0,9.48638755645223e-6,9.48638755645223e-6,0,23,0.9,0,9,1.905202628604942e-5
690,2.11158009839734e-8,0,0,0,0,0,0,0,0,0,0,2.52397160397382e-6,2.52397160397382e-6,0,24,0.9,0,9,5.069059008931613e-6
720,5.63300508117915e-9,0,0,0,0,0,0,0,0,0,0,6.72364071818982e-7,6.72364071818982e-7,0,25,0.9,0,9,1.3503611487191432e-6
750,1.5045611517975602e-9,0,0,0,0,0,0,0,0,0,0,1.79331765895773e-7,1.79331765895773e-7,0,26,0.9,0,9,3.6016809294334355e-7
780,4.0236149789023005e-10,0,0,0,0,0,0,0,0,0,0,4.78901320621575e-8,4.78901320621575e-8,0,27,0.9,0,9,9.618262562220523e-8
810,1.07736045008238e-10,0,0,0,0,0,0,0,0,0,0,1.28047714363242e-8,1.28047714363242e-8,0,28,0.9,0,9,2.571727891765664e-8
840,2.88831893723964e-11,0,0,0,0,0,0,0,0,0,0,3.4279605304945e-9,3.4279605304945e-9,0,29,0.9,0,9,6.884804250361397e-9
870,7.75300465295321e-12,0,0,0,0,0,0,0,0,0,0,9.188388764981921e-10,9.188388764981921e-10,0,30,0.9,0,9,1.8454307576493373e-9
900,2.08370889447721e-12,0,0,0,0,0,0,0,0,0,0,2.46594727294129e-10,2.46594727294129e-10,0,31,0.9,0,9,4.952731634827352e-10
930,5.60721859425359e-13,0,0,0,0,0,0,0,0,0,0,6.62628957249681e-11,6.62628957249681e-11,0,32,0.9,0,9,1.3308651330936157e-10
960,1.51078514449966e-13,0,0,0,0,0,0,0,0,0,0,1.7827915672180297e-11,1.7827915672180297e-11,0,33,0.9,0,9,3.580690985881056e-11
990,4.07571722712748e-14,0,0,0,0,0,0,0,0,0,0,4.8025910307288496e-12,4.8025910307288496e-12,0,34,0.9,0,9,9.645939233728973e-12
1020,1.1009126305832301e-14,0,0,0,0,0,0,0,0,0,0,1.2953790176256098e-12,1.2953790176256098e-12,0,35,0.9,0,9,2.601767161557052e-12
1050,2.97749121213822e-15,0,0,0,0,0,0,0,0,0,0,3.49836951044545e-13,3.49836951044545e-13,0,36,0.9,0,9,7.026513933012282e-13
1080,8.06303059422967e-16,0,0,0,0,0,0,0,0,0,0,9.4598320218688e-14,9.4598320218688e-14,0,37,0.9,0,9,1.9000294349679898e-13
1110,2.18623920729879e-16,0,0,0,0,0,0,0,0,0,0,2.5612469586104702e-14,2.5612469586104702e-14,0,38,0.9,0,9,5.1443563092939283e-14
1140,5.93539973412661e-17,0,0,0,0,0,0,0,0,0,0,6.943383282022271e-15,6.943383282022271e-15,0,39,0.9,0,9,1.3946120561385807e-14
1170,1.61345392766551e-17,0,0,0,0,0,0,0,0,0,0,1.8847070225938302e-15,1.8847070225938302e-15,0,40,0.9,0,9,3.785548584464316e-15
1200,4.39156028811351e-18,0,0,0,0,0,0,0,0,0,0,5.12237020211075e-16,5.12237020211075e-16,0,41,0.9,0,9,1.0288656007102634e-15
1230,1.19684581127262e-18,0,0,0,0,0,0,0,0,0,0,1.3939714046842899e-16,1.3939714046842899e-16,0,42,0.9,0,9,2.799911267481306e-16
1260,3.2659988607302797e-19,0,0,0,0,0,0,0,0,0,0,3.79834095824495e-17,3.79834095824495e-17,0,43,0.9,0,9,7.629341905097202e-17
1290,8.923880061333929e-20,0,0,0,0,0,0,0,0,0,0,1.03631695536352e-17,1.03631695536352e-17,0,44,0.9,0,9,2.0815577907883742e-17
1320,2.44147734464136e-20,0,0,0,0,0,0,0,0,0,0,2.8310741129385e-18,2.8310741129385e-18,0,45,0.9,0,9,5.686562999323414e-18
1350,6.68827873651503e-21,0,0,0,0,0,0,0,0,0,0,7.744105473772489e-19,7.744105473772489e-19,0,46,0.9,0,9,1.5555093734910129e-18
1380,1.83459472533378e-21,0,0,0,0,0,0,0,0,0,0,2.1210655006984198e-19,2.1210655006984198e-19,0,47,0.9,0,9,4.2604769486501775e-19
1410,5.038850265212389e-22,0,0,0,0,0,0,0,0,0,0,5.81702755854834e-20,5.81702755854834e-20,0,48,0.9,0,9,1.1684443619748804e-19
1440,1.38576546239047e-22,0,0,0,0,0,0,0,0,0,0,1.59740047427401e-20,1.59740047427401e-20,0,49,0.9,0,9,3.208658603171925e-20
1470,3.8160707552886395e-23,0,0,0,0,0,0,0,0,0,0,4.39231598448085e-21,4.39231598448085e-21,0,50,0.9,0,9,8.822792676514587e-21
1500,1.05223550765496e-23,0,0,0,0,0,0,0,0,0,0,1.20932174004792e-21,1.20932174004792e-21,0,51,0.9,0,9,2.4291658351723898e-21
1530,2.90523178169082e-24,0,0,0,0,0,0,0,0,0,0,3.33395786729013e-22,3.33395786729013e-22,0,52,0.9,0,9,6.696968052397168e-22
1560,8.031957010514359e-25,0,0,0,0,0,0,0,0,0,0,9.203431144100219e-23,9.203431144100219e-23,0,53,0.9,0,9,1.8487181858305581e-22
1590,2.22349512778214e-25,0,0,0,0,0,0,0,0,0,0,2.54397183323843e-23,2.54397183323843e-23,0,54,0.9,0,9,5.110178617754681e-23
1620,6.1634897179821e-26,0,0,0,0,0,0,0,0,0,0,7.04124026601289e-24,7.04124026601289e-24,0,55,0.9,0,9,1.41441154292056e-23
1650,1.71078065868287e-26,0,0,0,0,0,0,0,0,0,0,1.9514697942826202e-24,1.9514697942826202e-24,0,56,0.9,0,9,3.920047395152069e-24
1680,4.75489171923889e-27,0,0,0,0,0,0,0,0,0,0,5.41566489450496e-25,5.41566489450496e-25,0,57,0.9,0,9,1.0878878706202308e-24
1710,1.3233266638181e-27,0,0,0,0,0,0,0,0,0,0,1.50494454504116e-25,1.50494454504116e-25,0,58,0.9,0,9,3.0231223567205008e-25
1740,3.68786590954572e-28,0,0,0,0,0,0,0,0,0,0,4.18764119211068e-26,4.18764119211068e-26,0,59,0.9,0,9,8.412161043316818e-26
1770,1.02912068684103e-28,0,0,0,0,0,0,0,0,0,0,1.1668100936183998e-26,1.1668100936183998e-26,0,60,0.9,0,9,2.34391139410521e-26
1800,2.87569041891246e-29,0,0,0,0,0,0,0,0,0,0,3.25547333241106e-27,3.25547333241106e-27,0,61,0.9,0,9,6.539703569011244e-27
1830,8.046446032346359e-30,0,0,0,0,0,0,0,0,0,0,9.095212832255809e-28,9.095212832255809e-28,0,62,0.9,0,9,1.827089012483508e-27
1860,2.2545182040412097e-30,0,0,0,0,0,0,0,0,0,0,2.54447310713966e-28,2.54447310713966e-28,0,63,0.9,0,9,5.111491396319732e-28
1890,6.32546691998138e-31,0,0,0,0,0,0,0,0,0,0,7.12804874552625e-29,7.12804874552625e-29,0,64,0.9,0,9,1.4319352160252314e-28
1920,1.77714213903503e-31,0,0,0,0,0,0,0,0,0,0,1.9995523676602e-29,1.9995523676602e-29,0,65,0.9,0,9,4.0168761567107505e-29
1950,4.99970080264696e-32,0,0,0,0,0,0,0,0,0,0,5.616758687966439e-30,5.616758687966439e-30,0,66,0.9,0,9,1.1283514383959348e-29
1980,1.40850920399817e-32,0,0,0,0,0,0,0,0,0,0,1.5799056515871097e-30,1.5799056515871097e-30,0,67,0.9,0,9,3.173896395214201e-30
0,250,0,0,0,0,0,0,0,0,0,0,0,0,0,1,0.9,1e-4,10,250
30,250.000322400697,0,0,0,0,0,0,0,0,0,0,0,0,0,2,0.9,1e-4,10,250.000322400697
60,250.000090984018,0,0,0,0,0,0,0,0,0,0,0,0,0,3,0.9,1e-4,10,250.000090984018
90,250.000018876751,0,0,0,0,0,0,0,0,0,0,0,0,0,4,0.9,1e-4,10,250.000018876751
120,214.427665179771,0,0,0,0,0,0,0,0,0,0,42.3005267796185,42.3005267796185,0.0100330905771572,5,0.9,1e-4,10,299.0387518295852
150,133.943855080312,0,0,0,0,0,0,0,0,0,0,73.295909736413,73.2947187414495,0.0322846110491391,6,0.9,1e-4,10,280.5667681692236
180,79.5643578594567,0,0,0,0,0,0,0,0,0,0,81.7506549456004,81.7481310786034,0.0682924426557259,7,0.9,1e-4,10,243.13143632631622
210,43.9342966562696,0,0,0,0,0,0,0,0,0,0,79.4427789282388,79.4395145361269,0.125551456041072,8,0.9,1e-4,10,202.94214157667636
240,21.5277551132072,0,0,0,0,0,0,0,0,0,0,71.05581079983,71.0526010171102,0.216321874914579,9,0.9,1e-4,10,163.852488805062
270,8.90198891909736,0,0,0,0,0,0,0,0,0,0,59.9680035426472,59.9654917420532,0.361534174678697,10,0.9,1e-4,10,129.19701837847646
300,2.95167267617252,0,0,0,0,0,0,0,0,0,0,49.646386877615,49.6448210515094,0.593371208459582,11,0.9,1e-4,10,102.8362518137565
330,0.773856453091131,0,0,0,0,0,0,0,0,0,0,42.7917564619666,42.7909285181892,0.957339048241624,12,0.9,1e-4,10,87.31388048148855
360,0.185308449891117,0,0,0,0,0,0,0,0,0,0,40.0951373960526,40.0946052141936,1.52133338442633,13,0.9,1e-4,10,81.89638444456365
390,0.052905277296129,0,0,0,0,0,0,0,0,0,0,40.2605881836917,40.2599968692444,2.40261805437557,14,0.9,1e-4,10,82.9761083846078
420,0.0348479456828343,0,0,0,0,0,0,0,0,0,0,15.2931203893283,15.2909515721749,2.73404074127254,15,0.9,1e-4,10,33.35296064845857
450,0.0371768777128291,0,0,0,0,0,0,0,0,0,0,19.6451606644891,19.6414599084885,16.359033054412,16,0.9,1e-4,10,55.68283050510243
480,0.0734864712881748,0,0,0,0,0,0,0,0,0,0,36.5087667912569,36.5018333614123,45.0042943539138,17,0.9,1e-4,10,118.08838097787118
510,0.0880457794385663,0,0,0,0,0,0,0,0,0,0,44.1703514204612,44.1624873522533,83.8386870976381,18,0.9,1e-4,10,172.25957164979118
540,0.0844116802543558,0,0,0,0,0,0,0,0,0,0,42.2406695221158,42.2337700363199,119.547103879357,19,0.9,1e-4,10,204.10595511804706
570,0.0781138435750183,0,0,0,0,0,0,0,0,0,0,39.0992616277875,39.0934674001219,143.985259236627,20,0.9,1e-4,10,222.25610210811143
600,0.0696062608129962,0,0,0,0,0,0,0,0,0,0,34.8271991608349,34.82248772705,162.327798699676,21,0.9,1e-4,10,232.0470918483739
630,0.0620167931012925,0,0,0,0,0,0,0,0,0,0,31.0239201638528,31.020060365935,175.609205175043,22,0.9,1e-4,10,237.7152024979321
660,0.055416611091021,0,0,0,0,0,0,0,0,0,0,27.716349319627,27.7131502249166,185.684213012184,23,0.9,1e-4,10,241.1691291678186
690,0.0498437808954763,0,0,0,0,0,0,0,0,0,0,24.9245170212397,24.9218271336021,193.499997964872,24,0.9,1e-4,10,243.39618590060928
720,0.0451423406274137,0,0,0,0,0,0,0,0,0,0,22.5696088186243,22.5673158090368,199.718794636008,25,0.9,1e-4,10,244.90086160429652
750,0.0411611731875306,0,0,0,0,0,0,0,0,0,0,20.5757772817569,20.5737979083304,204.767726483887,26,0.9,1e-4,10,245.95846284716183
780,0.0377662689225276,0,0,0,0,0,0,0,0,0,0,18.8757598172949,18.8740319871647,208.939132718673,27,0.9,1e-4,10,246.7266907920551
810,0.0348486551277895,0,0,0,0,0,0,0,0,0,0,17.4148994564544,17.4133762400926,212.437254285023,28,0.9,1e-4,10,247.3003786366978
840,0.0323213979950988,0,0,0,0,0,0,0,0,0,0,16.1496058984063,16.1482513147825,215.408795367575,29,0.9,1e-4,10,247.7389739787589
870,0.0301156366703681,0,0,0,0,0,0,0,0,0,0,15.0453598235674,15.0441458864818,217.961494722941,30,0.9,1e-4,10,248.08111606966057
900,0.0281767326303632,0,0,0,0,0,0,0,0,0,0,14.0747766040851,14.0736812457586,220.176083207552,31,0.9,1e-4,10,248.35271779002608
930,0.0264611081956101,0,0,0,0,0,0,0,0,0,0,13.2160186550234,13.2150242508407,222.114133659963,32,0.9,1e-4,10,248.5716376740227
960,0.024933766134449,0,0,0,0,0,0,0,0,0,0,12.4515504770951,12.4506427840784,223.823354313631,33,0.9,1e-4,10,248.75048134093896
990,0.0235663851675488,0,0,0,0,0,0,0,0,0,0,11.7671831509795,11.7663505335805,225.341236569567,34,0.9,1e-4,10,248.89833663929454
1020,0.0223358668982093,0,0,0,0,0,0,0,0,0,0,11.1513455271481,11.1505783849719,226.6976198693,35,0.9,1e-4,10,249.02187964831822
1050,0.0212232269675278,0,0,0,0,0,0,0,0,0,0,10.5945281931139,10.593818532395,227.916527958226,36,0.9,1e-4,10,249.1260979107024
1080,0.0202127456393439,0,0,0,0,0,0,0,0,0,0,10.0888576096998,10.088198718455,229.017505244272,37,0.9,1e-4,10,249.21477431806613
1110,0.0192913133875672,0,0,0,0,0,0,0,0,0,0,9.62776806345679,9.62715426236401,230.016603962419,38,0.9,1e-4,10,249.29081760162737
1140,0.0184479233323318,0,0,0,0,0,0,0,0,0,0,9.20574726488761,9.20517371415607,230.927123402762,39,0.9,1e-4,10,249.356492305138
1170,0.0176732747525219,0,0,0,0,0,0,0,0,0,0,8.8181376425543,8.81760019067537,231.760170440909,40,0.9,1e-4,10,249.4135815488912
1200,0.0169594611063711,0,0,0,0,0,0,0,0,0,0,8.46098000496328,8.4604750691328,232.52508948813,41,0.9,1e-4,10,249.46350402333243
1230,0.0162997227693952,0,0,0,0,0,0,0,0,0,0,8.13088964412898,8.1304141148688,233.229795802659,42,0.9,1e-4,10,249.50739928442619
1260,0.0156882496766106,0,0,0,0,0,0,0,0,0,0,7.82495745254294,7.82450861699247,233.881036436129,43,0.9,1e-4,10,249.546190755341
1290,0.0151200227167755,0,0,0,0,0,0,0,0,0,0,7.54067046184333,7.54024594158724,234.484596398432,44,0.9,1e-4,10,249.58063282457934
1320,0.0145906854285683,0,0,0,0,0,0,0,0,0,0,7.27584756686492,7.27544526717586,235.045462929676,45,0.9,1e-4,10,249.61134644914534
1350,0.0140964395532593,0,0,0,0,0,0,0,0,0,0,7.02858720409561,7.0282052722134,235.567957431791,46,0.9,1e-4,10,249.63884634765327
1380,0.0136339594942681,0,0,0,0,0,0,0,0,0,0,6.79722450363632,6.79686129425527,236.055842213043,47,0.9,1e-4,10,249.66356197042887
1410,0.0132003218571552,0,0,0,0,0,0,0,0,0,0,6.58029599689021,6.5799500434372,236.512407454038,48,0.9,1e-4,10,249.68585381622256
1440,0.0127929470923848,0,0,0,0,0,0,0,0,0,0,6.37651038772368,6.37618037831996,236.94054252172,49,0.9,1e-4,10,249.70602623485604
1470,0.0124095509088014,0,0,0,0,0,0,0,0,0,0,6.18472421847268,6.18440897570802,237.342794806613,50,0.9,1e-4,10,249.7243375517025
1500,0.0120481036200146,0,0,0,0,0,0,0,0,0,0,6.00392150990217,6.00361997373085,237.721418546088,51,0.9,1e-4,10,249.741008133341
1530,0.0117067959666637,0,0,0,0,0,0,0,0,0,0,5.83319664507242,5.83290785828018,238.078415558372,52,0.9,1e-4,10,249.75622685769127
1560,0.0113840102527171,0,0,0,0,0,0,0,0,0,0,5.67173991499875,5.6714630107985204,238.415569402077,53,0.9,1e-4,10,249.770156338127
1590,0.0110782958641667,0,0,0,0,0,0,0,0,0,0,5.51882525935607,5.5185594507552604,238.734474161613,54,0.9,1e-4,10,249.7829371675885
1620,0.0107883484190673,0,0,0,0,0,0,0,0,0,0,5.37379982597023,5.37354439661957,239.03655881558,55,0.9,1e-4,10,249.79469138658888
1650,0.010512991940329,0,0,0,0,0,0,0,0,0,0,5.23607504422228,5.23582934050935,239.323107955988,56,0.9,1e-4,10,249.80552533265995
1680,0.0102511635556722,0,0,0,0,0,0,0,0,0,0,5.10511896410852,5.10488238830163,239.595279477864,57,0.9,1e-4,10,249.81553199382984
1710,0.010001900319254,0,0,0,0,0,0,0,0,0,0,4.98044965784242,4.98022166212441,239.854119741761,58,0.9,1e-4,10,249.82479296204707
1740,0.00976432782168236,0,0,0,0,0,0,0,0,0,0,4.86162951705936,4.8614095983186,240.100576619026,59,0.9,1e-4,10,249.83338006222564
1770,0.0095376503132846,0,0,0,0,0,0,0,0,0,0,4.74826030781724,4.74804800308526,240.335510755646,60,0.9,1e-4,10,249.84135671686178
1800,0.00932114211254468,0,0,0,0,0,0,0,0,0,0,4.63997886915545,4.63977375159863,240.559705331127,61,0.9,1e-4,10,249.8487790939936
1830,0.00911414010986327,0,0,0,0,0,0,0,0,0,0,4.53645336012919,4.53625503551726,240.773874541119,62,0.9,1e-4,10,249.85569707687532
1860,0.00891603720800976,0,0,0,0,0,0,0,0,0,0,4.43737997587376,4.43718807945941,240.978670993658,63,0.9,1e-4,10,249.86215508619918
1890,0.00872627656622175,0,0,0,0,0,0,0,0,0,0,4.34248006606843,4.34229425982317,241.174692177438,64,0.9,1e-4,10,249.86819277989582
1920,0.00854434653596802,0,0,0,0,0,0,0,0,0,0,4.2514975997193,4.25131756987837,241.362486134719,65,0.9,1e-4,10,249.87384565085264
1950,0.00836977619378992,0,0,0,0,0,0,0,0,0,0,4.16419692889469,4.16402238377121,241.542556450308,66,0.9,1e-4,10,249.8791455391677
1980,0.00820213139106733,0,0,0,0,0,0,0,0,0,0,4.08036081127443,4.08019147930879,241.715366650628,67,0.9,1e-4,10,249.88412107260228
0,250,0,0,0,0,0,0,0,0,0,0,0,0,0,1,0.9,1e-4,11,250
30,250.000322400697,0,0,0,0,0,0,0,0,0,0,0,0,0,2,0.9,1e-4,11,250.000322400697
60,250.000090984018,0,0,0,0,0,0,0,0,0,0,0,0,0,3,0.9,1e-4,11,250.000090984018
90,250.000018876751,0,0,0,0,0,0,0,0,0,0,0,0,0,4,0.9,1e-4,11,250.000018876751
120,214.427665179771,0,0,0,0,0,0,0,0,0,0,42.3005267796185,42.3005267796185,0.0100330905771572,5,0.9,1e-4,11,299.0387518295852
150,133.943855080312,0,0,0,0,0,0,0,0,0,0,73.295909736413,73.2947187414495,0.0322846110491391,6,0.9,1e-4,11,280.5667681692236
180,79.5643578594567,0,0,0,0,0,0,0,0,0,0,81.7506549456004,81.7481310786034,0.0682924426557259,7,0.9,1e-4,11,243.13143632631622
210,43.9342966562696,0,0,0,0,0,0,0,0,0,0,79.4427789282388,79.4395145361269,0.125551456041072,8,0.9,1e-4,11,202.94214157667636
240,21.5277551132072,0,0,0,0,0,0,0,0,0,0,71.05581079983,71.0526010171102,0.216321874914579,9,0.9,1e-4,11,163.852488805062
270,8.90198891909736,0,0,0,0,0,0,0,0,0,0,59.9680035426472,59.9654917420532,0.361534174678697,10,0.9,1e-4,11,129.19701837847646
300,2.95167267617252,0,0,0,0,0,0,0,0,0,0,49.646386877615,49.6448210515094,0.593371208459582,11,0.9,1e-4,11,102.8362518137565
330,0.773856453091131,0,0,0,0,0,0,0,0,0,0,42.7917564619666,42.7909285181892,0.957339048241624,12,0.9,1e-4,11,87.31388048148855
360,0.185308449891117,0,0,0,0,0,0,0,0,0,0,40.0951373960526,40.0946052141936,1.52133338442633,13,0.9,1e-4,11,81.89638444456365
390,0.052905277296129,0,0,0,0,0,0,0,0,0,0,40.2605881836917,40.2599968692444,2.40261805437557,14,0.9,1e-4,11,82.9761083846078
420,0.0181438693583136,0,0,0,0,0,0,0,0,0,0,41.8540752269322,41.8532361419195,3.78404492061538,15,0.9,1e-4,11,87.5095001588254
450,0.0130666568677276,0,0,0,0,0,0,0,0,0,0,19.9014374563236,19.8985252392186,4.5485012962389,16,0.9,1e-4,11,44.361530648648824
480,0.0139968354640503,0,0,0,0,0,0,0,0,0,0,24.2530193168384,24.2484842891305,23.1039118830518,17,0.9,1e-4,11,71.61941232448476
510,0.0237197309085721,0,0,0,0,0,0,0,0,0,0,39.550253255777,39.5428612957561,54.1530902193989,18,0.9,1e-4,11,133.26992450184056
540,0.0264366394298202,0,0,0,0,0,0,0,0,0,0,44.3264536405378,44.3187188930659,92.6155329774586,19,0.9,1e-4,11,181.28714215049212
570,0.02494044500942,0,0,0,0,0,0,0,0,0,0,41.7587618770613,41.7520967477409,125.601965667547,20,0.9,1e-4,11,209.13776473735862
600,0.0228047401754852,0,0,0,0,0,0,0,0,0,0,38.1898361916656,38.1842995032565,148.493531394588,21,0.9,1e-4,11,224.89047182968557
630,0.0202955868143062,0,0,0,0,0,0,0,0,0,0,33.9799850604117,33.9754808419963,165.554297328195,22,0.9,1e-4,11,233.53005881741728
660,0.0180848696594208,0,0,0,0,0,0,0,0,0,0,30.2752976513251,30.2715995090996,178.032450727609,23,0.9,1e-4,11,238.5974327576931
690,0.0161797751110952,0,0,0,0,0,0,0,0,0,0,27.0824458712527,27.0793712225385,187.548637418147,24,0.9,1e-4,11,241.72663428704928
720,0.0145733618809189,0,0,0,0,0,0,0,0,0,0,24.390598993483,24.3880057841269,194.973461818441,25,0.9,1e-4,11,243.7666399579318
750,0.0132176788328302,0,0,0,0,0,0,0,0,0,0,22.1190404646375,22.1168235802783,200.908553654427,26,0.9,1e-4,11,245.15763537817563
780,0.0120682211851695,0,0,0,0,0,0,0,0,0,0,20.193153736278,20.1912352117861,205.746328755435,27,0.9,1e-4,11,246.14278592468426
810,0.0110864844923383,0,0,0,0,0,0,0,0,0,0,18.5483619550677,18.546683478876002,209.756812007167,28,0.9,1e-4,11,246.86294392560305
840,0.0102413752584183,0,0,0,0,0,0,0,0,0,0,17.1325362066502,17.1310535697445,213.129797458365,29,0.9,1e-4,11,247.40362861001813
870,0.00950815301035256,0,0,0,0,0,0,0,0,0,0,15.9042030059128,15.9028822050247,216.002299560294,30,0.9,1e-4,11,247.81889292424185
900,0.0088672253846711,0,0,0,0,0,0,0,0,0,0,14.830522535311,14.8293370415252,218.47539361605,31,0.9,1e-4,11,248.1441204182709
930,0.00830303419888472,0,0,0,0,0,0,0,0,0,0,13.8854189564371,13.8843477910802,220.625117591178,32,0.9,1e-4,11,248.4031873728942
960,0.00780315459145896,0,0,0,0,0,0,0,0,0,0,13.0480693213753,13.0470956852426,222.509669589117,33,0.9,1e-4,11,248.61263775032637
990,0.00735759282574289,0,0,0,0,0,0,0,0,0,0,12.3017259488625,12.3008362329505,224.174285140019,34,0.9,1e-4,11,248.78420491465775
1020,0.00695824844115489,0,0,0,0,0,0,0,0,0,0,11.6328145824626,11.6319976443145,225.654613163968,35,0.9,1e-4,11,248.92638363918627
1050,0.00659850410753333,0,0,0,0,0,0,0,0,0,0,11.0302467592857,11.0294933865386,226.979099228571,36,0.9,1e-4,11,249.0454378785028
1080,0.00627291249084019,0,0,0,0,0,0,0,0,0,0,10.4848948743216,10.4841973819045,228.170697981149,37,0.9,1e-4,11,249.14606314986594
1110,0.00597695613718459,0,0,0,0,0,0,0,0,0,0,9.98918968331503,9.98854160730985,229.248123502668,38,0.9,1e-4,11,249.23183174943006
1140,0.00570686223999727,0,0,0,0,0,0,0,0,0,0,9.53680982422914,9.5362056865279,230.226775725936,39,0.9,1e-4,11,249.30549809893304
1170,0.00545945876554392,0,0,0,0,0,0,0,0,0,0,9.12244067486456,9.12187580030702,231.119436091585,40,0.9,1e-4,11,249.3692120255221
1200,0.00523206189535007,0,0,0,0,0,0,0,0,0,0,8.74158570850248,8.74105608136522,231.936796379701,41,0.9,1e-4,11,249.42467023146406
1230,0.00502238732553319,0,0,0,0,0,0,0,0,0,0,8.39041783948324,8.38991998979577,232.687865296251,42,0.9,1e-4,11,249.47322551285555
1260,0.00482847986160195,0,0,0,0,0,0,0,0,0,0,8.06566143474218,8.06519234744214,233.380284355221,43,0.9,1e-4,11,249.5159666172669
1290,0.0046486571414928,0,0,0,0,0,0,0,0,0,0,7.76449800527892,7.76405504702404,234.020575676957,44,0.9,1e-4,11,249.55377738640146
1320,0.00448146434549689,0,0,0,0,0,0,0,0,0,0,7.48449031167138,7.48407117142477,234.614338130945,45,0.9,1e-4,11,249.58738107838664
1350,0.00432563750965193,0,0,0,0,0,0,0,0,0,0,7.22352088847305,7.22312352892377,235.166403894291,46,0.9,1e-4,11,249.61737394919746
1380,0.00418007362207226,0,0,0,0,0,0,0,0,0,0,6.97974193602073,6.9793645535967,235.680964392857,47,0.9,1e-4,11,249.6442509560965
1410,0.00404380610223991,0,0,0,0,0,0,0,0,0,0,6.75153423318069,6.75117522492586,236.161672353998,48,0.9,1e-4,11,249.66842561820678
1440,0.00391598457946653,0,0,0,0,0,0,0,0,0,0,6.53747325458221,6.53713119055689,236.611725068748,49,0.9,1e-4,11,249.69024549846657
1470,0.00379585812600159,0,0,0,0,0,0,0,0,0,0,6.33630107694885,6.33597467710343,237.03393276016,50,0.9,1e-4,11,249.7100043723383
1500,0.0036827612824998,0,0,0,0,0,0,0,0,0,0,6.14690296459396,6.14659107928866,237.430775061382,51,0.9,1e-4,11,249.72795186654713
1530,0.00357610235325817,0,0,0,0,0,0,0,0,0,0,5.96828775829215,5.96798935180616,237.804447937053,52,0.9,1e-4,11,249.74430114950457
1560,0.00347535355639938,0,0,0,0,0,0,0,0,0,0,5.79957137235761,5.79928550886313,238.156902874487,53,0.9,1e-4,11,249.75923510926415
1590,0.00338004269782549,0,0,0,0,0,0,0,0,0,0,5.63996284495122,5.63968867653057,238.489879784324,54,0.9,1e-4,11,249.7729113485036
1620,0.00328974610308165,0,0,0,0,0,0,0,0,0,0,5.48875249610305,5.4884892524681,238.804934752974,55,0.9,1e-4,11,249.78546624764823
1650,0.00320408259256815,0,0,0,0,0,0,0,0,0,0,5.34530183390758,5.34504881354407,239.103463558962,56,0.9,1e-4,11,249.79701828900622
1680,0.00312270832605403,0,0,0,0,0,0,0,0,0,0,5.20903491724571,5.2087914797559,239.386721685824,57,0.9,1e-4,11,249.80767079115165
1710,0.00304531237461789,0,0,0,0,0,0,0,0,0,0,5.07943093730261,5.07919649676002,239.655841423348,58,0.9,1e-4,11,249.81751416978526
1740,0.00297161290382193,0,0,0,0,0,0,0,0,0,0,4.95601782318471,4.95579184234732,239.911846537808,59,0.9,1e-4,11,249.82662781624384
1770,0.0029013538725269,0,0,0,0,0,0,0,0,0,0,4.83836671146296,4.83814869671711,240.155664903564,60,0.9,1e-4,11,249.8350816656166
1800,0.00283430216836356,0,0,0,0,0,0,0,0,0,0,4.72608714729833,4.72587664422746,240.38813941782,61,0.9,1e-4,11,249.84293751151418
1830,0.002770245114326,0,0,0,0,0,0,0,0,0,0,4.6188229073443,4.61861949683333,240.610037463829,62,0.9,1e-4,11,249.85025011312095
1860,0.00270898829189417,0,0,0,0,0,0,0,0,0,0,4.51624835295537,4.51605164775625,240.822059142082,63,0.9,1e-4,11,249.8570681310855
1890,0.00265035363503278,0,0,0,0,0,0,0,0,0,0,4.41806523721046,4.417874878906,241.024844451992,64,0.9,1e-4,11,249.8634349217435
1920,0.00259417775674812,0,0,0,0,0,0,0,0,0,0,4.32399990155005,4.32381555786261,241.218979576451,65,0.9,1e-4,11,249.86938921362042
1950,0.00254031047592604,0,0,0,0,0,0,0,0,0,0,4.23380080794855,4.23362217034855,241.4050023969,66,0.9,1e-4,11,249.874965685673
1980,0.00248861351716982,0,0,0,0,0,0,0,0,0,0,4.14723636091455,4.1470631424901,241.58340734628499,67,0.9,1e-4,11,249.8801954632068
0,250,0,0,0,0,0,0,0,0,0,0,0,0,0,1,0.9,1e-4,12,250
30,250.000322400697,0,0,0,0,0,0,0,0,0,0,0,0,0,2,0.9,1e-4,12,250.000322400697
60,250.000090984018,0,0,0,0,0,0,0,0,0,0,0,0,0,3,0.9,1e-4,12,250.000090984018
90,250.000018876751,0,0,0,0,0,0,0,0,0,0,0,0,0,4,0.9,1e-4,12,250.000018876751
120,214.427665179771,0,0,0,0,0,0,0,0,0,0,42.3005267796185,42.3005267796185,0.0100330905771572,5,0.9,1e-4,12,299.0387518295852
150,133.943855080312,0,0,0,0,0,0,0,0,0,0,73.295909736413,73.2947187414495,0.0322846110491391,6,0.9,1e-4,12,280.5667681692236
180,79.5643578594567,0,0,0,0,0,0,0,0,0,0,81.7506549456004,81.7481310786034,0.0682924426557259,7,0.9,1e-4,12,243.13143632631622
210,43.9342966562696,0,0,0,0,0,0,0,0,0,0,79.4427789282388,79.4395145361269,0.125551456041072,8,0.9,1e-4,12,202.94214157667636
240,21.5277551132072,0,0,0,0,0,0,0,0,0,0,71.05581079983,71.0526010171102,0.216321874914579,9,0.9,1e-4,12,163.852488805062
270,8.90198891909736,0,0,0,0,0,0,0,0,0,0,59.9680035426472,59.9654917420532,0.361534174678697,10,0.9,1e-4,12,129.19701837847646
300,2.95167267617252,0,0,0,0,0,0,0,0,0,0,49.646386877615,49.6448210515094,0.593371208459582,11,0.9,1e-4,12,102.8362518137565
330,0.773856453091131,0,0,0,0,0,0,0,0,0,0,42.7917564619666,42.7909285181892,0.957339048241624,12,0.9,1e-4,12,87.31388048148855
360,0.185308449891117,0,0,0,0,0,0,0,0,0,0,40.0951373960526,40.0946052141936,1.52133338442633,13,0.9,1e-4,12,81.89638444456365
390,0.052905277296129,0,0,0,0,0,0,0,0,0,0,40.2605881836917,40.2599968692444,2.40261805437557,14,0.9,1e-4,12,82.9761083846078
420,0.0181438693583136,0,0,0,0,0,0,0,0,0,0,41.8540752269322,41.8532361419195,3.78404492061538,15,0.9,1e-4,12,87.5095001588254
450,0.00699956862078754,0,0,0,0,0,0,0,0,0,0,44.3697376324749,44.3685273381665,5.90889592138661,16,0.9,1e-4,12,94.6541604606488
480,0.00540377093852697,0,0,0,0,0,0,0,0,0,0,25.2007486151146,25.1970177810375,7.41638056011418,17,0.9,1e-4,12,57.819550727204806
510,0.00566106194388103,0,0,0,0,0,0,0,0,0,0,28.8550095461986,28.8496850875018,31.0184191353629,18,0.9,1e-4,12,88.72877483100719
540,0.00843632015794272,0,0,0,0,0,0,0,0,0,0,41.9604787342227,41.9527968682099,63.4513654862815,19,0.9,1e-4,12,147.37307740887204
570,0.00884664751194838,0,0,0,0,0,0,0,0,0,0,44.1552682838111,44.1477421840969,101.009304001924,20,0.9,1e-4,12,189.32116111734393
600,0.00824698585407103,0,0,0,0,0,0,0,0,0,0,41.122626779369,41.1162276327055,131.337516303481,21,0.9,1e-4,12,213.58461770140957
630,0.00746961323411392,0,0,0,0,0,0,0,0,0,0,37.2509156214655,37.2456418632951,152.747952976695,22,0.9,1e-4,12,227.2519800746897
660,0.00664410669329623,0,0,0,0,0,0,0,0,0,0,33.1282099827349,33.1239137982301,168.62014972021,23,0.9,1e-4,12,234.87891760786832
690,0.00592326696442008,0,0,0,0,0,0,0,0,0,0,29.5312837323449,29.5277471976787,180.346476466596,24,0.9,1e-4,12,239.411430663584
720,0.00530658965956011,0,0,0,0,0,0,0,0,0,0,26.4538255544807,26.4508756536773,189.337360509696,25,0.9,1e-4,12,242.24736830751357
750,0.00478692390156364,0,0,0,0,0,0,0,0,0,0,23.8607658855558,23.8582700693354,196.392401404037,26,0.9,1e-4,12,244.11622428282976
780,0.00434807411328808,0,0,0,0,0,0,0,0,0,0,21.6710465651861,21.668906811937,202.057734104995,27,0.9,1e-4,12,245.4020355562314
810,0.00397543696438687,0,0,0,0,0,0,0,0,0,0,19.8117810991745,19.8099245946805,206.693825032907,28,0.9,1e-4,12,246.31950616372637
840,0.003656635605348,0,0,0,0,0,0,0,0,0,0,18.2211769600869,18.219549082658,210.550010355235,29,0.9,1e-4,12,246.99439303358525
870,0.00338172803932319,0,0,0,0,0,0,0,0,0,0,16.8496098240728,16.8481690260238,213.802617392433,30,0.9,1e-4,12,247.50377797056893
900,0.00314281880198481,0,0,0,0,0,0,0,0,0,0,15.6576727565747,15.6563869763902,216.579578132964,31,0.9,1e-4,12,247.89678068473089
930,0.00293365435132987,0,0,0,0,0,0,0,0,0,0,14.6141559802638,14.6130001256442,218.97569293281,32,0.9,1e-4,12,248.20578269306932
960,0.00274926367807351,0,0,0,0,0,0,0,0,0,0,13.6942517075313,13.6932058779974,221.062561864984,33,0.9,1e-4,12,248.45276871419077
990,0.00258567109529089,0,0,0,0,0,0,0,0,0,0,12.8781201127451,12.877168329658,222.895179814609,34,0.9,1e-4,12,248.6530539281074
1020,0.00243967356164644,0,0,0,0,0,0,0,0,0,0,12.1497776375069,12.1489069246878,224.516427490695,35,0.9,1e-4,12,248.81755172645137
1050,0.00230867042345657,0,0,0,0,0,0,0,0,0,0,11.4962470873415,11.4954467964669,225.960193962991,36,0.9,1e-4,12,248.95419651722287
1080,0.0021905336016218,0,0,0,0,0,0,0,0,0,0,10.9069096714671,10.906170980495,227.253589889944,37,0.9,1e-4,12,249.06886107550773
1110,0.00208350841121101,0,0,0,0,0,0,0,0,0,0,10.3730099747692,10.372325510268,228.418543590709,38,0.9,1e-4,12,249.1659625841574
1140,0.00198613741818875,0,0,0,0,0,0,0,0,0,0,9.88727593077383,9.88663948012582,229.472970310586,39,0.9,1e-4,12,249.24887185890384
1170,0.00189720161624253,0,0,0,0,0,0,0,0,0,0,9.44362525012553,9.44303153973844,230.431641189214,40,0.9,1e-4,12,249.3201951806942
1200,0.00181567466702246,0,0,0,0,0,0,0,0,0,0,9.03693705305162,9.03638157563115,231.306837592991,41,0.9,1e-4,12,249.3819718963408
1230,0.00174068704418688,0,0,0,0,0,0,0,0,0,0,8.6628729328166,8.6623518115177,232.108849806142,42,0.9,1e-4,12,249.43581523752047
1260,0.00167149773265231,0,0,0,0,0,0,0,0,0,0,8.31773572655048,8.3172456071473,232.846361349325,43,0.9,1e-4,12,249.48301418075545
1290,0.00160747173044598,0,0,0,0,0,0,0,0,0,0,7.99835724538687,7.99789520994446,233.526748213849,44,0.9,1e-4,12,249.52460814091077
1320,0.0015480620383013,0,0,0,0,0,0,0,0,0,0,7.70200840112172,7.7015718983248,234.156314075973,45,0.9,1e-4,12,249.56144243745783
1350,0.0014927951444657,0,0,0,0,0,0,0,0,0,0,7.42632677561741,7.42591356411804,234.740476829691,46,0.9,1e-4,12,249.59420996457092
1380,0.00144125925057464,0,0,0,0,0,0,0,0,0,0,7.1692578690928,7.16886597111845,235.283917736151,47,0.9,1e-4,12,249.62348283561283
1410,0.00139309466170994,0,0,0,0,0,0,0,0,0,0,6.92900714822951,6.9286348113415,235.790701601498,48,0.9,1e-4,12,249.64973665573072
1440,0.0013479858963747,0,0,0,0,0,0,0,0,0,0,6.70400067692591,6.70364634229968,236.264374309065,49,0.9,1e-4,12,249.67336931418697
1470,0.00130565517196143,0,0,0,0,0,0,0,0,0,0,6.49285261085349,6.49251488681435,236.708042507983,50,0.9,1e-4,12,249.69471566082282
1500,0.00126585699695032,0,0,0,0,0,0,0,0,0,0,6.29433821458358,6.29401585440519,237.124439135746,51,0.9,1e-4,12,249.71405906173172
1530,0.00122837365878368,0,0,0,0,0,0,0,0,0,0,6.10737134806046,6.10706323124237,237.515977614419,52,0.9,1e-4,12,249.73164056738062
1560,0.00119301144066082,0,0,0,0,0,0,0,0,0,0,5.93098559027526,5.93069070667656,237.884796930359,53,0.9,1e-4,12,249.74766623875146
1590,0.00115959743471728,0,0,0,0,0,0,0,0,0,0,5.76431833876798,5.76403577509884,238.232799329884,54,0.9,1e-4,12,249.76231304118554
1620,0.00112797684564836,0,0,0,0,0,0,0,0,0,0,5.60659735631033,5.60632628458021,238.561681998394,55,0.9,1e-4,12,249.7757336161302
1650,0.00109801069963061,0,0,0,0,0,0,0,0,0,0,5.45712933989062,5.45686900748836,238.872963809616,56,0.9,1e-4,12,249.78806016769462
1680,0.00106957388974664,0,0,0,0,0,0,0,0,0,0,5.31529016872041,5.31503988986201,239.168008013718,57,0.9,1e-4,12,249.7994076461902
1710,0.00104255350204843,0,0,0,0,0,0,0,0,0,0,5.18051655250495,5.18027570083242,239.44804156305,58,0.9,1e-4,12,249.80987636988942
1740,0.00101684737667326,0,0,0,0,0,0,0,0,0,0,5.05229885251284,5.05206685466633,239.714171640585,59,0.9,1e-4,12,249.81955419514082
1770,9.9236286664057e-4,0,0,0,0,0,0,0,0,0,0,4.93017488896935,4.92995121898535,239.967399850543,60,0.9,1e-4,12,249.82851832136433
1800,9.690157635547e-4,0,0,0,0,0,0,0,0,0,0,4.81372458121488,4.81350875562843,240.208634446665,61,0.9,1e-4,12,249.83683679927188
1830,9.4672936476161e-4,0,0,0,0,0,0,0,0,0,0,4.70256529363266,4.7023568671818,240.438700906454,62,0.9,1e-4,12,249.8445697966332
1860,9.254336608232e-4,0,0,0,0,0,0,0,0,0,0,4.59634778188321,4.5961463437302,240.658351105736,63,0.9,1e-4,12,249.85177066501024
1890,9.0506462568685e-4,0,0,0,0,0,0,0,0,0,0,4.49475265151695,4.49455782191491,240.868271304279,64,0.9,1e-4,12,249.85848684233656
1920,8.8556359480122e-4,0,0,0,0,0,0,0,0,0,0,4.3974872553761,4.3972986827202,241.069089117823,65,0.9,1e-4,12,249.8647606195141
1950,8.6687671878956e-4,0,0,0,0,0,0,0,0,0,0,4.30428296797068,4.30410032618308,241.261379623002,66,0.9,1e-4,12,249.87062979387454
1980,8.4895448223676e-4,0,0,0,0,0,0,0,0,0,0,4.21489278472128,4.2147157709258,241.445670718037,67,0.9,1e-4,12,249.87612822816632
0,250,0,0,0,0,0,0,0,0,0,0,0,0,0,1,0.9,1e-4,13,250
30,250.000322400697,0,0,0,0,0,0,0,0,0,0,0,0,0,2,0.9,1e-4,13,250.000322400697
60,250.000090984018,0,0,0,0,0,0,0,0,0,0,0,0,0,3,0.9,1e-4,13,250.000090984018
90,250.000018876751,0,0,0,0,0,0,0,0,0,0,0,0,0,4,0.9,1e-4,13,250.000018876751
120,214.427665179771,0,0,0,0,0,0,0,0,0,0,42.3005267796185,42.3005267796185,0.0100330905771572,5,0.9,1e-4,13,299.0387518295852
150,133.943855080312,0,0,0,0,0,0,0,0,0,0,73.295909736413,73.2947187414495,0.0322846110491391,6,0.9,1e-4,13,280.5667681692236
180,79.5643578594567,0,0,0,0,0,0,0,0,0,0,81.7506549456004,81.7481310786034,0.0682924426557259,7,0.9,1e-4,13,243.13143632631622
210,43.9342966562696,0,0,0,0,0,0,0,0,0,0,79.4427789282388,79.4395145361269,0.125551456041072,8,0.9,1e-4,13,202.94214157667636
240,21.5277551132072,0,0,0,0,0,0,0,0,0,0,71.05581079983,71.0526010171102,0.216321874914579,9,0.9,1e-4,13,163.852488805062
270,8.90198891909736,0,0,0,0,0,0,0,0,0,0,59.9680035426472,59.9654917420532,0.361534174678697,10,0.9,1e-4,13,129.19701837847646
300,2.95167267617252,0,0,0,0,0,0,0,0,0,0,49.646386877615,49.6448210515094,0.593371208459582,11,0.9,1e-4,13,102.8362518137565
330,0.773856453091131,0,0,0,0,0,0,0,0,0,0,42.7917564619666,42.7909285181892,0.957339048241624,12,0.9,1e-4,13,87.31388048148855
360,0.185308449891117,0,0,0,0,0,0,0,0,0,0,40.0951373960526,40.0946052141936,1.52133338442633,13,0.9,1e-4,13,81.89638444456365
390,0.052905277296129,0,0,0,0,0,0,0,0,0,0,40.2605881836917,40.2599968692444,2.40261805437557,14,0.9,1e-4,13,82.9761083846078
420,0.0181438693583136,0,0,0,0,0,0,0,0,0,0,41.8540752269322,41.8532361419195,3.78404492061538,15,0.9,1e-4,13,87.5095001588254
450,0.00699956862078754,0,0,0,0,0,0,0,0,0,0,44.3697376324749,44.3685273381665,5.90889592138661,16,0.9,1e-4,13,94.6541604606488
480,0.0030191739938528,0,0,0,0,0,0,0,0,0,0,47.7344402808698,47.7327510805617,9.0653609710773,17,0.9,1e-4,13,104.53557150650265
510,0.00241759756958055,0,0,0,0,0,0,0,0,0,0,30.7629248769739,30.758386029321102,11.6436580470521,18,0.9,1e-4,13,73.16738655091669
540,0.00245142801055181,0,0,0,0,0,0,0,0,0,0,33.132451568824,33.1264534132989,39.8416723654057,19,0.9,1e-4,13,106.10302877553914
570,0.00328202477606256,0,0,0,0,0,0,0,0,0,0,43.6642382204773,43.6564450759419,72.8492283773617,20,0.9,1e-4,13,160.17319369855696
600,0.00328043979872463,0,0,0,0,0,0,0,0,0,0,43.7458096678581,43.7385539930481,108.994947131638,21,0.9,1e-4,13,196.4825912323429
630,0.00302786336859263,0,0,0,0,0,0,0,0,0,0,40.3478810712448,40.3417759033,136.837959141548,22,0.9,1e-4,13,217.5306439794614
660,0.00272305536237542,0,0,0,0,0,0,0,0,0,0,36.289000077621,36.2839944663783,156.809041919618,23,0.9,1e-4,13,229.38475951897968
690,0.00242190542975291,0,0,0,0,0,0,0,0,0,0,32.2707340627071,32.266647873141,171.575338794507,24,0.9,1e-4,13,236.11514263578485
720,0.00216086048251341,0,0,0,0,0,0,0,0,0,0,28.7898707182649,28.7864969322882,182.589711398323,25,0.9,1e-4,13,240.16823990935862
750,0.00193878497174682,0,0,0,0,0,0,0,0,0,0,25.8284180987283,25.8255942877954,191.081366128924,26,0.9,1e-4,13,242.73731730041945
780,0.00175167050860857,0,0,0,0,0,0,0,0,0,0,23.3333866029748,23.3309897485383,197.782277766309,27,0.9,1e-4,13,244.44840578833072
810,0.00159350566287822,0,0,0,0,0,0,0,0,0,0,21.2244368723244,21.2223759555681,203.187772048277,28,0.9,1e-4,13,245.63617838183237
840,0.00145898857261346,0,0,0,0,0,0,0,0,0,0,19.4308591636984,19.4290664286091,207.628589842462,29,0.9,1e-4,13,246.48997442334212
870,0.00134370147640995,0,0,0,0,0,0,0,0,0,0,17.8937207302642,17.8921451814426,211.334721616617,30,0.9,1e-4,13,247.12193122980023
900,0.00124411036997282,0,0,0,0,0,0,0,0,0,0,16.5658868461258,16.5644895589885,214.469813168506,31,0.9,1e-4,13,247.60143368399028
930,0.00115741255477716,0,0,0,0,0,0,0,0,0,0,15.4099782892952,15.4087291236219,217.153193647736,32,0.9,1e-4,13,247.97305847320789
960,0.00108138715221604,0,0,0,0,0,0,0,0,0,0,14.3963771105027,14.3952524014845,219.473688764932,33,0.9,1e-4,13,248.26639966407143
990,0.00101426662827503,0,0,0,0,0,0,0,0,0,0,13.5015121295125,13.5004930526153,221.498653524185,34,0.9,1e-4,13,248.50167297294107
1020,9.5463511650849e-4,0,0,0,0,0,0,0,0,0,0,12.7065024848708,12.7055738837664,223.280006135996,35,0.9,1e-4,13,248.6930371397497
1050,9.0134993876984e-4,0,0,0,0,0,0,0,0,0,0,11.9961107449102,11.9952602801812,224.858357159894,36,0.9,1e-4,13,248.85062953492417
1080,8.5348167793312e-4,0,0,0,0,0,0,0,0,0,0,11.3579435657172,11.3571610881991,226.265893453533,37,0.9,1e-4,13,248.98185158912725
1110,8.1026848092725e-4,0,0,0,0,0,0,0,0,0,0,10.7818421959803,10.7811192794025,227.528430606844,38,0.9,1e-4,13,249.09220235070774
1140,7.7108111351917e-4,0,0,0,0,0,0,0,0,0,0,10.2594164081218,10.2587459961781,228.666898526779,39,0.9,1e-4,13,249.1858320121924
1170,7.3539609677311e-4,0,0,0,0,0,0,0,0,0,0,9.78368622944159,9.78306236611588,229.698433421396,40,0.9,1e-4,13,249.26591741305026
1200,7.0277492246004e-4,0,0,0,0,0,0,0,0,0,0,9.34880475476419,9.34822237597976,230.6371918298,41,0.9,1e-4,13,249.33492173546642
1230,6.7284785812748e-4,0,0,0,0,0,0,0,0,0,0,8.94984217356775,8.94929694454064,231.494965314829,42,0.9,1e-4,13,249.3947772807955
1260,6.4530123636824e-4,0,0,0,0,0,0,0,0,0,0,8.58261626580695,8.58210445284334,232.281650159034,43,0.9,1e-4,13,249.44701617892065
1290,6.1986740599859e-4,0,0,0,0,0,0,0,0,0,0,8.24355839845566,8.24307676698117,233.005610205179,44,0.9,1e-4,13,249.49286523802184
1320,5.9631673084937e-4,0,0,0,0,0,0,0,0,0,0,7.92960682942971,7.92915256219523,233.673959993775,45,0.9,1e-4,13,249.53331570213078
1350,5.7445117469134e-4,0,0,0,0,0,0,0,0,0,0,7.63812116401984,7.63769179497092,234.292787782459,46,0.9,1e-4,13,249.56917519262444
1380,5.5409912343874e-4,0,0,0,0,0,0,0,0,0,0,7.36681331118409,7.36640667159722,234.867332746373,47,0.9,1e-4,13,249.60110682827775
1410,5.3511117916255e-4,0,0,0,0,0,0,0,0,0,0,7.11369139927701,7.11330557358174,235.402126918389,48,0.9,1e-4,13,249.6296590024269
1440,5.1735672253502e-4,0,0,0,0,0,0,0,0,0,0,6.87701393891648,6.87664722822509,235.901109748927,49,0.9,1e-4,13,249.65528827279113
1470,5.0072108684275e-4,0,0,0,0,0,0,0,0,0,0,6.65525214107958,6.65490303289453,236.367721223978,50,0.9,1e-4,13,249.67837711903897
1500,4.8510322177831e-4,0,0,0,0,0,0,0,0,0,0,6.4470587662742,6.44672590918146,236.804978058645,51,0.9,1e-4,13,249.69924783732242
1530,4.7041375183699e-4,0,0,0,0,0,0,0,0,0,0,6.25124223560503,6.25092441801756,237.215536432276,52,0.9,1e-4,13,249.71817349965042
1560,4.5657335447597e-4,0,0,0,0,0,0,0,0,0,0,6.06674500568766,6.06644113789895,237.601743946406,53,0.9,1e-4,13,249.7353866633471
1590,4.4351139882205e-4,0,0,0,0,0,0,0,0,0,0,5.89262541778997,5.89233451674869,237.965682895614,54,0.9,1e-4,13,249.75108634155148
1620,4.3116479780374e-4,0,0,0,0,0,0,0,0,0,0,5.7280423928049,5.72776356913853,238.309206492459,55,0.9,1e-4,13,249.76544361920023
1650,4.194770359927e-4,0,0,0,0,0,0,0,0,0,0,5.57224246913343,5.57197491604062,238.633969343912,56,0.9,1e-4,13,249.77860620612205
1680,4.0839734280541e-4,0,0,0,0,0,0,0,0,0,0,5.42454877878671,5.42429176248992,238.941453211731,57,0.9,1e-4,13,249.79070215035043
1710,3.9787998651597e-4,0,0,0,0,0,0,0,0,0,0,5.28435163435773,5.28410448586468,239.232988883359,58,0.9,1e-4,13,249.80184288356793
1740,3.8788366912267e-4,0,0,0,0,0,0,0,0,0,0,5.15110046074374,5.15086256871186,239.509774818924,59,0.9,1e-4,13,249.8121257320487
1770,3.7837100576556e-4,0,0,0,0,0,0,0,0,0,0,5.02429685423658,5.02406765877074,239.772893113383,60,0.9,1e-4,13,249.82163599739607
1800,3.6930807531624e-4,0,0,0,0,0,0,0,0,0,0,4.90348859058635,4.90326757782951,240.023323212529,61,0.9,1e-4,13,249.83044868902016
1830,3.6066403111176e-4,0,0,0,0,0,0,0,0,0,0,4.78826443498982,4.78805113239006,240.261953741823,62,0.9,1e-4,13,249.838629973234
1860,0.00035241076270341003,0,0,0,0,0,0,0,0,0,0,4.67824963227597,4.67804360443253,240.489592743089,63,0.9,1e-4,13,249.8462383905602
1890,3.4452260103223e-4,0,0,0,0,0,0,0,0,0,0,4.57310197610893,4.5729028211157,240.706976562747,64,0.9,1e-4,13,249.85332588257268
1920,3.3697606069888e-4,0,0,0,0,0,0,0,0,0,0,4.47250837277705,4.47231571899474,240.914777593652,65,0.9,1e-4,13,249.85993866148448
1950,3.2974961402415e-4,0,0,0,0,0,0,0,0,0,0,4.37618182884576,4.37599533204497,241.113611038829,66,0.9,1e-4,13,249.86611794933376
1980,3.2282349244064e-4,0,0,0,0,0,0,0,0,0,0,4.28385880321998,4.28367814404591,241.304040837837,67,0.9,1e-4,13,249.87190060859533
0,250,0,0,0,0,0,0,0,0,0,0,0,0,0,1,0.9,1e-4,14,250
30,250.000322400697,0,0,0,0,0,0,0,0,0,0,0,0,0,2,0.9,1e-4,14,250.000322400697
60,250.000090984018,0,0,0,0,0,0,0,0,0,0,0,0,0,3,0.9,1e-4,14,250.000090984018
90,250.000018876751,0,0,0,0,0,0,0,0,0,0,0,0,0,4,0.9,1e-4,14,250.000018876751
120,214.427665179771,0,0,0,0,0,0,0,0,0,0,42.3005267796185,42.3005267796185,0.0100330905771572,5,0.9,1e-4,14,299.0387518295852
150,133.943855080312,0,0,0,0,0,0,0,0,0,0,73.295909736413,73.2947187414495,0.0322846110491391,6,0.9,1e-4,14,280.5667681692236
180,79.5643578594567,0,0,0,0,0,0,0,0,0,0,81.7506549456004,81.7481310786034,0.0682924426557259,7,0.9,1e-4,14,243.13143632631622
210,43.9342966562696,0,0,0,0,0,0,0,0,0,0,79.4427789282388,79.4395145361269,0.125551456041072,8,0.9,1e-4,14,202.94214157667636
240,21.5277551132072,0,0,0,0,0,0,0,0,0,0,71.05581079983,71.0526010171102,0.216321874914579,9,0.9,1e-4,14,163.852488805062
270,8.90198891909736,0,0,0,0,0,0,0,0,0,0,59.9680035426472,59.9654917420532,0.361534174678697,10,0.9,1e-4,14,129.19701837847646
300,2.95167267617252,0,0,0,0,0,0,0,0,0,0,49.646386877615,49.6448210515094,0.593371208459582,11,0.9,1e-4,14,102.8362518137565
330,0.773856453091131,0,0,0,0,0,0,0,0,0,0,42.7917564619666,42.7909285181892,0.957339048241624,12,0.9,1e-4,14,87.31388048148855
360,0.185308449891117,0,0,0,0,0,0,0,0,0,0,40.0951373960526,40.0946052141936,1.52133338442633,13,0.9,1e-4,14,81.89638444456365
390,0.052905277296129,0,0,0,0,0,0,0,0,0,0,40.2605881836917,40.2599968692444,2.40261805437557,14,0.9,1e-4,14,82.9761083846078
420,0.0181438693583136,0,0,0,0,0,0,0,0,0,0,41.8540752269322,41.8532361419195,3.78404492061538,15,0.9,1e-4,14,87.5095001588254
450,0.00699956862078754,0,0,0,0,0,0,0,0,0,0,44.3697376324749,44.3685273381665,5.90889592138661,16,0.9,1e-4,14,94.6541604606488
480,0.0030191739938528,0,0,0,0,0,0,0,0,0,0,47.7344402808698,47.7327510805617,9.0653609710773,17,0.9,1e-4,14,104.53557150650265
510,0.00142167119377125,0,0,0,0,0,0,0,0,0,0,51.8257597271148,51.8235146334249,13.5100611105648,18,0.9,1e-4,14,117.16075714229827
540,0.00114979716584026,0,0,0,0,0,0,0,0,0,0,36.1069036361839,36.1016615325874,17.3538927770579,19,0.9,1e-4,14,89.56360774299505
570,0.0011246501981842,0,0,0,0,0,0,0,0,0,0,36.833289317209,36.8267875369388,49.1501530103734,20,0.9,1e-4,14,122.81135451471938
600,0.00137916514246628,0,0,0,0,0,0,0,0,0,0,44.6763193176314,44.668582149711,82.1033269792794,21,0.9,1e-4,14,171.44960761176426
630,0.00132999084878676,0,0,0,0,0,0,0,0,0,0,43.1623969381724,43.1554575908026,116.435030447919,22,0.9,1e-4,14,202.7542149677428
660,0.00121714985825382,0,0,0,0,0,0,0,0,0,0,39.4752496291471,39.4694572605013,142.033501759287,23,0.9,1e-4,14,220.97942579879364
690,0.0010892187314583,0,0,0,0,0,0,0,0,0,0,35.327971271051,35.3232347733161,160.630689537114,24,0.9,1e-4,14,231.28298480021255
720,9.6901229635872e-4,0,0,0,0,0,0,0,0,0,0,31.4247254552978,31.4208487672833,174.384800384574,25,0.9,1e-4,14,237.23134361945145
750,8.6547053434961e-4,0,0,0,0,0,0,0,0,0,0,28.0644108503572,28.0611993973993,184.734765223926,26,0.9,1e-4,14,240.86124094221682
780,7.7773965418171e-4,0,0,0,0,0,0,0,0,0,0,25.2170539772238,25.2143565403568,192.758980017364,27,0.9,1e-4,14,243.19116827459877
810,7.0380151724669e-4,0,0,0,0,0,0,0,0,0,0,22.8175127679798,22.8152156973897,199.125649883555,28,0.9,1e-4,14,244.75908215044177
840,6.4122946675708e-4,0,0,0,0,0,0,0,0,0,0,20.7868913409546,20.7849104315224,204.284469050289,29,0.9,1e-4,14,245.85691205223276
870,5.8792230685389e-4,0,0,0,0,0,0,0,0,0,0,19.0569861990964,19.0552585983095,208.538922041916,30,0.9,1e-4,14,246.65175476162875
900,5.4215268834001e-4,0,0,0,0,0,0,0,0,0,0,17.5717183466176,17.5701965808373,212.101197887082,31,0.9,1e-4,14,247.24365496722524
930,5.0254325184809e-4,0,0,0,0,0,0,0,0,0,0,16.2863781375546,16.2850258385887,215.123182947085,32,0.9,1e-4,14,247.69508946648017
960,4.6800259225085e-4,0,0,0,0,0,0,0,0,0,0,15.165539577835,15.164328485984,217.716183040487,33,0.9,1e-4,14,248.04651910689827
990,4.3766526092327e-4,0,0,0,0,0,0,0,0,0,0,14.181112337578,14.1800201916236,219.963421749953,34,0.9,1e-4,14,248.32499194441553
1020,4.1084154473495e-4,0,0,0,0,0,0,0,0,0,0,13.3107107832008,13.3097198214064,221.928254935432,35,0.9,1e-4,14,248.54909638158392
1050,3.8697803758241e-4,0,0,0,0,0,0,0,0,0,0,12.536373834781,12.5354697167386,223.659690134612,36,0.9,1e-4,14,248.73192066416917
1080,3.6562731755585e-4,0,0,0,0,0,0,0,0,0,0,11.8435805303415,11.842751551196,225.196182112101,37,0.9,1e-4,14,248.88287982095608
1110,3.4642481256869e-4,0,0,0,0,0,0,0,0,0,0,11.2204990204909,11.2197355305919,226.568295737868,38,0.9,1e-4,14,249.00887671376336
1140,3.2907115320767e-4,0,0,0,0,0,0,0,0,0,0,10.6574137224578,10.6567076931727,227.800608750747,39,0.9,1e-4,14,249.1150592375307
1170,3.1331866356259e-4,0,0,0,0,0,0,0,0,0,0,10.1462868157479,10.1456315106116,228.913094070195,40,0.9,1e-4,14,249.20532571521807
1200,2.989609617253e-4,0,0,0,0,0,0,0,0,0,0,9.68042068828287,9.6798104110262,229.92213927075,41,0.9,1e-4,14,249.2826693310208
1230,2.8582490085945e-4,0,0,0,0,0,0,0,0,0,0,9.25419636174796,9.25362626112219,230.841308886601,42,0.9,1e-4,14,249.34941733437202
1260,2.7376427942986e-4,0,0,0,0,0,0,0,0,0,0,8.8628693448162,8.86233526186481,231.681921663526,43,0.9,1e-4,14,249.40740003448644
1290,2.6265489635717e-4,0,0,0,0,0,0,0,0,0,0,8.50240914193064,8.50190748933495,232.45349278772,44,0.9,1e-4,14,249.45807207388194
1320,2.5239063527057e-4,0,0,0,0,0,0,0,0,0,0,8.1693721651305,8.16889983104254,233.164076324685,45,0.9,1e-4,14,249.5026007114933
1350,2.4288034163674e-4,0,0,0,0,0,0,0,0,0,0,7.86080038087895,7.86035465163214,233.82053302836,46,0.9,1e-4,14,249.5419309412127
1380,2.3404531506074e-4,0,0,0,0,0,0,0,0,0,0,7.57413992358509,7.57371842109201,234.428741720481,47,0.9,1e-4,14,249.5768341104732
1410,2.2581728222152e-4,0,0,0,0,0,0,0,0,0,0,7.30717530884009,7.30677593951583,234.993767563788,48,0.9,1e-4,14,249.60794462942613
1440,2.1813674790571e-4,0,0,0,0,0,0,0,0,0,0,7.05797591819034,7.05759683099366,235.519997092136,49,0.9,1e-4,14,249.63578797806792
1470,2.1095164546341e-4,0,0,0,0,0,0,0,0,0,0,6.82485220178965,6.8244917535326,236.011247375084,50,0.9,1e-4,14,249.66080228205172
1500,2.0421622591123e-4,0,0,0,0,0,0,0,0,0,0,6.60631962635163,6.60597635284483,236.470854889297,51,0.9,1e-4,14,249.68335508471935
1530,1.9789013842539e-4,0,0,0,0,0,0,0,0,0,0,6.40106883459206,6.40074142650736,236.901748344051,52,0.9,1e-4,14,249.70375649528884
1560,1.9193766524153e-4,0,0,0,0,0,0,0,0,0,0,6.20794081582413,6.20762809839482,237.306508726036,53,0.9,1e-4,14,249.72226957792017
1590,1.8632708183715e-4,0,0,0,0,0,0,0,0,0,0,6.02590614245937,6.02560705832137,237.687419093812,54,0.9,1e-4,14,249.73911862167458
1620,1.8103011932256e-4,0,0,0,0,0,0,0,0,0,0,5.85404752354333,5.85376111816168,238.046506097803,55,0.9,1e-4,14,249.7544957696273
1650,1.7602151065345e-4,0,0,0,0,0,0,0,0,0,0,5.69154507857465,5.6912704878097,238.385574779765,56,0.9,1e-4,14,249.76856636766
1680,1.712786059305e-4,0,0,0,0,0,0,0,0,0,0,5.53766385340665,5.53740029286014,238.706237882111,57,0.9,1e-4,14,249.7814733069837
1710,1.6678104491505e-4,0,0,0,0,0,0,0,0,0,0,5.39174319296421,5.39148994881321,239.009940647553,58,0.9,1e-4,14,249.79334057037534
1740,1.6251047714704e-4,0,0,0,0,0,0,0,0,0,0,5.25318765877315,5.25294407985339,239.297981895094,59,0.9,1e-4,14,249.8042761441977
1770,1.5845032184087e-4,0,0,0,0,0,0,0,0,0,0,5.12145923737497,5.12122472831821,239.571532006179,60,0.9,1e-4,14,249.81437442219402
1800,1.5458556116107e-4,0,0,0,0,0,0,0,0,0,0,4.99607063197941,4.99584464724342,239.831648334867,61,0.9,1e-4,14,249.82371819965098
1830,1.5090256162131e-4,0,0,0,0,0,0,0,0,0,0,4.87657946677292,4.87636150543082,240.079288460811,62,0.9,1e-4,14,249.83238033557637
1860,1.4738891926981e-4,0,0,0,0,0,0,0,0,0,0,4.76258326313515,4.7623728643127,240.315321628016,63,0.9,1e-4,14,249.84042514438312
1890,1.4403332506759e-4,0,0,0,0,0,0,0,0,0,0,4.65371507113959,4.65351181000788,240.540538651642,64,0.9,1e-4,14,249.84790956611454
1920,1.4082544746968e-4,0,0,0,0,0,0,0,0,0,0,4.54963965931269,4.54944314355833,240.755660526164,65,0.9,1e-4,14,249.8548841544825
1950,1.3775582971224e-4,0,0,0,0,0,0,0,0,0,0,4.45005018161464,4.44986004832184,240.961345928541,66,0.9,1e-4,14,249.86139391430717
1980,1.348157997121e-4,0,0,0,0,0,0,0,0,0,0,4.35466525370579,4.35448116659478,241.158197777905,67,0.9,1e-4,14,249.86747901400528
0,250,0,0,0,0,0,0,0,0,0,0,0,0,0,1,0.9,1e-4,15,250
30,250.000322400697,0,0,0,0,0,0,0,0,0,0,0,0,0,2,0.9,1e-4,15,250.000322400697
60,250.000090984018,0,0,0,0,0,0,0,0,0,0,0,0,0,3,0.9,1e-4,15,250.000090984018
90,250.000018876751,0,0,0,0,0,0,0,0,0,0,0,0,0,4,0.9,1e-4,15,250.000018876751
120,214.427665179771,0,0,0,0,0,0,0,0,0,0,42.3005267796185,42.3005267796185,0.0100330905771572,5,0.9,1e-4,15,299.0387518295852
150,133.943855080312,0,0,0,0,0,0,0,0,0,0,73.295909736413,73.2947187414495,0.0322846110491391,6,0.9,1e-4,15,280.5667681692236
180,79.5643578594567,0,0,0,0,0,0,0,0,0,0,81.7506549456004,81.7481310786034,0.0682924426557259,7,0.9,1e-4,15,243.13143632631622
210,43.9342966562696,0,0,0,0,0,0,0,0,0,0,79.4427789282388,79.4395145361269,0.125551456041072,8,0.9,1e-4,15,202.94214157667636
240,21.5277551132072,0,0,0,0,0,0,0,0,0,0,71.05581079983,71.0526010171102,0.216321874914579,9,0.9,1e-4,15,163.852488805062
270,8.90198891909736,0,0,0,0,0,0,0,0,0,0,59.9680035426472,59.9654917420532,0.361534174678697,10,0.9,1e-4,15,129.19701837847646
300,2.95167267617252,0,0,0,0,0,0,0,0,0,0,49.646386877615,49.6448210515094,0.593371208459582,11,0.9,1e-4,15,102.8362518137565
330,0.773856453091131,0,0,0,0,0,0,0,0,0,0,42.7917564619666,42.7909285181892,0.957339048241624,12,0.9,1e-4,15,87.31388048148855
360,0.185308449891117,0,0,0,0,0,0,0,0,0,0,40.0951373960526,40.0946052141936,1.52133338442633,13,0.9,1e-4,15,81.89638444456365
390,0.052905277296129,0,0,0,0,0,0,0,0,0,0,40.2605881836917,40.2599968692444,2.40261805437557,14,0.9,1e-4,15,82.9761083846078
420,0.0181438693583136,0,0,0,0,0,0,0,0,0,0,41.8540752269322,41.8532361419195,3.78404492061538,15,0.9,1e-4,15,87.5095001588254
450,0.00699956862078754,0,0,0,0,0,0,0,0,0,0,44.3697376324749,44.3685273381665,5.90889592138661,16,0.9,1e-4,15,94.6541604606488
480,0.0030191739938528,0,0,0,0,0,0,0,0,0,0,47.7344402808698,47.7327510805617,9.0653609710773,17,0.9,1e-4,15,104.53557150650265
510,0.00142167119377125,0,0,0,0,0,0,0,0,0,0,51.8257597271148,51.8235146334249,13.5100611105648,18,0.9,1e-4,15,117.16075714229827
540,7.1244874968565e-4,0,0,0,0,0,0,0,0,0,0,56.3346291781218,56.3318123304521,19.3157484813243,19,0.9,1e-4,15,131.9829024386479
570,5.7074846396092e-4,0,0,0,0,0,0,0,0,0,0,40.806617819073,40.8008517175147,24.3331774132391,20,0.9,1e-4,15,105.94121769829076
600,5.3954865362026e-4,0,0,0,0,0,0,0,0,0,0,39.7891118396607,39.7823044014266,58.43271663727,21,0.9,1e-4,15,138.00467242701092
630,6.1676268448515e-4,0,0,0,0,0,0,0,0,0,0,45.1021970459994,45.0946496477582,90.8622277651195,22,0.9,1e-4,15,181.0596912215616
660,5.7977555768343e-4,0,0,0,0,0,0,0,0,0,0,42.4653376134742,42.4587418546547,123.172133494345,23,0.9,1e-4,15,208.09679273803158
690,5.2678313599832e-4,0,0,0,0,0,0,0,0,0,0,38.561456269794,38.555982210531,146.802885419106,24,0.9,1e-4,15,223.920850682567
720,4.6992554277554e-4,0,0,0,0,0,0,0,0,0,0,34.4005815716083,34.3961082071884,164.133423831831,25,0.9,1e-4,15,232.93058353617047
750,4.1828463845742e-4,0,0,0,0,0,0,0,0,0,0,30.6161547106891,30.6124823068373,176.984686851811,26,0.9,1e-4,15,238.21374215397586
780,3.7404204543716e-4,0,0,0,0,0,0,0,0,0,0,27.3753916081639,27.3723387410165,186.731299798135,27,0.9,1e-4,15,241.47940418936085
810,3.3665438151199e-4,0,0,0,0,0,0,0,0,0,0,24.636628531645002,24.6340552663901,194.329466262791,28,0.9,1e-4,15,243.6004867152076
840,3.051273634001e-4,0,0,0,0,0,0,0,0,0,0,22.3273139240791,22.3251155529581,200.389122724062,29,0.9,1e-4,15,245.04185732846258
870,2.7841142662377e-4,0,0,0,0,0,0,0,0,0,0,20.3704522967531,20.3685510753447,205.320076331543,30,0.9,1e-4,15,246.05935811506743
900,2.5561198408896e-4,0,0,0,0,0,0,0,0,0,0,18.7005037672517,18.6988414838375,209.401482936052,31,0.9,1e-4,15,246.80108379912528
930,2.3600110499861e-4,0,0,0,0,0,0,0,0,0,0,17.2641305148258,17.2626630378732,212.829592472741,32,0.9,1e-4,15,247.356622026545
960,2.1899975257274e-4,0,0,0,0,0,0,0,0,0,0,16.0189101637587,16.0176035608351,215.745680956884,33,0.9,1e-4,15,247.78241368123037
990,2.0414928305555e-4,0,0,0,0,0,0,0,0,0,0,14.9312420796482,14.930069891251,218.253774452937,34,0.9,1e-4,15,248.11529057311924
1020,1.9108568308866e-4,0,0,0,0,0,0,0,0,0,0,13.9744594713497,13.9734007864448,220.431986740411,35,0.9,1e-4,15,248.3800380838886
1050,1.7951844152518e-4,0,0,0,0,0,0,0,0,0,0,13.127280815795,13.1263188999661,222.340009135649,36,0.9,1e-4,15,248.59378836985164
1080,1.6921406894023e-4,0,0,0,0,0,0,0,0,0,0,12.3726021932965,12.3717234985508,224.024170959753,37,0.9,1e-4,15,248.76866586566925
1110,1.5998345848201e-4,0,0,0,0,0,0,0,0,0,0,11.6965711709449,11.695764611524,225.520935957596,38,0.9,1e-4,15,248.9134317235234
1140,1.5167224790989e-4,0,0,0,0,0,0,0,0,0,0,11.0878806409339,11.0871370566637,226.859365940706,39,0.9,1e-4,15,249.03453531055152
1170,1.4415346363214e-4,0,0,0,0,0,0,0,0,0,0,10.5372298832968,10.536541636828,228.062888055651,40,0.9,1e-4,15,249.13680372923943
1200,1.3732188320808e-4,0,0,0,0,0,0,0,0,0,0,10.0369115483688,10.036272219231,229.150583219433,41,0.9,1e-4,15,249.22390430891602
1230,1.3108968930312e-4,0,0,0,0,0,0,0,0,0,0,9.58049326434435,9.57989741387944,230.138139434695,42,0.9,1e-4,15,249.2986612026081
1260,1.2538309644302e-4,0,0,0,0,0,0,0,0,0,0,9.16257051889144,9.16201350770726,231.038566736879,43,0.9,1e-4,15,249.36327614657415
1290,1.201397139561e-4,0,0,0,0,0,0,0,0,0,0,8.77857347705167,8.7780513218359,231.862740058865,44,0.9,1e-4,15,249.41948499746653
1320,1.1530646936766e-4,0,0,0,0,0,0,0,0,0,0,8.4246148590128,8.42412411916666,232.619816159252,45,0.9,1e-4,15,249.46867044390083
1350,1.1083796129671e-4,0,0,0,0,0,0,0,0,0,0,8.09736928328224,8.09690697037563,233.317557218322,46,0.9,1e-4,15,249.51194430994119
1380,1.0669514379077e-4,0,0,0,0,0,0,0,0,0,0,7.79397689050278,7.79354039536362,233.962584454529,47,0.9,1e-4,15,249.5502084355392
1410,1.0284426822316e-4,0,0,0,0,0,0,0,0,0,0,7.51196583554331,7.51155286909559,234.560578701299,48,0.9,1e-4,15,249.58420025020612
1440,9.92560267395546e-5,0,0,0,0,0,0,0,0,0,0,7.24918954422703,7.24879808913992,235.116440377449,49,0.9,1e-4,15,249.61452726684269
1470,9.59048544983484e-5,0,0,0,0,0,0,0,0,0,0,7.00377560243623,7.00340387334182,235.634418077512,50,0.9,1e-4,15,249.64169345814454
1500,9.27683578484038e-5,0,0,0,0,0,0,0,0,0,0,6.77408387058093,6.77373028113464,236.118212698837,51,0.9,1e-4,15,249.66611961891041
1530,8.98268430254578e-5,0,0,0,0,0,0,0,0,0,0,6.55867196132195,6.55833509676607,236.571062340916,52,0.9,1e-4,15,249.68815922584704
1560,8.70629255729427e-5,0,0,0,0,0,0,0,0,0,0,6.35626663049784,6.35594522468046,236.995811975381,53,0.9,1e-4,15,249.70811089348487
1590,8.44612049740849e-5,0,0,0,0,0,0,0,0,0,0,6.1657399448403,6.16543286086417,237.394970966277,54,0.9,1e-4,15,249.72622823318642
1620,8.2007992261825e-5,0,0,0,0,0,0,0,0,0,0,5.98608933032622,5.98579554417261,237.770760831388,55,0.9,1e-4,15,249.7427277138791
1650,7.96910809015233e-5,0,0,0,0,0,0,0,0,0,0,5.81642079024059,5.81613937684537,238.125155114567,56,0.9,1e-4,15,249.75779497273388
1680,7.74995532027581e-5,0,0,0,0,0,0,0,0,0,0,5.65593472570607,5.65566484706764,238.459912841989,57,0.9,1e-4,15,249.7715899143159
1710,7.54236160471405e-5,0,0,0,0,0,0,0,0,0,0,5.50391390356029,5.50365479853973,238.776606730352,58,0.9,1e-4,15,249.78425085606807
1740,7.34544609204992e-5,0,0,0,0,0,0,0,0,0,0,5.35971320447293,5.35946418001035,239.076647079009,59,0.9,1e-4,15,249.7958979179532
1770,7.15841441861573e-5,0,0,0,0,0,0,0,0,0,0,5.22275085366583,5.22251127718738,239.361302094288,60,0.9,1e-4,15,249.80663580928538
1800,6.98054842887025e-5,0,0,0,0,0,0,0,0,0,0,5.09250089173568,5.0922701845657,239.631715250035,61,0.9,1e-4,15,249.81655613182068
1830,6.81119731781382e-5,0,0,0,0,0,0,0,0,0,0,4.96848668706567,4.9682643186912,239.888920174739,62,0.9,1e-4,15,249.82573929246905
1860,6.64976997258116e-5,0,0,0,0,0,0,0,0,0,0,4.85027532658387,4.85006080964477,240.13385346531,63,0.9,1e-4,15,249.8342560992384
1890,6.49572832914731e-5,0,0,0,0,0,0,0,0,0,0,4.73747275004464,4.73726563594351,240.367365755517,64,0.9,1e-4,15,249.84216909878845
1920,6.34858159148845e-5,0,0,0,0,0,0,0,0,0,0,4.62971951601428,4.62951939105808,240.590231309312,65,0.9,1e-4,15,249.8495337022003
1950,6.20788118607731e-5,0,0,0,0,0,0,0,0,0,0,4.52668710644909,4.5264935884481,240.803156362617,66,0.9,1e-4,15,249.85639913632605
1980,6.07321634544942e-5,0,0,0,0,0,0,0,0,0,0,4.42807469203087,4.42788742729268,241.006786399356,67,0.9,1e-4,15,249.86280925084301
0,250,0,0,0,0,0,0,0,0,0,0,0,0,0,1,0.9,1e-4,16,250
30,250.000322400697,0,0,0,0,0,0,0,0,0,0,0,0,0,2,0.9,1e-4,16,250.000322400697
60,250.000090984018,0,0,0,0,0,0,0,0,0,0,0,0,0,3,0.9,1e-4,16,250.000090984018
90,250.000018876751,0,0,0,0,0,0,0,0,0,0,0,0,0,4,0.9,1e-4,16,250.000018876751
120,214.427665179771,0,0,0,0,0,0,0,0,0,0,42.3005267796185,42.3005267796185,0.0100330905771572,5,0.9,1e-4,16,299.0387518295852
150,133.943855080312,0,0,0,0,0,0,0,0,0,0,73.295909736413,73.2947187414495,0.0322846110491391,6,0.9,1e-4,16,280.5667681692236
180,79.5643578594567,0,0,0,0,0,0,0,0,0,0,81.7506549456004,81.7481310786034,0.0682924426557259,7,0.9,1e-4,16,243.13143632631622
210,43.9342966562696,0,0,0,0,0,0,0,0,0,0,79.4427789282388,79.4395145361269,0.125551456041072,8,0.9,1e-4,16,202.94214157667636
240,21.5277551132072,0,0,0,0,0,0,0,0,0,0,71.05581079983,71.0526010171102,0.216321874914579,9,0.9,1e-4,16,163.852488805062
270,8.90198891909736,0,0,0,0,0,0,0,0,0,0,59.9680035426472,59.9654917420532,0.361534174678697,10,0.9,1e-4,16,129.19701837847646
300,2.95167267617252,0,0,0,0,0,0,0,0,0,0,49.646386877615,49.6448210515094,0.593371208459582,11,0.9,1e-4,16,102.8362518137565
330,0.773856453091131,0,0,0,0,0,0,0,0,0,0,42.7917564619666,42.7909285181892,0.957339048241624,12,0.9,1e-4,16,87.31388048148855
360,0.185308449891117,0,0,0,0,0,0,0,0,0,0,40.0951373960526,40.0946052141936,1.52133338442633,13,0.9,1e-4,16,81.89638444456365
390,0.052905277296129,0,0,0,0,0,0,0,0,0,0,40.2605881836917,40.2599968692444,2.40261805437557,14,0.9,1e-4,16,82.9761083846078
420,0.0181438693583136,0,0,0,0,0,0,0,0,0,0,41.8540752269322,41.8532361419195,3.78404492061538,15,0.9,1e-4,16,87.5095001588254
450,0.00699956862078754,0,0,0,0,0,0,0,0,0,0,44.3697376324749,44.3685273381665,5.90889592138661,16,0.9,1e-4,16,94.6541604606488
480,0.0030191739938528,0,0,0,0,0,0,0,0,0,0,47.7344402808698,47.7327510805617,9.0653609710773,17,0.9,1e-4,16,104.53557150650265
510,0.00142167119377125,0,0,0,0,0,0,0,0,0,0,51.8257597271148,51.8235146334249,13.5100611105648,18,0.9,1e-4,16,117.16075714229827
540,7.1244874968565e-4,0,0,0,0,0,0,0,0,0,0,56.3346291781218,56.3318123304521,19.3157484813243,19,0.9,1e-4,16,131.9829024386479
570,3.7096623930977e-4,0,0,0,0,0,0,0,0,0,0,60.8069869193754,60.8036601320855,26.2420267912656,20,0.9,1e-4,16,147.85304480896582
600,2.9105397094342e-4,0,0,0,0,0,0,0,0,0,0,44.608813255835,44.6027314662745,32.0279213724101,21,0.9,1e-4,16,121.23975714849054
630,2.6717218754172e-4,0,0,0,0,0,0,0,0,0,0,41.9546026426794,41.9476787055493,67.1881618364907,22,0.9,1e-4,16,151.09071035690695
660,2.8923768975686e-4,0,0,0,0,0,0,0,0,0,0,45.102987528148,45.095716317247,98.7774807514893,23,0.9,1e-4,16,188.97647383457408
690,2.6713632271555e-4,0,0,0,0,0,0,0,0,0,0,41.7177415241984,41.7114950208199,129.07586540485,24,0.9,1e-4,16,212.50536908619102
720,2.4133152842353e-4,0,0,0,0,0,0,0,0,0,0,37.6674174444733,37.6622519491824,151.028638530811,25,0.9,1e-4,16,226.35854925599514
750,2.1489140933501e-4,0,0,0,0,0,0,0,0,0,0,33.5413036311265,33.5370789680554,167.239606166936,26,0.9,1e-4,16,234.31820365752722
780,1.9141208123101e-4,0,0,0,0,0,0,0,0,0,0,29.8727123148295,29.8692329278444,179.3099476896,27,0.9,1e-4,16,239.05208434435514
810,1.7138422219785e-4,0,0,0,0,0,0,0,0,0,0,26.7446571387254,26.7417546369977,188.526914343207,28,0.9,1e-4,16,242.0134975031523
840,1.5448582366001e-4,0,0,0,0,0,0,0,0,0,0,24.105285477895,24.1028306948988,195.749489274691,29,0.9,1e-4,16,243.95775993330847
870,1.40225616886e-4,0,0,0,0,0,0,0,0,0,0,21.8780935659713,21.8759900257702,201.536562527907,30,0.9,1e-4,16,245.2907863452654
900,1.2812482411332e-4,0,0,0,0,0,0,0,0,0,0,19.9882077518892,19.9863836341918,206.264119659952,31,0.9,1e-4,16,246.23883917085712
930,1.1778072156419e-4,0,0,0,0,0,0,0,0,0,0,18.3727173591754,18.3711187069145,210.190311092575,32,0.9,1e-4,16,246.93426493938648
960,1.0886804807773e-4,0,0,0,0,0,0,0,0,0,0,16.9808066421837,16.9793923981498,213.497577692274,33,0.9,1e-4,16,247.45788560065557
990,1.0112851909376e-4,0,0,0,0,0,0,0,0,0,0,15.7721282234004,15.7708667055768,216.317937139766,34,0.9,1e-4,16,247.8610331972623
1020,9.43575563481425e-5,0,0,0,0,0,0,0,0,0,0,14.7147255264039,14.7135919466108,218.749029754159,35,0.9,1e-4,16,248.17744158473005
1050,8.83926299266503e-5,0,0,0,0,0,0,0,0,0,0,13.7832112288328,13.7821859357936,220.864464663595,36,0.9,1e-4,16,248.4299502208513
1080,8.31038430806196e-5,0,0,0,0,0,0,0,0,0,0,12.9572959348369,12.9563631573587,222.720688504289,37,0.9,1e-4,16,248.63443070032767
1110,7.83866255747757e-5,0,0,0,0,0,0,0,0,0,0,12.2206465646854,12.2197935012925,224.361649904933,38,0.9,1e-4,16,248.80216835753646
1140,7.41561415103958e-5,0,0,0,0,0,0,0,0,0,0,11.5600126721716,11.5592288230194,225.822036513955,39,0.9,1e-4,16,248.9413521652875
1170,7.03430258731135e-5,0,0,0,0,0,0,0,0,0,0,10.9645603932958,10.9638370634894,227.129565044387,40,0.9,1e-4,16,249.05803284419807
1200,6.68901283469799e-5,0,0,0,0,0,0,0,0,0,0,10.425363775747,10.4246937014442,228.306629977721,41,0.9,1e-4,16,249.15675434504055
1230,6.37500149262432e-5,0,0,0,0,0,0,0,0,0,0,9.93501450303106,9.93439156661512,229.371509531787,42,0.9,1e-4,16,249.24097935144812
1260,6.08830391512619e-5,0,0,0,0,0,0,0,0,0,0,9.48732060908575,9.48673961974892,230.339260649708,43,0.9,1e-4,16,249.3133817615818
1290,5.82558427835384e-5,0,0,0,0,0,0,0,0,0,0,9.07707227991941,9.07652880285138,231.22239205993,44,0.9,1e-4,16,249.37605139854358
1320,5.58401818586199e-5,0,0,0,0,0,0,0,0,0,0,8.69985848405235,8.69934870615468,232.03137663413,45,0.9,1e-4,16,249.43063966451888
1350,5.36120007893862e-5,0,0,0,0,0,0,0,0,0,0,8.35192235095079,8.35144297429202,232.775045807729,46,0.9,1e-4,16,249.4784647449726
1380,5.15506968437141e-5,0,0,0,0,0,0,0,0,0,0,8.03004628713759,8.02959444368898,233.460896369824,47,0.9,1e-4,16,249.52058865134742
1410,4.96385317520364e-5,0,0,0,0,0,0,0,0,0,0,7.73146007442517,7.73103325727595,234.095331391057,48,0.9,1e-4,16,249.55787436128986
1440,4.78601578228753e-5,0,0,0,0,0,0,0,0,0,0,7.45376685429329,7.45336286174097,234.683851121211,49,0.9,1e-4,16,249.5910286974031
1470,4.62022337965142e-5,0,0,0,0,0,0,0,0,0,0,7.19488312912773,7.19450001891159,235.231205504878,50,0.9,1e-4,16,249.6206348551511
1500,4.46531115023228e-5,0,0,0,0,0,0,0,0,0,0,6.95298982263626,6.95262587422496,235.741516978577,51,0.9,1e-4,16,249.64717732854973
1530,4.32025787479764e-5,0,0,0,0,0,0,0,0,0,0,6.72649212328639,6.72614580660816,236.218380057969,52,0.9,1e-4,16,249.6710611904423
1560,4.18416471512872e-5,0,0,0,0,0,0,0,0,0,0,6.51398634737173,6.51365629673404,236.664942651392,53,0.9,1e-4,16,249.69262713714494
1590,4.05623761111326e-5,0,0,0,0,0,0,0,0,0,0,6.31423244661334,6.3139174388306,237.083972876683,54,0.9,1e-4,16,249.71216332450305
1620,3.93577260086617e-5,0,0,0,0,0,0,0,0,0,0,6.12613108116592,6.12583001712015,237.477914295393,55,0.9,1e-4,16,249.72991475140506
1650,3.82214351834437e-5,0,0,0,0,0,0,0,0,0,0,5.94870440593666,5.94841629495574,237.848931830419,56,0.9,1e-4,16,249.74609075274657
1680,3.71479163512749e-5,0,0,0,0,0,0,0,0,0,0,5.78107989339145,5.78080383995253,238.198950142189,57,0.9,1e-4,16,249.76087102344934
1710,3.61321690018995e-5,0,0,0,0,0,0,0,0,0,0,5.62247665215607,5.62221184451805,238.529685863708,58,0.9,1e-4,16,249.77441049255114
1740,3.51697049959029e-5,0,0,0,0,0,0,0,0,0,0,5.47219380709079,5.47193950753521,238.84267480642,59,0.9,1e-4,16,249.786843290751
1770,3.42564851152384e-5,0,0,0,0,0,0,0,0,0,0,5.32960059011269,5.32935612653203,239.139295025344,60,0.9,1e-4,16,249.79828599847386
1800,3.33888647448144e-5,0,0,0,0,0,0,0,0,0,0,5.19412785710484,5.19389261572482,239.420786457642,61,0.9,1e-4,16,249.8088403193364
1830,3.25635471986484e-5,0,0,0,0,0,0,0,0,0,0,5.0652607987439104,5.06503421780415,239.688267711851,62,0.9,1e-4,16,249.81859529194628
1860,3.17775434725097e-5,0,0,0,0,0,0,0,0,0,0,4.94253265500241,4.94231421925049,239.942750476893,63,0.9,1e-4,16,249.82762912868938
1890,3.10281374204365e-5,0,0,0,0,0,0,0,0,0,0,4.82551927673392,4.82530851261234,240.185151933991,64,0.9,1e-4,16,249.83601075147467
1920,3.03128555262889e-5,0,0,0,0,0,0,0,0,0,0,4.71383440489257,4.71363087631828,240.416305485987,65,0.9,1e-4,16,249.8438010800534
1950,2.96294405823212e-5,0,0,0,0,0,0,0,0,0,0,4.607125559931,4.6069288645836,240.636970063342,66,0.9,1e-4,16,249.8510541172972
1980,2.89758287013648e-5,0,0,0,0,0,0,0,0,0,0,4.50507045182272,4.50488021787049,240.84783822159,67,0.9,1e-4,16,249.85781786711192
0,250,0,0,0,0,0,0,0,0,0,0,0,0,0,1,0.9,1e-4,6,250
30,250.000322400697,0,0,0,0,0,0,0,0,0,0,0,0,0,2,0.9,1e-4,6,250.000322400697
60,250.000090984018,0,0,0,0,0,0,0,0,0,0,0,0,0,3,0.9,1e-4,6,250.000090984018
90,250.000018876751,0,0,0,0,0,0,0,0,0,0,0,0,0,4,0.9,1e-4,6,250.000018876751
120,214.427665179771,0,0,0,0,0,0,0,0,0,0,42.3005267796185,42.3005267796185,0.0100330905771572,5,0.9,1e-4,6,299.0387518295852
150,133.943855080312,0,0,0,0,0,0,0,0,0,0,73.295909736413,73.2947187414495,0.0322846110491391,6,0.9,1e-4,6,280.5667681692236
180,79.5643578594567,0,0,0,0,0,0,0,0,0,0,81.7506549456004,81.7481310786034,0.0682924426557259,7,0.9,1e-4,6,243.13143632631622
210,43.9342966562696,0,0,0,0,0,0,0,0,0,0,79.4427789282388,79.4395145361269,0.125551456041072,8,0.9,1e-4,6,202.94214157667636
240,21.5277551132072,0,0,0,0,0,0,0,0,0,0,71.05581079983,71.0526010171102,0.216321874914579,9,0.9,1e-4,6,163.852488805062
270,8.90198891909736,0,0,0,0,0,0,0,0,0,0,59.9680035426472,59.9654917420532,0.361534174678697,10,0.9,1e-4,6,129.19701837847646
300,4.55065134349519,0,0,0,0,0,0,0,0,0,0,23.9837112529747,23.9808832040068,0.526478566583999,11,0.9,1e-4,6,53.04172436706069
330,3.71134409949521,0,0,0,0,0,0,0,0,0,0,20.7625076523916,20.7589673606739,2.05054525638966,12,0.9,1e-4,6,47.28336436895037
360,4.83734453069666,0,0,0,0,0,0,0,0,0,0,25.1610430432465,25.156453256936,7.01293099990598,13,0.9,1e-4,6,62.16777183078514
390,6.8530697369256,0,0,0,0,0,0,0,0,0,0,34.3559651553773,34.3497500499645,23.1946142662243,14,0.9,1e-4,6,98.7533992084917
420,8.75640441506392,0,0,0,0,0,0,0,0,0,0,42.2106015659429,42.2032259645415,52.6397819701508,15,0.9,1e-4,6,145.81001391569913
450,9.46955088115442,0,0,0,0,0,0,0,0,0,0,44.217890686772,44.210640292325,86.9342962510936,16,0.9,1e-4,6,184.83237811134504
480,9.16481723480233,0,0,0,0,0,0,0,0,0,0,41.7240110550918,41.7177139475247,117.394169909177,17,0.9,1e-4,6,210.00071214659582
510,8.44653202097192,0,0,0,0,0,0,0,0,0,0,37.6792719990425,37.6740705834466,141.003823410334,18,0.9,1e-4,6,224.803698013795
540,7.63517969009427,0,0,0,0,0,0,0,0,0,0,33.5006020599983,33.4963585063192,158.74680720357,19,0.9,1e-4,6,233.37894745998176
570,6.8759119730661,0,0,0,0,0,0,0,0,0,0,29.7562674668696,29.7527845391432,172.109189334184,20,0.9,1e-4,6,238.4941533132629
600,6.20817487247701,0,0,0,0,0,0,0,0,0,0,26.5537781526143,26.5508837483148,182.368561431967,21,0.9,1e-4,6,241.6813982053731
630,5.63414670561327,0,0,0,0,0,0,0,0,0,0,23.8555101342731,23.8530709588946,190.417732337168,22,0.9,1e-4,6,243.76046013594896
660,5.14333632268277,0,0,0,0,0,0,0,0,0,0,21.5841899216817,21.5821064841674,196.865189988075,23,0.9,1e-4,6,245.17482271660688
690,4.72286678614867,0,0,0,0,0,0,0,0,0,0,19.662995956806,19.6611943492771,202.125815405827,24,0.9,1e-4,6,246.17287249805878
720,4.36078731691331,0,0,0,0,0,0,0,0,0,0,18.0262210883985,18.0246459915177,206.487899411216,25,0.9,1e-4,6,246.8995538080455
750,4.04696872615219,0,0,0,0,0,0,0,0,0,0,16.6206417337529,16.6192512230856,210.156122182084,26,0.9,1e-4,6,247.4429838650747
780,3.77311781393671,0,0,0,0,0,0,0,0,0,0,15.403969157309,15.402731013189,213.278976189749,27,0.9,1e-4,6,247.85879417418369
810,3.53253111630553,0,0,0,0,0,0,0,0,0,0,14.342760853755,14.3416499654625,215.966370874672,28,0.9,1e-4,6,248.18331281019505
840,3.31980466658501,0,0,0,0,0,0,0,0,0,0,13.4105118645863,13.4095083976941,218.30115583055,29,0.9,1e-4,6,248.4409807594154
870,3.13057203279831,0,0,0,0,0,0,0,0,0,0,12.5860995279319,12.5851876178682,220.346820819756,30,0.9,1e-4,6,248.64867999835442
900,2.9612880574837,0,0,0,0,0,0,0,0,0,0,11.8525710849285,11.8517378942311,222.152748893383,31,0.9,1e-4,6,248.8183459300263
930,2.80905689626569,0,0,0,0,0,0,0,0,0,0,11.1962152031034,11.1954502321892,223.757870796675,32,0.9,1e-4,6,248.9585931282333
960,2.67149743937332,0,0,0,0,0,0,0,0,0,0,10.6058547657993,10.6051493424512,225.193253676849,33,0.9,1e-4,6,249.07575522447283
990,2.54663856710937,0,0,0,0,0,0,0,0,0,0,10.0723077549781,10.0716546513925,226.483965723681,34,0.9,1e-4,6,249.17456669716097
1020,2.43283762622702,0,0,0,0,0,0,0,0,0,0,9.58797457402465,9.58736771605904,227.65044003324,35,0.9,1e-4,6,249.2586199495507
1050,2.32871678798348,0,0,0,0,0,0,0,0,0,0,9.14652029069992,9.14595453459559,228.70948636615,36,0.9,1e-4,6,249.330677979429
1080,2.23311313189069,0,0,0,0,0,0,0,0,0,0,8.74262830060836,8.74209925968491,229.675051524753,37,0.9,1e-4,6,249.39289221693696
1110,2.14503927466069,0,0,0,0,0,0,0,0,0,0,8.37180797951024,8.37131188829425,230.558797704774,38,0.9,1e-4,6,249.4469568472392
1140,2.06365212744162,0,0,0,0,0,0,0,0,0,0,8.03024339074374,8.02977699744309,231.37054730387,39,0.9,1e-4,6,249.49421981949845
1170,1.98822794758919,0,0,0,0,0,0,0,0,0,0,7.71467342014735,7.71423390080884,232.11862855763,40,0.9,1e-4,6,249.53576382617538
1200,1.91814229143553,0,0,0,0,0,0,0,0,0,0,7.42229613619976,7.42188102561334,232.810146690428,41,0.9,1e-4,6,249.57246614367665
1230,1.85285380535641,0,0,0,0,0,0,0,0,0,0,7.15069195533922,7.15029909099337,233.451198530975,42,0.9,1e-4,6,249.605043382664
1260,1.79189104099141,0,0,0,0,0,0,0,0,0,0,6.89776150719515,6.89738898349004,234.047043793411,43,0.9,1e-4,6,249.6340853250876
1290,1.73484166760111,0,0,0,0,0,0,0,0,0,0,6.66167506939369,6.6613211999812,234.602242836078,44,0.9,1e-4,6,249.660080773054
1320,1.68134359594405,0,0,0,0,0,0,0,0,0,0,6.44083116880136,6.44049445541259,235.120768264653,45,0.9,1e-4,6,249.683437484811
1350,1.63107763538875,0,0,0,0,0,0,0,0,0,0,6.23382249191985,6.23350159840793,235.606095962256,46,0.9,1e-4,6,249.70449768797255
1380,1.58376138786557,0,0,0,0,0,0,0,0,0,0,6.03940765952555,6.03910139012955,236.061279814642,47,0.9,1e-4,6,249.72355025216268
1410,1.5391441450818,0,0,0,0,0,0,0,0,0,0,5.8564877342334,5.85619501527992,236.489013420675,48,0.9,1e-4,6,249.74084031527013
1440,1.49700260388027,0,0,0,0,0,0,0,0,0,0,5.68408656966766,5.68380643408929,236.891681344369,49,0.9,1e-4,6,249.7565769520062
1470,1.45713725221061,0,0,0,0,0,0,0,0,0,0,5.52133429478053,5.52106586895522,237.271401909215,50,0.9,1e-4,6,249.77093932516135
1500,1.41936930750441,0,0,0,0,0,0,0,0,0,0,5.36745337012706,5.36719586264014,237.630063111646,51,0.9,1e-4,6,249.7840816519176
1530,1.38353811224301,0,0,0,0,0,0,0,0,0,0,5.22174676461087,5.22149945661793,237.969352904686,52,0.9,1e-4,6,249.7961372381578
1560,1.34949890964325,0,0,0,0,0,0,0,0,0,0,5.08358788882185,5.08335012575115,238.290784850485,53,0.9,1e-4,6,249.80722177470125
1590,1.31712093676287,0,0,0,0,0,0,0,0,0,0,4.95241199018279,4.9521831745633,238.595719943821,54,0.9,1e-4,6,249.81743604532994
1620,1.28628578378247,0,0,0,0,0,0,0,0,0,0,4.82770876991468,4.82748835515448,238.885385254306,55,0.9,1e-4,6,249.82686816315763
1650,1.25688597739317,0,0,0,0,0,0,0,0,0,0,4.70901602550995,4.70880351048035,239.160889913261,56,0.9,1e-4,6,249.83559542664446
1680,1.22882375359853,0,0,0,0,0,0,0,0,0,0,4.59591415740074,4.59570908170589,239.423238874468,57,0.9,1e-4,6,249.84368586717318
1710,1.20200999120494,0,0,0,0,0,0,0,0,0,0,4.48802140668586,4.48782334651818,239.673344800833,58,0.9,1e-4,6,249.851199545242
1740,1.17636328211674,0,0,0,0,0,0,0,0,0,0,4.38498971357349,4.38479827807131,239.912038366952,59,0.9,1e-4,6,249.85818964071353
1770,1.15180911850232,0,0,0,0,0,0,0,0,0,0,4.28650110471798,4.2863159327552,240.140077217618,60,0.9,1e-4,6,249.8647033735935
1800,1.12827918013091,0,0,0,0,0,0,0,0,0,0,4.19226453274391,4.19208529009268,240.358153781706,61,0.9,1e-4,6,249.87078278467348
1830,1.10571070783817,0,0,0,0,0,0,0,0,0,0,4.10201310363887,4.10183948045524,240.566902107918,62,0.9,1e-4,6,249.87646539985028
1860,1.08404595127331,0,0,0,0,0,0,0,0,0,0,4.01550163788939,4.01533334647953,240.766903861795,63,0.9,1e-4,6,249.8817847974372
1890,1.06323168089807,0,0,0,0,0,0,0,0,0,0,3.93250451965465,3.93234129248541,240.95869360125,64,0.9,1e-4,6,249.88677109428812
1920,1.04321875571933,0,0,0,0,0,0,0,0,0,0,3.85281379525444,3.85265538317749,241.142763429569,65,0.9,1e-4,6,249.89145136372025
1950,1.02396173949837,0,0,0,0,0,0,0,0,0,0,3.77623748805771,3.77608365872059,241.319567109626,66,0.9,1e-4,6,249.89584999590267
1980,1.0054185592354,0,0,0,0,0,0,0,0,0,0,3.70259810170951,3.70244863813101,241.489523710514,67,0.9,1e-4,6,249.89998900958992
0,250,0,0,0,0,0,0,0,0,0,0,0,0,0,1,0.9,1e-4,7,250
30,250.000322400697,0,0,0,0,0,0,0,0,0,0,0,0,0,2,0.9,1e-4,7,250.000322400697
60,250.000090984018,0,0,0,0,0,0,0,0,0,0,0,0,0,3,0.9,1e-4,7,250.000090984018
90,250.000018876751,0,0,0,0,0,0,0,0,0,0,0,0,0,4,0.9,1e-4,7,250.000018876751
120,214.427665179771,0,0,0,0,0,0,0,0,0,0,42.3005267796185,42.3005267796185,0.0100330905771572,5,0.9,1e-4,7,299.0387518295852
150,133.943855080312,0,0,0,0,0,0,0,0,0,0,73.295909736413,73.2947187414495,0.0322846110491391,6,0.9,1e-4,7,280.5667681692236
180,79.5643578594567,0,0,0,0,0,0,0,0,0,0,81.7506549456004,81.7481310786034,0.0682924426557259,7,0.9,1e-4,7,243.13143632631622
210,43.9342966562696,0,0,0,0,0,0,0,0,0,0,79.4427789282388,79.4395145361269,0.125551456041072,8,0.9,1e-4,7,202.94214157667636
240,21.5277551132072,0,0,0,0,0,0,0,0,0,0,71.05581079983,71.0526010171102,0.216321874914579,9,0.9,1e-4,7,163.852488805062
270,8.90198891909736,0,0,0,0,0,0,0,0,0,0,59.9680035426472,59.9654917420532,0.361534174678697,10,0.9,1e-4,7,129.19701837847646
300,2.95167267617252,0,0,0,0,0,0,0,0,0,0,49.646386877615,49.6448210515094,0.593371208459582,11,0.9,1e-4,7,102.8362518137565
330,1.25793491523132,0,0,0,0,0,0,0,0,0,0,14.0957612814671,14.0940906451529,0.769768315694456,12,0.9,1e-4,7,30.217555157545775
360,1.06984422968421,0,0,0,0,0,0,0,0,0,0,13.9163371223292,13.9138470903641,3.69810047652801,13,0.9,1e-4,7,32.59812891890552
390,2.10885956562006,0,0,0,0,0,0,0,0,0,0,25.4315579679982,25.4267368707261,14.5883195306001,14,0.9,1e-4,7,67.55547393494446
420,3.18571047568371,0,0,0,0,0,0,0,0,0,0,38.1848297792689,38.1777697523626,43.9718566126546,15,0.9,1e-4,7,123.52016661996981
450,3.6694806017284,0,0,0,0,0,0,0,0,0,0,43.2935533285673,43.2860146874238,82.3109080016487,16,0.9,1e-4,7,172.5599566193682
480,3.65942651549173,0,0,0,0,0,0,0,0,0,0,42.7206447496877,42.7138209628599,115.154721017316,17,0.9,1e-4,7,204.24861324535533
510,3.36225166869887,0,0,0,0,0,0,0,0,0,0,38.9173237097702,38.9116575769522,140.713656176435,18,0.9,1e-4,7,221.90488913185627
540,3.02421878505533,0,0,0,0,0,0,0,0,0,0,34.7678864916273,34.7632609952157,159.259245680882,19,0.9,1e-4,7,231.81461195278033
570,2.70404136685568,0,0,0,0,0,0,0,0,0,0,30.9135196637431,30.9097331384929,173.035207898822,20,0.9,1e-4,7,237.56250206791367
600,2.42504086381219,0,0,0,0,0,0,0,0,0,0,27.5937516211116,27.5906140781938,183.4708744182,21,0.9,1e-4,7,241.0802809813176
630,2.18721120032869,0,0,0,0,0,0,0,0,0,0,24.7871202524712,24.7844836678598,191.587746123215,22,0.9,1e-4,7,243.3465612438747
660,1.98558525741951,0,0,0,0,0,0,0,0,0,0,22.4227425402632,22.4204962427138,198.046285841535,23,0.9,1e-4,7,244.8751098819315
690,1.81416043378171,0,0,0,0,0,0,0,0,0,0,20.4227662392944,20.4208282194894,203.289323769937,24,0.9,1e-4,7,245.94707866250252
720,1.66753363228541,0,0,0,0,0,0,0,0,0,0,18.7193965552771,18.7177056143133,207.619344032249,25,0.9,1e-4,7,246.7239798341248
750,1.54120832577121,0,0,0,0,0,0,0,0,0,0,17.2572354274613,17.2557453293363,211.248708030387,26,0.9,1e-4,7,247.3028971129558
780,1.43155801206114,0,0,0,0,0,0,0,0,0,0,15.9921349136509,15.9908102288176,214.330109994085,27,0.9,1e-4,7,247.74461314861463
810,1.33568652348189,0,0,0,0,0,0,0,0,0,0,14.8891429732715,14.8879561630181,216.975780935552,28,0.9,1e-4,7,248.0885665953235
840,1.25128261399857,0,0,0,0,0,0,0,0,0,0,13.9205537978198,13.9194831623823,219.269837862871,29,0.9,1e-4,7,248.36115743707165
870,1.176494798949,0,0,0,0,0,0,0,0,0,0,13.0642935973836,13.0633218179933,221.276436090585,30,0.9,1e-4,7,248.5805463049109
900,1.10983101351078,0,0,0,0,0,0,0,0,0,0,12.302654541859,12.3017676319062,223.045276099032,31,0.9,1e-4,7,248.75952928630798
930,1.05008043190583,0,0,0,0,0,0,0,0,0,0,11.6213224874867,11.6205090279178,224.615404091624,32,0.9,1e-4,7,248.9073160389343
960,0.99625322647372,0,0,0,0,0,0,0,0,0,0,11.0086356089333,11.0078861833907,226.017886431688,33,0.9,1e-4,7,249.03066145048572
990,0.947534262320771,0,0,0,0,0,0,0,0,0,0,10.4550190999634,10.4543258720777,227.277725259944,34,0.9,1e-4,7,249.13460449430588
1020,0.903247429012259,0,0,0,0,0,0,0,0,0,0,9.95255253463089,9.95190892778553,228.415252914481,35,0.9,1e-4,7,249.22296180590968
1050,0.862828040514789,0,0,0,0,0,0,0,0,0,0,9.49463687788402,9.49403732978649,229.447162041238,36,0.9,1e-4,7,249.2986642894233
1080,0.825801352742249,0,0,0,0,0,0,0,0,0,0,9.0757364772905,9.0751762498223,230.387276931105,37,0.9,1e-4,7,249.36399101096004
1110,0.791765733205476,0,0,0,0,0,0,0,0,0,0,8.69117771904705,8.69065274943676,231.247138309753,38,0.9,1e-4,7,249.4207345114423
1140,0.76037938521547,0,0,0,0,0,0,0,0,0,0,8.33699075398548,8.33649753721282,232.036451801786,39,0.9,1e-4,7,249.47031947819977
1170,0.731349803788048,0,0,0,0,0,0,0,0,0,0,8.0097841755204,8.00931967056911,232.763435507406,40,0.9,1e-4,7,249.51388915728356
1200,0.70442534419357,0,0,0,0,0,0,0,0,0,0,7.70664508303925,7.70620663753902,233.435092041017,41,0.9,1e-4,7,249.5523691057888
1230,0.679388435134367,0,0,0,0,0,0,0,0,0,0,7.42505883935637,7.42464412853449,234.057423395484,42,0.9,1e-4,7,249.58651479850923
1260,0.656050080700366,0,0,0,0,0,0,0,0,0,0,7.16284421382026,7.16245119068452,234.635602092667,43,0.9,1e-4,7,249.61694757787214
1290,0.634245378876456,0,0,0,0,0,0,0,0,0,0,6.9181006277488,6.91772748215693,235.174108595889,44,0.9,1e-4,7,249.6441820846712
1320,0.613829847027368,0,0,0,0,0,0,0,0,0,0,6.68916498309982,6.68881010791411,235.676842453475,45,0.9,1e-4,7,249.6686473915163
1350,0.594676391989243,0,0,0,0,0,0,0,0,0,0,6.47457612861039,6.47423809154173,236.147212819817,46,0.9,1e-4,7,249.69070343195838
1380,0.576672798173025,0,0,0,0,0,0,0,0,0,0,6.27304545052832,6.27272297058007,236.588212661129,47,0.9,1e-4,7,249.71065388041043
1410,0.559719634365305,0,0,0,0,0,0,0,0,0,0,6.083432404049,6.08312433170325,237.002479959395,48,0.9,1e-4,7,249.72875632951255
1440,0.54372850084267,0,0,0,0,0,0,0,0,0,0,5.90472405321811,5.90442935368549,237.392348483951,49,0.9,1e-4,7,249.74523039169728
1470,0.528620554571865,0,0,0,0,0,0,0,0,0,0,5.73601788077806,5.73573561976959,237.759890138252,50,0.9,1e-4,7,249.7602641933715
1500,0.514325262813945,0,0,0,0,0,0,0,0,0,0,5.57650727948858,5.57623661107479,238.106950461423,51,0.9,1e-4,7,249.77401961480032
1530,0.500779345249972,0,0,0,0,0,0,0,0,0,0,5.42546925338561,5.42520940959251,238.43517853595,52,0.9,1e-4,7,249.7866365441781
1560,0.487925872443527,0,0,0,0,0,0,0,0,0,0,5.28225394910447,5.28200423096127,238.746052299065,53,0.9,1e-4,7,249.79823635157427
1590,0.475713494535488,0,0,0,0,0,0,0,0,0,0,5.1462757096508,5.14603547945718,239.04090005789,54,0.9,1e-4,7,249.80892474153347
1620,0.464095778894874,0,0,0,0,0,0,0,0,0,0,5.01700540027876,5.0167740749007,239.320918853677,55,0.9,1e-4,7,249.81879410775133
1650,0.453030639303447,0,0,0,0,0,0,0,0,0,0,4.89396380177334,4.89374084681047,239.58719019856,56,0.9,1e-4,7,249.82792548644724
1680,0.442479842343318,0,0,0,0,0,0,0,0,0,0,4.77671590298582,4.77650082767998,239.840693611452,57,0.9,1e-4,7,249.83639018446112
1710,0.432408579148756,0,0,0,0,0,0,0,0,0,0,4.66486595388795,4.66465830666447,240.082318302689,58,0.9,1e-4,7,249.8442511423902
1740,0.422785092701207,0,0,0,0,0,0,0,0,0,0,4.55805316419743,4.5578525287488,240.312873295099,59,0.9,1e-4,7,249.85156408074644
1770,0.413580352487957,0,0,0,0,0,0,0,0,0,0,4.45594795194955,4.45575394378522,240.53309621941,60,0.9,1e-4,7,249.85837846763272
1800,0.404767769685577,0,0,0,0,0,0,0,0,0,0,4.35824866215279,4.35806092555135,240.743660981516,61,0.9,1e-4,7,249.8647383389057
1830,0.396322947129204,0,0,0,0,0,0,0,0,0,0,4.26467868858159,4.26449689389107,240.945184466322,62,0.9,1e-4,7,249.87068299592386
1860,0.388223459234451,0,0,0,0,0,0,0,0,0,0,4.17498394238296,4.17480778362346,241.138232416005,63,0.9,1e-4,7,249.87624760124586
1890,0.38044865778763,0,0,0,0,0,0,0,0,0,0,4.08893061994696,4.08875981267641,241.323324598556,64,0.9,1e-4,7,249.88146368896702
1920,0.372979500141362,0,0,0,0,0,0,0,0,0,0,4.00630322976338,4.0061375091732,241.500939364245,65,0.9,1e-4,7,249.88635960332294
1950,0.36579839687019,0,0,0,0,0,0,0,0,0,0,3.9269028440376,3.92674196324951,241.67151767271,66,0.9,1e-4,7,249.8909608768673
1980,0.358889076373268,0,0,0,0,0,0,0,0,0,0,3.85054554588929,3.85038927442877,241.8354666608,67,0.9,1e-4,7,249.89529055749134
0,250,0,0,0,0,0,0,0,0,0,0,0,0,0,1,0.9,1e-4,8,250
30,250.000322400697,0,0,0,0,0,0,0,0,0,0,0,0,0,2,0.9,1e-4,8,250.000322400697
60,250.000090984018,0,0,0,0,0,0,0,0,0,0,0,0,0,3,0.9,1e-4,8,250.000090984018
90,250.000018876751,0,0,0,0,0,0,0,0,0,0,0,0,0,4,0.9,1e-4,8,250.000018876751
120,214.427665179771,0,0,0,0,0,0,0,0,0,0,42.3005267796185,42.3005267796185,0.0100330905771572,5,0.9,1e-4,8,299.0387518295852
150,133.943855080312,0,0,0,0,0,0,0,0,0,0,73.295909736413,73.2947187414495,0.0322846110491391,6,0.9,1e-4,8,280.5667681692236
180,79.5643578594567,0,0,0,0,0,0,0,0,0,0,81.7506549456004,81.7481310786034,0.0682924426557259,7,0.9,1e-4,8,243.13143632631622
210,43.9342966562696,0,0,0,0,0,0,0,0,0,0,79.4427789282388,79.4395145361269,0.125551456041072,8,0.9,1e-4,8,202.94214157667636
240,21.5277551132072,0,0,0,0,0,0,0,0,0,0,71.05581079983,71.0526010171102,0.216321874914579,9,0.9,1e-4,8,163.852488805062
270,8.90198891909736,0,0,0,0,0,0,0,0,0,0,59.9680035426472,59.9654917420532,0.361534174678697,10,0.9,1e-4,8,129.19701837847646
300,2.95167267617252,0,0,0,0,0,0,0,0,0,0,49.646386877615,49.6448210515094,0.593371208459582,11,0.9,1e-4,8,102.8362518137565
330,0.773856453091131,0,0,0,0,0,0,0,0,0,0,42.7917564619666,42.7909285181892,0.957339048241624,12,0.9,1e-4,8,87.31388048148855
360,0.327735311412054,0,0,0,0,0,0,0,0,0,0,10.4619000189153,10.4606191062977,1.08252909704087,13,0.9,1e-4,8,22.332783533665925
390,0.326370008091985,0,0,0,0,0,0,0,0,0,0,12.9290633164039,12.9266633804212,6.50068705079423,14,0.9,1e-4,8,32.68278375571131
420,0.802308123388801,0,0,0,0,0,0,0,0,0,0,29.1975575417636,29.1919425029574,25.2257191237113,15,0.9,1e-4,8,84.4175272918211
450,1.13337702222033,0,0,0,0,0,0,0,0,0,0,41.6408987810956,41.6332406143411,62.0860920515582,16,0.9,1e-4,8,146.49360846921522
480,1.1794369686552,0,0,0,0,0,0,0,0,0,0,43.0299669162335,43.0226283177011,101.838392058042,17,0.9,1e-4,8,189.0704242606318
510,1.1304556881145,0,0,0,0,0,0,0,0,0,0,41.1403478320315,41.1339701290127,130.767015682786,18,0.9,1e-4,8,214.1717893319447
540,1.01750706814479,0,0,0,0,0,0,0,0,0,0,36.931808736848,36.9265948552514,152.675111878439,19,0.9,1e-4,8,227.55102253868318
570,0.908646934177128,0,0,0,0,0,0,0,0,0,0,32.915176423001,32.9109205293643,168.354416997675,20,0.9,1e-4,8,235.08916088421742
600,0.81086639168606,0,0,0,0,0,0,0,0,0,0,29.3232790755484,29.3197764172046,180.090595252994,21,0.9,1e-4,8,239.54451713743308
630,0.727497276525451,0,0,0,0,0,0,0,0,0,0,26.2705132448404,26.2675903499378,189.072542694987,22,0.9,1e-4,8,242.33814356629065
660,0.657014096760812,0,0,0,0,0,0,0,0,0,0,23.6954797198337,23.6930059463242,196.135317878319,23,0.9,1e-4,8,244.18081764123772
690,0.59740742156197,0,0,0,0,0,0,0,0,0,0,21.5217670735466,21.5196455098588,201.811225654814,24,0.9,1e-4,8,245.45004565978135
720,0.54671680941567,0,0,0,0,0,0,0,0,0,0,19.6759581063041,19.6741168206713,206.459646476672,25,0.9,1e-4,8,246.35643821306306
750,0.503294572270289,0,0,0,0,0,0,0,0,0,0,18.0968130588834,18.0951980711308,210.328309740342,26,0.9,1e-4,8,247.0236154426265
780,0.465808612839352,0,0,0,0,0,0,0,0,0,0,16.7350453603638,16.7336156013176,213.592969271432,27,0.9,1e-4,8,247.52743884595276
810,0.43319878254467,0,0,0,0,0,0,0,0,0,0,15.5515556419476,15.5502794098815,216.381274366855,28,0.9,1e-4,8,247.91630820122876
840,0.404623410449151,0,0,0,0,0,0,0,0,0,0,14.5153769262069,14.5142294033323,218.787930212241,29,0.9,1e-4,8,248.22215995222936
870,0.379412217084259,0,0,0,0,0,0,0,0,0,0,13.6018954312744,13.6008569294241,220.884528454827,30,0.9,1e-4,8,248.46669303260975
900,0.357028275372234,0,0,0,0,0,0,0,0,0,0,12.7914255163347,12.7904802232696,222.726098776207,31,0.9,1e-4,8,248.66503279118353
930,0.337038411287663,0,0,0,0,0,0,0,0,0,0,12.0681068143566,12.0672418859415,224.355575674326,32,0.9,1e-4,8,248.82796278591175
960,0.319090491300131,0,0,0,0,0,0,0,0,0,0,11.4190611759063,11.418266069811,225.806908592371,33,0.9,1e-4,8,248.96332632938842
990,0.302896059842735,0,0,0,0,0,0,0,0,0,0,10.8337500417652,10.833016021938,227.107268708835,34,0.9,1e-4,8,249.07693083238092
1020,0.288217044789236,0,0,0,0,0,0,0,0,0,0,10.3034834948813,10.302803258338,228.278641838974,35,0.9,1e-4,8,249.17314563698255
1050,0.274855532161802,0,0,0,0,0,0,0,0,0,0,9.82104335439832,9.82041074675673,229.338996286613,36,0.9,1e-4,8,249.25530591992984
1080,0.262645854258972,0,0,0,0,0,0,0,0,0,0,9.38039199735923,9.37980179356822,230.303151344247,37,0.9,1e-4,8,249.32599098943342
1110,0.251448426346269,0,0,0,0,0,0,0,0,0,0,8.97644583595643,8.97589356949267,231.183431653617,38,0.9,1e-4,8,249.38721948541237
1140,0.241144911374514,0,0,0,0,0,0,0,0,0,0,8.60489781214007,8.60437964064586,231.99016617232,39,0.9,1e-4,8,249.44058853648042
1170,0.231634399372664,0,0,0,0,0,0,0,0,0,0,8.26207728653885,8.26158988515189,232.732072877493,40,0.9,1e-4,8,249.4873744485564
1200,0.222830367202966,0,0,0,0,0,0,0,0,0,0,7.944838648461,7.94437912439948,233.416558419296,41,0.9,1e-4,8,249.52860655935945
1230,0.214658242582087,0,0,0,0,0,0,0,0,0,0,7.65047213998189,7.6500379635988,234.049953748628,42,0.9,1e-4,8,249.56512209479078
1260,0.207053439238127,0,0,0,0,0,0,0,0,0,0,7.3766319821171,7.37622093082901,234.637701037472,43,0.9,1e-4,8,249.59760738965625
1290,0.199959761912391,0,0,0,0,0,0,0,0,0,0,7.12127807067153,7.1208881830357,235.184503181277,44,0.9,1e-4,8,249.62662919689663
1320,0.193328103630639,0,0,0,0,0,0,0,0,0,0,6.88262838651912,6.88225792437307,235.694444292639,45,0.9,1e-4,8,249.65265870716183
1350,0.187115375437088,0,0,0,0,0,0,0,0,0,0,6.65911992131187,6.65876733836566,236.171087513043,46,0.9,1e-4,8,249.6760901481576
1380,0.18128362217991,0,0,0,0,0,0,0,0,0,0,6.44937641371907,6.44904032934794,236.617554947189,47,0.9,1e-4,8,249.6972553124359
1410,0.175799288099869,0,0,0,0,0,0,0,0,0,0,6.25218156574362,6.25186074299934,237.036593400637,48,0.9,1e-4,8,249.71643499747984
1440,0.170632603733595,0,0,0,0,0,0,0,0,0,0,6.06645669427674,6.06615002134239,237.430628763827,49,0.9,1e-4,8,249.73386808317971
1470,0.165757071605368,0,0,0,0,0,0,0,0,0,0,5.89124199231157,5.89094846678382,237.801811255629,50,0.9,1e-4,8,249.74975878632975
1500,0.161149032791271,0,0,0,0,0,0,0,0,0,0,5.72568074361701,5.72539945912258,238.152053261863,51,0.9,1e-4,8,249.76428249739385
1530,0.156787300025341,0,0,0,0,0,0,0,0,0,0,5.56900596632591,5.56873610107554,238.483061139057,52,0.9,1e-4,8,249.77759050648382
1560,0.1526528458231,0,0,0,0,0,0,0,0,0,0,5.42052906382951,5.42026987078792,238.7963620725,53,0.9,1e-4,8,249.7898138529405
1590,0.148728536305656,0,0,0,0,0,0,0,0,0,0,5.27963014232099,5.27938094073125,239.093326859496,54,0.9,1e-4,8,249.8010664788539
1620,0.144998903154561,0,0,0,0,0,0,0,0,0,0,5.14574971834451,5.14550988639261,239.375189318365,55,0.9,1e-4,8,249.81144782625668
1650,0.141449947517308,0,0,0,0,0,0,0,0,0,0,5.01838159059955,5.01815055904294,239.643062889914,56,0.9,1e-4,8,249.8210449870738
1680,0.138068970794463,0,0,0,0,0,0,0,0,0,0,4.89706669092084,4.89684393753542,239.897954892188,57,0.9,1e-4,8,249.82993449143873
1710,0.134844428132329,0,0,0,0,0,0,0,0,0,0,4.78138776201837,4.78117280674288,240.140778805174,58,0.9,1e-4,8,249.83818380206756
1740,0.131765801165826,0,0,0,0,0,0,0,0,0,0,4.67096473592092,4.67075713659807,240.372364894789,59,0.9,1e-4,8,249.84585256847382
1770,0.128823487140987,0,0,0,0,0,0,0,0,0,0,4.56545070843666,4.56525005706641,240.59346943137,60,0.9,1e-4,8,249.85299368401408
1800,0.126008702022755,0,0,0,0,0,0,0,0,0,0,4.46452842234611,4.46433434178019,240.80478271417,61,0.9,1e-4,8,249.85965418031904
1830,0.12331339558345,0,0,0,0,0,0,0,0,0,0,4.36790718627414,4.36771932729189,241.006936077847,62,0.9,1e-4,8,249.86587598699649
1860,0.120730176787403,0,0,0,0,0,0,0,0,0,0,4.27532016787439,4.27513820658913,241.200508027996,63,0.9,1e-4,8,249.87169657924693
1890,0.118252248051297,0,0,0,0,0,0,0,0,0,0,4.18652200959439,4.18634564514728,241.386029629074,64,0.9,1e-4,8,249.87714953186696
1920,0.115873347178299,0,0,0,0,0,0,0,0,0,0,4.10128672326384,4.10111567576829,241.563989248518,65,0.9,1e-4,8,249.88226499472842
1950,0.113587695945739,0,0,0,0,0,0,0,0,0,0,4.01940582637155,4.01923983507696,241.734836744792,66,0.9,1e-4,8,249.88707010218624
1980,0.111389954477517,0,0,0,0,0,0,0,0,0,0,3.94068668841911,3.94052551006659,241.898987173709,67,0.9,1e-4,8,249.89158932667223
0,250,0,0,0,0,0,0,0,0,0,0,0,0,0,1,0.9,1e-4,9,250
30,250.000322400697,0,0,0,0,0,0,0,0,0,0,0,0,0,2,0.9,1e-4,9,250.000322400697
60,250.000090984018,0,0,0,0,0,0,0,0,0,0,0,0,0,3,0.9,1e-4,9,250.000090984018
90,250.000018876751,0,0,0,0,0,0,0,0,0,0,0,0,0,4,0.9,1e-4,9,250.000018876751
120,214.427665179771,0,0,0,0,0,0,0,0,0,0,42.3005267796185,42.3005267796185,0.0100330905771572,5,0.9,1e-4,9,299.0387518295852
150,133.943855080312,0,0,0,0,0,0,0,0,0,0,73.295909736413,73.2947187414495,0.0322846110491391,6,0.9,1e-4,9,280.5667681692236
180,79.5643578594567,0,0,0,0,0,0,0,0,0,0,81.7506549456004,81.7481310786034,0.0682924426557259,7,0.9,1e-4,9,243.13143632631622
210,43.9342966562696,0,0,0,0,0,0,0,0,0,0,79.4427789282388,79.4395145361269,0.125551456041072,8,0.9,1e-4,9,202.94214157667636
240,21.5277551132072,0,0,0,0,0,0,0,0,0,0,71.05581079983,71.0526010171102,0.216321874914579,9,0.9,1e-4,9,163.852488805062
270,8.90198891909736,0,0,0,0,0,0,0,0,0,0,59.9680035426472,59.9654917420532,0.361534174678697,10,0.9,1e-4,9,129.19701837847646
300,2.95167267617252,0,0,0,0,0,0,0,0,0,0,49.646386877615,49.6448210515094,0.593371208459582,11,0.9,1e-4,9,102.8362518137565
330,0.773856453091131,0,0,0,0,0,0,0,0,0,0,42.7917564619666,42.7909285181892,0.957339048241624,12,0.9,1e-4,9,87.31388048148855
360,0.185308449891117,0,0,0,0,0,0,0,0,0,0,40.0951373960526,40.0946052141936,1.52133338442633,13,0.9,1e-4,9,81.89638444456365
390,0.101267571315675,0,0,0,0,0,0,0,0,0,0,11.7751807259913,11.7736092418703,1.65764506793338,14,0.9,1e-4,9,25.307702607110656
420,0.106099801224041,0,0,0,0,0,0,0,0,0,0,15.5017197589574,15.498800467575,10.8207197390632,15,0.9,1e-4,9,41.92733976681964
450,0.24545252437844,0,0,0,0,0,0,0,0,0,0,32.9959149427469,32.9895818294479,35.6179325953328,16,0.9,1e-4,9,101.84888189190605
480,0.318990806675428,0,0,0,0,0,0,0,0,0,0,43.4659894523188,43.4581142068314,74.2584230954457,17,0.9,1e-4,9,161.50151756127133
510,0.314072036304213,0,0,0,0,0,0,0,0,0,0,42.6126184132865,42.6055062370204,112.495780124113,18,0.9,1e-4,9,198.0279768107241
540,0.295008585594689,0,0,0,0,0,0,0,0,0,0,40.0230742435898,40.0170155007579,138.737857659003,19,0.9,1e-4,9,219.07295598894538
570,0.263599703169405,0,0,0,0,0,0,0,0,0,0,35.7301989320347,35.7252679736853,158.557570366721,20,0.9,1e-4,9,230.27663697561042
600,0.234958233009727,0,0,0,0,0,0,0,0,0,0,31.8307428854733,31.8267108732714,172.78328416355,21,0.9,1e-4,9,236.67569615530442
630,0.209749208868646,0,0,0,0,0,0,0,0,0,0,28.4010407272963,28.397709407787,183.512144220229,22,0.9,1e-4,9,240.52064356418094
660,0.18840615627214,0,0,0,0,0,0,0,0,0,0,25.499912174747,25.4971202022205,191.784731199613,23,0.9,1e-4,9,242.97016973285264
690,0.170396350908679,0,0,0,0,0,0,0,0,0,0,23.05327598443,23.0509031936628,198.333950027408,24,0.9,1e-4,9,244.6085255564095
720,0.155161053206512,0,0,0,0,0,0,0,0,0,0,20.9845591042239,20.9825164656516,203.628217762505,25,0.9,1e-4,9,245.750454385587
750,0.142188271768585,0,0,0,0,0,0,0,0,0,0,19.2237544804593,19.2219757467853,207.986210828831,26,0.9,1e-4,9,246.57412932784416
780,0.131057259585647,0,0,0,0,0,0,0,0,0,0,17.7134461923793,17.7118814524419,211.629197273365,27,0.9,1e-4,9,247.18558217777186
810,0.121430993556649,0,0,0,0,0,0,0,0,0,0,16.407693257737,16.4063043717122,214.715256982549,28,0.9,1e-4,9,247.65068560555486
840,0.113042237132909,0,0,0,0,0,0,0,0,0,0,15.2700977831501,15.2688551818302,217.359927925799,29,0.9,1e-4,9,248.0119231279122
870,0.105679027492923,0,0,0,0,0,0,0,0,0,0,14.2718082886665,14.2706887272446,219.649417876946,30,0.9,1e-4,9,248.29759392035
900,0.0991724918460992,0,0,0,0,0,0,0,0,0,0,13.3898501843727,13.3888351508007,221.649228337613,31,0.9,1e-4,9,248.52708616463252
930,0.0933871991939839,0,0,0,0,0,0,0,0,0,0,12.6058062945809,12.6048808677596,223.409939751914,32,0.9,1e-4,9,248.71401411344848
960,0.0882137228775272,0,0,0,0,0,0,0,0,0,0,11.9048011114929,11.9039531310935,224.971179567997,33,0.9,1e-4,9,248.86814753346093
990,0.0835629582905316,0,0,0,0,0,0,0,0,0,0,11.2747255047634,11.2739449594405,226.3644004896,34,0.9,1e-4,9,248.99663391209444
1020,0.0793617865794346,0,0,0,0,0,0,0,0,0,0,10.7056455175406,10.7049240881554,227.61486184347,35,0.9,1e-4,9,249.10479323574543
1050,0.0755497552200776,0,0,0,0,0,0,0,0,0,0,10.1893500710307,10.1886807853378,228.7430664737,36,0.9,1e-4,9,249.1966470852886
1080,0.0720765234696868,0,0,0,0,0,0,0,0,0,0,9.71900306005949,9.71838002857486,229.76581876025801,37,0.9,1e-4,9,249.27527837236204
1110,0.0688998836712209,0,0,0,0,0,0,0,0,0,0,9.2888739863591,9.28829219808888,230.697014568146,38,0.9,1e-4,9,249.3430806362652
1140,0.0659842177853252,0,0,0,0,0,0,0,0,0,0,8.89412791649333,8.89358307932026,231.54823861118,39,0.9,1e-4,9,249.40193382477892
1170,0.0632992846815488,0,0,0,0,0,0,0,0,0,0,8.53066050305663,8.53014891781629,232.329221506203,40,0.9,1e-4,9,249.45333021175747
1200,0.0608192604049462,0,0,0,0,0,0,0,0,0,0,8.19496745762475,8.19448591786324,233.048193274152,41,0.9,1e-4,9,249.49846591004493
1230,0.0585219732479709,0,0,0,0,0,0,0,0,0,0,7.88404054406011,7.88358625556263,233.712159496985,42,0.9,1e-4,9,249.53830826985572
1260,0.0563882898814796,0,0,0,0,0,0,0,0,0,0,7.59528413022076,7.59485464590197,234.327119062833,43,0.9,1e-4,9,249.5736461288372
1290,0.0544016194394201,0,0,0,0,0,0,0,0,0,0,7.32644778810042,7.32604095493512,234.898237341173,44,0.9,1e-4,9,249.60512770364795
1320,0.0525475103386561,0,0,0,0,0,0,0,0,0,0,7.07557150806446,7.07518542353258,235.429985022227,45,0.9,1e-4,9,249.6332894641627
1350,0.0508133204940752,0,0,0,0,0,0,0,0,0,0,6.84094089423992,6.84057387034784,235.926250267045,46,0.9,1e-4,9,249.65857835212682
1380,0.0491879459978715,0,0,0,0,0,0,0,0,0,0,6.62105030889145,6.62070084227035,236.39042993751,47,0.9,1e-4,9,249.68136903466967
1410,0.0476615966594215,0,0,0,0,0,0,0,0,0,0,6.41457238689759,6.41423913380936,236.825504299217,48,0.9,1e-4,9,249.70197741658336
1440,0.0462256093299293,0,0,0,0,0,0,0,0,0,0,6.22033268567137,6.2200144410037,237.234098571165,49,0.9,1e-4,9,249.72067130717
1470,0.0448722918686318,0,0,0,0,0,0,0,0,0,0,6.0372884989824,6.03698417850583,237.618533934564,50,0.9,1e-4,9,249.73767890392085
1500,0.0435947920943827,0,0,0,0,0,0,0,0,0,0,5.86451106553409,5.86421969084227,237.980870038899,51,0.9,1e-4,9,249.75319558736976
1530,0.0423869872177159,0,0,0,0,0,0,0,0,0,0,5.70117055981548,5.70089124548419,238.322940606853,52,0.9,1e-4,9,249.7673893993704
1560,0.0412433901452682,0,0,0,0,0,0,0,0,0,0,5.54652337475216,5.5462553173428,238.646383405238,53,0.9,1e-4,9,249.78040548747822
1590,0.0401590697510596,0,0,0,0,0,0,0,0,0,0,5.39990130125463,5.39964376985864,238.952665591012,54,0.9,1e-4,9,249.79236973187633
1620,0.0391295827627753,0,0,0,0,0,0,0,0,0,0,5.2607022850576,5.26045461313401,239.243105240729,55,0.9,1e-4,9,249.80339172168337
1650,0.0381509153498466,0,0,0,0,0,0,0,0,0,0,5.12838250088963,5.12814407919263,239.51888971487,56,0.9,1e-4,9,249.8135672103021
1680,0.0372194328495011,0,0,0,0,0,0,0,0,0,0,5.00244953151297,5.00221980194255,239.78109138483,57,0.9,1e-4,9,249.82298015113503
1710,0.0363318363466645,0,0,0,0,0,0,0,0,0,0,4.88245647719498,4.88223492743175,240.030681152472,58,0.9,1e-4,9,249.8317043934454
1740,0.0354851250486034,0,0,0,0,0,0,0,0,0,0,4.76799685175557,4.76778301056514,240.268540114121,59,0.9,1e-4,9,249.83980510149033
1770,0.0346765635770893,0,0,0,0,0,0,0,0,0,0,4.65870014605396,4.65849357916433,240.495469658415,60,0.9,1e-4,9,249.84733994721037
1800,0.0339036534485509,0,0,0,0,0,0,0,0,0,0,4.5542279598454,4.55402826631701,240.712200237127,61,0.9,1e-4,9,249.85436011673798
1830,0.033164108133127,0,0,0,0,0,0,0,0,0,0,4.45427061930388,4.45407742832438,240.919399007351,62,0.9,1e-4,9,249.86091116311238
1860,0.0324558311821816,0,0,0,0,0,0,0,0,0,0,4.35854421090783,4.35835717895435,241.117676510382,63,0.9,1e-4,9,249.86703373142637
1890,0.0317768969949636,0,0,0,0,0,0,0,0,0,0,4.26678797340538,4.26660678172561,241.307592525546,64,0.9,1e-4,9,249.87276417767194
1920,0.0311255338620625,0,0,0,0,0,0,0,0,0,0,4.17876199867172,4.1785863510425,241.489661215146,65,0.9,1e-4,9,249.87813509872228
1950,0.030500108978811,0,0,0,0,0,0,0,0,0,0,4.09424519980829,4.09407482053627,241.66435565834,66,0.9,1e-4,9,249.8831757876634
1980,0.029899115167942,0,0,0,0,0,0,0,0,0,0,4.01303351110137,4.01286814323579,241.832111856742,67,0.9,1e-4,9,249.8879126262471
0,250,0,0,0,0,0,0,0,0,0,0,0,0,0,1,1.1,0,10,250
30,250.000322400697,0,0,0,0,0,0,0,0,0,0,0,0,0,2,1.1,0,10,250.000322400697
60,250.000090984018,0,0,0,0,0,0,0,0,0,0,0,0,0,3,1.1,0,10,250.000090984018
90,250.000018876751,0,0,0,0,0,0,0,0,0,0,0,0,0,4,1.1,0,10,250.000018876751
120,208.991052746489,0,0,0,0,0,0,0,0,0,0,50.1847732745374,50.1847732745374,0,5,1.1,0,10,309.3605992955638
150,119.949259970031,0,0,0,0,0,0,0,0,0,0,83.3562994149204,83.3562994149204,0,6,1.1,0,10,286.66185879987177
180,63.6833314279702,0,0,0,0,0,0,0,0,0,0,89.1102705786287,89.1102705786287,0,7,1.1,0,10,241.9038725852276
210,30.2749308002407,0,0,0,0,0,0,0,0,0,0,82.7408535448458,82.7408535448458,0,8,1.1,0,10,195.7566378899323
240,12.126383416521,0,0,0,0,0,0,0,0,0,0,71.0484290120287,71.0484290120287,0,9,1.1,0,10,154.22324144057842
270,3.81913031997747,0,0,0,0,0,0,0,0,0,0,59.0262650012918,59.0262650012918,0,10,1.1,0,10,121.87166032256107
300,0.874204284584357,0,0,0,0,0,0,0,0,0,0,50.3371510607706,50.3371510607706,0,11,1.1,0,10,101.54850640612555
330,0.137400046363619,0,0,0,0,0,0,0,0,0,0,46.0211618430513,46.0211618430513,0,12,1.1,0,10,92.17972373246623
360,0.0153921785919547,0,0,0,0,0,0,0,0,0,0,44.6437847862713,44.6437847862713,0,13,1.1,0,10,89.30296175113455
390,0.00138496632291612,0,0,0,0,0,0,0,0,0,0,44.3641551871066,44.3641551871066,0,14,1.1,0,10,88.72969534053611
420,1.3357100366429e-4,0,0,0,0,0,0,0,0,0,0,2.62419209904741,2.62419209904741,0,15,1.1,0,10,5.248517769098484
450,2.06927976124755e-5,0,0,0,0,0,0,0,0,0,0,0.156870637731383,0.156870637731383,0,16,1.1,0,10,0.31376196826037844
480,2.47952340905734e-6,0,0,0,0,0,0,0,0,0,0,0.00970831322381448,0.00970831322381448,0,17,1.1,0,10,0.01941910597103802
510,2.27967010480341e-7,0,0,0,0,0,0,0,0,0,0,6.284409516939e-4,6.284409516939e-4,0,18,1.1,0,10,0.0012571098703982803
540,1.85432967594447e-8,0,0,0,0,0,0,0,0,0,0,4.21839885884803e-5,4.21839885884803e-5,0,19,1.1,0,10,8.438652047372005e-5
570,1.4172371382802601e-9,0,0,0,0,0,0,0,0,0,0,2.90331850616492e-6,2.90331850616492e-6,0,20,1.1,0,10,5.80805424946812e-6
600,1.04531984175362e-10,0,0,0,0,0,0,0,0,0,0,2.02936081053367e-7,2.02936081053367e-7,0,21,1.1,0,10,4.0597669409090936e-7
630,7.5446692099151e-12,0,0,0,0,0,0,0,0,0,0,1.43054951237434e-8,1.43054951237434e-8,0,22,1.1,0,10,2.8618534916696712e-8
660,5.37163900327054e-13,0,0,0,0,0,0,0,0,0,0,1.0123023655781302e-9,1.0123023655781302e-9,0,23,1.1,0,10,2.0251418950565876e-9
690,3.7915081662505103e-14,0,0,0,0,0,0,0,0,0,0,7.17049912870514e-11,7.17049912870514e-11,0,24,1.1,0,10,1.434478976557653e-10
720,2.6616589800891304e-15,0,0,0,0,0,0,0,0,0,0,5.07607930509129e-12,5.07607930509129e-12,0,25,1.1,0,10,1.0154820269162669e-11
750,1.86230084433508e-16,0,0,0,0,0,0,0,0,0,0,3.58842089518484e-13,3.58842089518484e-13,0,26,1.1,0,10,7.178704091214015e-13
780,1.3005181587401101e-17,0,0,0,0,0,0,0,0,0,0,2.53246294115436e-14,2.53246294115436e-14,0,27,1.1,0,10,5.06622640046746e-14
810,9.073097486491499e-19,0,0,0,0,0,0,0,0,0,0,1.7841830473271203e-15,1.7841830473271203e-15,0,28,1.1,0,10,3.56927340440289e-15
840,6.327431422260649e-20,0,0,0,0,0,0,0,0,0,0,1.25501845386307e-16,1.25501845386307e-16,0,29,1.1,0,10,2.510669650868366e-16
870,4.41258687308952e-21,0,0,0,0,0,0,0,0,0,0,8.815839384138639e-18,8.815839384138639e-18,0,30,1.1,0,10,1.7636091355150367e-17
900,3.07784288150129e-22,0,0,0,0,0,0,0,0,0,0,6.1855462878402e-19,6.1855462878402e-19,0,31,1.1,0,10,1.23741704185619e-18
930,2.1475073168199198e-23,0,0,0,0,0,0,0,0,0,0,4.33599430287099e-20,4.33599430287099e-20,0,32,1.1,0,10,8.6741361130588e-20
960,1.4989102573824e-24,0,0,0,0,0,0,0,0,0,0,3.03726064357916e-21,3.03726064357916e-21,0,33,1.1,0,10,6.0760201974157024e-21
990,1.04657035356823e-25,0,0,0,0,0,0,0,0,0,0,2.12634053793146e-22,2.12634053793146e-22,0,34,1.1,0,10,4.253727646216488e-22
1020,7.30972842514094e-27,0,0,0,0,0,0,0,0,0,0,1.48800078243478e-23,1.48800078243478e-23,0,35,1.1,0,10,2.976732537712074e-23
1050,5.10689342158583e-28,0,0,0,0,0,0,0,0,0,0,1.04098224322731e-24,1.04098224322731e-24,0,36,1.1,0,10,2.0824751757967786e-24
1080,3.56874785467649e-29,0,0,0,0,0,0,0,0,0,0,7.281029516306279e-26,7.281029516306279e-26,0,37,1.1,0,10,1.4565627780467236e-25
1110,2.4943621400680197e-30,0,0,0,0,0,0,0,0,0,0,5.09192266630072e-27,5.09192266630072e-27,0,38,1.1,0,10,1.0186339694741508e-26
1140,1.7436942261144098e-31,0,0,0,0,0,0,0,0,0,0,3.56067938038533e-28,3.56067938038533e-28,0,39,1.1,0,10,7.123102454996774e-28
1170,1.21908262825718e-32,0,0,0,0,0,0,0,0,0,0,2.48978761927458e-29,2.48978761927458e-29,0,40,1.1,0,10,4.980794321177417e-29
1200,8.52383763746804e-34,0,0,0,0,0,0,0,0,0,0,1.7409307749231398e-30,1.7409307749231398e-30,0,41,1.1,0,10,3.4827139336100266e-30
1230,5.960270872151129e-35,0,0,0,0,0,0,0,0,0,0,1.2173013910494099e-31,1.2173013910494099e-31,0,42,1.1,0,10,2.435198809186035e-31
1260,4.16790089966789e-36,0,0,0,0,0,0,0,0,0,0,8.51171358418783e-33,8.51171358418783e-33,0,43,1.1,0,10,1.7027595069275327e-32
1290,2.91462693524199e-37,0,0,0,0,0,0,0,0,0,0,5.95169921053836e-34,5.95169921053836e-34,0,44,1.1,0,10,1.1906313048011961e-33
1320,2.03825257175886e-38,0,0,0,0,0,0,0,0,0,0,4.16170641714548e-35,4.16170641714548e-35,0,45,1.1,0,10,8.325451086862718e-35
1350,1.42540731694104e-39,0,0,0,0,0,0,0,0,0,0,2.91010625238803e-36,2.91010625238803e-36,0,46,1.1,0,10,5.821637912093001e-36
1380,9.96835457686395e-41,0,0,0,0,0,0,0,0,0,0,2.03494667696199e-37,2.03494667696199e-37,0,47,1.1,0,10,4.070890189381667e-37
1410,6.97123653926279e-42,0,0,0,0,0,0,0,0,0,0,1.42299538092404e-38,1.42299538092404e-38,0,48,1.1,0,10,2.8466878855020067e-38
1440,4.875250544291639e-43,0,0,0,0,0,0,0,0,0,0,9.950835040360839e-40,9.950835040360839e-40,0,49,1.1,0,10,1.990654533126597e-39
1470,3.4094490372244496e-44,0,0,0,0,0,0,0,0,0,0,6.95857633285798e-41,6.95857633285798e-41,0,50,1.1,0,10,1.3920562114753185e-40
1500,2.38435699192637e-45,0,0,0,0,0,0,0,0,0,0,4.86614860628681e-42,4.86614860628681e-42,0,51,1.1,0,10,9.734681569565546e-42
1530,1.66747006247649e-46,0,0,0,0,0,0,0,0,0,0,3.402935957981489e-43,3.402935957981489e-43,0,52,1.1,0,10,6.8075393860254545e-43
1560,1.16612340211821e-47,0,0,0,0,0,0,0,0,0,0,2.37971549493051e-44,2.37971549493051e-44,0,53,1.1,0,10,4.760597113263138e-44
1590,8.15512771123353e-49,0,0,0,0,0,0,0,0,0,0,1.6641737421691098e-45,1.6641737421691098e-45,0,54,1.1,0,10,3.329162997109343e-45
1620,5.70317823251192e-50,0,0,0,0,0,0,0,0,0,0,1.16378902400969e-46,1.16378902400969e-46,0,55,1.1,0,10,2.328148365842631e-46
1650,3.98844117821263e-51,0,0,0,0,0,0,0,0,0,0,8.13863358623738e-48,8.13863358623738e-48,0,56,1.1,0,10,1.6281255613652973e-47
1680,2.78926421768581e-52,0,0,0,0,0,0,0,0,0,0,5.6915445377673096e-49,5.6915445377673096e-49,0,57,1.1,0,10,1.1385878339752305e-48
1710,1.95063706579713e-53,0,0,0,0,0,0,0,0,0,0,3.98024678317149e-50,3.98024678317149e-50,0,58,1.1,0,10,7.962444203408777e-50
1740,1.3641551347894e-54,0,0,0,0,0,0,0,0,0,0,2.78349820863559e-51,2.78349820863559e-51,0,59,1.1,0,10,5.56836057240597e-51
1770,9.540071427945639e-56,0,0,0,0,0,0,0,0,0,0,1.9465828026354303e-52,1.9465828026354303e-52,0,60,1.1,0,10,3.894119612413655e-52
1800,6.67175590697015e-57,0,0,0,0,0,0,0,0,0,0,1.36130595375789e-53,1.36130595375789e-53,0,61,1.1,0,10,2.723279083106477e-53
1830,4.6658352114930804e-58,0,0,0,0,0,0,0,0,0,0,9.520055712394009e-55,9.520055712394009e-55,0,62,1.1,0,10,1.904477725999951e-54
1860,3.2630176327079802e-59,0,0,0,0,0,0,0,0,0,0,6.65769806706645e-56,6.65769806706645e-56,0,63,1.1,0,10,1.3318659151765607e-55
1890,2.28197173699563e-60,0,0,0,0,0,0,0,0,0,0,4.65596329802132e-57,4.65596329802132e-57,0,64,1.1,0,10,9.314208567779636e-57
1920,1.59588630166514e-61,0,0,0,0,0,0,0,0,0,0,3.2560858205828e-58,3.2560858205828e-58,0,65,1.1,0,10,6.513767527467266e-58
1950,1.1160778741041e-62,0,0,0,0,0,0,0,0,0,0,2.27710460032525e-59,2.27710460032525e-59,0,66,1.1,0,10,4.5553252785246045e-59
1980,7.80526998410167e-64,0,0,0,0,0,0,0,0,0,0,1.59246891879939e-60,1.59246891879939e-60,0,67,1.1,0,10,3.18571836459719e-60
0,250,0,0,0,0,0,0,0,0,0,0,0,0,0,1,1.1,0,11,250
30,250.000322400697,0,0,0,0,0,0,0,0,0,0,0,0,0,2,1.1,0,11,250.000322400697
60,250.000090984018,0,0,0,0,0,0,0,0,0,0,0,0,0,3,1.1,0,11,250.000090984018
90,250.000018876751,0,0,0,0,0,0,0,0,0,0,0,0,0,4,1.1,0,11,250.000018876751
120,208.991052746489,0,0,0,0,0,0,0,0,0,0,50.1847732745374,50.1847732745374,0,5,1.1,0,11,309.3605992955638
150,119.949259970031,0,0,0,0,0,0,0,0,0,0,83.3562994149204,83.3562994149204,0,6,1.1,0,11,286.66185879987177
180,63.6833314279702,0,0,0,0,0,0,0,0,0,0,89.1102705786287,89.1102705786287,0,7,1.1,0,11,241.9038725852276
210,30.2749308002407,0,0,0,0,0,0,0,0,0,0,82.7408535448458,82.7408535448458,0,8,1.1,0,11,195.7566378899323
240,12.126383416521,0,0,0,0,0,0,0,0,0,0,71.0484290120287,71.0484290120287,0,9,1.1,0,11,154.22324144057842
270,3.81913031997747,0,0,0,0,0,0,0,0,0,0,59.0262650012918,59.0262650012918,0,10,1.1,0,11,121.87166032256107
300,0.874204284584357,0,0,0,0,0,0,0,0,0,0,50.3371510607706,50.3371510607706,0,11,1.1,0,11,101.54850640612555
330,0.137400046363619,0,0,0,0,0,0,0,0,0,0,46.0211618430513,46.0211618430513,0,12,1.1,0,11,92.17972373246623
360,0.0153921785919547,0,0,0,0,0,0,0,0,0,0,44.6437847862713,44.6437847862713,0,13,1.1,0,11,89.30296175113455
390,0.00138496632291612,0,0,0,0,0,0,0,0,0,0,44.3641551871066,44.3641551871066,0,14,1.1,0,11,88.72969534053611
420,1.1041712701433e-4,0,0,0,0,0,0,0,0,0,0,44.3244841234338,44.3244841234338,0,15,1.1,0,11,88.64907866399462
450,9.58449302841978e-6,0,0,0,0,0,0,0,0,0,0,2.61783605477119,2.61783605477119,0,16,1.1,0,11,5.235681694035408
480,1.3211468351609e-6,0,0,0,0,0,0,0,0,0,0,0.154724825998589,0.154724825998589,0,17,1.1,0,11,0.30945097314401315
510,1.5143321123038e-7,0,0,0,0,0,0,0,0,0,0,0.00916526703902044,0.00916526703902044,0,18,1.1,0,11,0.01833068551125211
540,1.35805567435382e-8,0,0,0,0,0,0,0,0,0,0,5.4460064659355e-4,5.4460064659355e-4,0,19,1.1,0,11,0.0010892148737438436
570,1.0779766479016901e-9,0,0,0,0,0,0,0,0,0,0,3.24621715648503e-5,3.24621715648503e-5,0,20,1.1,0,11,6.49254211063485e-5
600,8.003842023479959e-11,0,0,0,0,0,0,0,0,0,0,1.94092374714784e-6,1.94092374714784e-6,0,21,1.1,0,11,3.881927532715915e-6
630,5.6999213618097596e-12,0,0,0,0,0,0,0,0,0,0,1.16393170116479e-7,1.16393170116479e-7,0,22,1.1,0,11,2.3279204015431982e-7
660,3.94529516682637e-13,0,0,0,0,0,0,0,0,0,0,6.9997646638039405e-9,6.9997646638039405e-9,0,23,1.1,0,11,1.3999923857124564e-8
690,2.67511919891979e-14,0,0,0,0,0,0,0,0,0,0,4.22102847778141e-10,4.22102847778141e-10,0,24,1.1,0,11,8.442324467482713e-10
720,1.7858671401796703e-15,0,0,0,0,0,0,0,0,0,0,2.5519288563184798e-11,2.5519288563184798e-11,0,25,1.1,0,11,5.1040362993509775e-11
750,1.17783976950771e-16,0,0,0,0,0,0,0,0,0,0,1.5465600630129399e-12,1.5465600630129399e-12,0,26,1.1,0,11,3.0932379100028304e-12
780,7.69329955712536e-18,0,0,0,0,0,0,0,0,0,0,9.39383299536227e-14,9.39383299536227e-14,0,27,1.1,0,11,1.8788435320680252e-13
810,4.98548813363702e-19,0,0,0,0,0,0,0,0,0,0,5.71775072721677e-15,5.71775072721677e-15,0,28,1.1,0,11,1.1436000003246905e-14
840,3.20967976616821e-20,0,0,0,0,0,0,0,0,0,0,3.48692251976667e-16,3.48692251976667e-16,0,29,1.1,0,11,6.974166007509957e-16
870,2.05509831312183e-21,0,0,0,0,0,0,0,0,0,0,2.13021431899388e-17,2.13021431899388e-17,0,30,1.1,0,11,4.260634147819072e-17
900,1.30973263174997e-22,0,0,0,0,0,0,0,0,0,0,1.30346446316456e-18,1.30346446316456e-18,0,31,1.1,0,11,2.607059899592295e-18
930,8.31387150352195e-24,0,0,0,0,0,0,0,0,0,0,7.98736287454247e-20,7.98736287454247e-20,0,32,1.1,0,11,1.5975557136235291e-19
960,5.259355301292479e-25,0,0,0,0,0,0,0,0,0,0,4.90086127086801e-21,4.90086127086801e-21,0,33,1.1,0,11,9.80224847726615e-21
990,3.3171639836828097e-26,0,0,0,0,0,0,0,0,0,0,3.01055146687097e-22,3.01055146687097e-22,0,34,1.1,0,11,6.021434650140309e-22
1020,2.0867527224970998e-27,0,0,0,0,0,0,0,0,0,0,1.8512622495133297e-23,1.8512622495133297e-23,0,35,1.1,0,11,3.702733174298909e-23
1050,1.30973487169415e-28,0,0,0,0,0,0,0,0,0,0,1.13942445801711e-24,1.13942445801711e-24,0,36,1.1,0,11,2.2789798895213895e-24
1080,8.20393564450873e-30,0,0,0,0,0,0,0,0,0,0,7.01859577493008e-26,7.01859577493008e-26,0,37,1.1,0,11,1.403801194342461e-25
1110,5.12966317744053e-31,0,0,0,0,0,0,0,0,0,0,4.32630708128514e-27,4.32630708128514e-27,0,38,1.1,0,11,8.653127128888024e-27
1140,3.20236393750332e-32,0,0,0,0,0,0,0,0,0,0,2.66836987503428e-28,2.66836987503428e-28,0,39,1.1,0,11,5.33705998646231e-28
1170,1.9963825547927698e-33,0,0,0,0,0,0,0,0,0,0,1.64664186635987e-29,1.64664186635987e-29,0,40,1.1,0,11,3.2934833709752194e-29
1200,1.24300962743947e-34,0,0,0,0,0,0,0,0,0,0,1.01658364158435e-30,1.01658364158435e-30,0,41,1.1,0,11,2.033291584131444e-30
1230,7.730741640284199e-36,0,0,0,0,0,0,0,0,0,0,6.27838099060947e-32,6.27838099060947e-32,0,42,1.1,0,11,1.2557535055382969e-31
1260,4.80324972659299e-37,0,0,0,0,0,0,0,0,0,0,3.8786954727525196e-33,3.8786954727525196e-33,0,43,1.1,0,11,7.757871270477698e-33
1290,2.98168671928818e-38,0,0,0,0,0,0,0,0,0,0,2.39680645678131e-34,2.39680645678131e-34,0,44,1.1,0,11,4.793911082234549e-34
1320,1.84944791573664e-39,0,0,0,0,0,0,0,0,0,0,1.48138522853231e-35,1.48138522853231e-35,0,45,1.1,0,11,2.9629554018561936e-35
1350,1.14633475146303e-40,0,0,0,0,0,0,0,0,0,0,9.15739165707832e-37,9.15739165707832e-37,0,46,1.1,0,11,1.8315929648908102e-36
1380,7.10071764713442e-42,0,0,0,0,0,0,0,0,0,0,5.66144830202029e-38,5.66144830202029e-38,0,47,1.1,0,11,1.1323606675805293e-37
1410,4.395854179562729e-43,0,0,0,0,0,0,0,0,0,0,3.5004234675996e-39,3.5004234675996e-39,0,48,1.1,0,11,7.001286520617156e-39
1440,2.71994689133576e-44,0,0,0,0,0,0,0,0,0,0,2.16440282079869e-40,2.16440282079869e-40,0,49,1.1,0,11,4.329077636286513e-40
1470,1.6821973424971e-45,0,0,0,0,0,0,0,0,0,0,1.33834761921479e-41,1.33834761921479e-41,0,50,1.1,0,11,2.6768634581638296e-41
1500,1.0399531642796501e-46,0,0,0,0,0,0,0,0,0,0,8.275676394895238e-43,8.275676394895238e-43,0,51,1.1,0,11,1.6552392742954756e-42
1530,6.42672670127274e-48,0,0,0,0,0,0,0,0,0,0,5.11721379263462e-44,5.11721379263462e-44,0,52,1.1,0,11,1.0235070257939367e-43
1560,3.97028931059918e-49,0,0,0,0,0,0,0,0,0,0,3.164113853388999e-45,3.164113853388999e-45,0,53,1.1,0,11,6.328624735709059e-45
1590,2.45203217706075e-50,0,0,0,0,0,0,0,0,0,0,1.95637993262108e-46,1.95637993262108e-46,0,54,1.1,0,11,3.913005068459866e-46
1620,1.5139648939380802e-51,0,0,0,0,0,0,0,0,0,0,1.20957249640062e-47,1.20957249640062e-47,0,55,1.1,0,11,2.419296389290634e-47
1650,9.34552466823966e-53,0,0,0,0,0,0,0,0,0,0,7.477976997407389e-49,7.477976997407389e-49,0,56,1.1,0,11,1.4956888547281603e-48
1680,5.767680993529309e-54,0,0,0,0,0,0,0,0,0,0,4.62281526522905e-50,4.62281526522905e-50,0,57,1.1,0,11,9.246207298557454e-50
1710,3.55892445964933e-55,0,0,0,0,0,0,0,0,0,0,2.8575674555125e-51,2.8575674555125e-51,0,58,1.1,0,11,5.715490803470965e-51
1740,2.19566286162224e-56,0,0,0,0,0,0,0,0,0,0,1.7662489635115402e-52,1.7662489635115402e-52,0,59,1.1,0,11,3.532717493309243e-52
1770,1.35441063272508e-57,0,0,0,0,0,0,0,0,0,0,1.09161949125056e-53,1.09161949125056e-53,0,60,1.1,0,11,2.1833744235643928e-53
1800,8.35373167302482e-59,0,0,0,0,0,0,0,0,0,0,6.746111027306049e-55,6.746111027306049e-55,0,61,1.1,0,11,1.34930574277794e-54
1830,5.151848434933159e-60,0,0,0,0,0,0,0,0,0,0,4.16867301864153e-56,4.16867301864153e-56,0,62,1.1,0,11,8.337861222126552e-56
1860,3.1769053491166e-61,0,0,0,0,0,0,0,0,0,0,2.57575152469815e-57,2.57575152469815e-57,0,63,1.1,0,11,5.151820739931211e-57
1890,1.95888868645949e-62,0,0,0,0,0,0,0,0,0,0,1.5913724104009601e-58,1.5913724104009601e-58,0,64,1.1,0,11,3.1829407096705662e-58
1920,1.20777103578029e-63,0,0,0,0,0,0,0,0,0,0,9.831088306501529e-60,9.831088306501529e-60,0,65,1.1,0,11,1.9663384384038839e-59
1950,7.44617797127703e-65,0,0,0,0,0,0,0,0,0,0,6.07286584380006e-61,6.07286584380006e-61,0,66,1.1,0,11,1.2146476305397247e-60
1980,4.59050304132454e-66,0,0,0,0,0,0,0,0,0,0,3.7510139506767797e-62,3.7510139506767797e-62,0,67,1.1,0,11,7.502486951657692e-62
0,250,0,0,0,0,0,0,0,0,0,0,0,0,0,1,1.1,0,12,250
30,250.000322400697,0,0,0,0,0,0,0,0,0,0,0,0,0,2,1.1,0,12,250.000322400697
60,250.000090984018,0,0,0,0,0,0,0,0,0,0,0,0,0,3,1.1,0,12,250.000090984018
90,250.000018876751,0,0,0,0,0,0,0,0,0,0,0,0,0,4,1.1,0,12,250.000018876751
120,208.991052746489,0,0,0,0,0,0,0,0,0,0,50.1847732745374,50.1847732745374,0,5,1.1,0,12,309.3605992955638
150,119.949259970031,0,0,0,0,0,0,0,0,0,0,83.3562994149204,83.3562994149204,0,6,1.1,0,12,286.66185879987177
180,63.6833314279702,0,0,0,0,0,0,0,0,0,0,89.1102705786287,89.1102705786287,0,7,1.1,0,12,241.9038725852276
210,30.2749308002407,0,0,0,0,0,0,0,0,0,0,82.7408535448458,82.7408535448458,0,8,1.1,0,12,195.7566378899323
240,12.126383416521,0,0,0,0,0,0,0,0,0,0,71.0484290120287,71.0484290120287,0,9,1.1,0,12,154.22324144057842
270,3.81913031997747,0,0,0,0,0,0,0,0,0,0,59.0262650012918,59.0262650012918,0,10,1.1,0,12,121.87166032256107
300,0.874204284584357,0,0,0,0,0,0,0,0,0,0,50.3371510607706,50.3371510607706,0,11,1.1,0,12,101.54850640612555
330,0.137400046363619,0,0,0,0,0,0,0,0,0,0,46.0211618430513,46.0211618430513,0,12,1.1,0,12,92.17972373246623
360,0.0153921785919547,0,0,0,0,0,0,0,0,0,0,44.6437847862713,44.6437847862713,0,13,1.1,0,12,89.30296175113455
390,0.00138496632291612,0,0,0,0,0,0,0,0,0,0,44.3641551871066,44.3641551871066,0,14,1.1,0,12,88.72969534053611
420,1.1041712701433e-4,0,0,0,0,0,0,0,0,0,0,44.3244841234338,44.3244841234338,0,15,1.1,0,12,88.64907866399462
450,8.21519399532167e-6,0,0,0,0,0,0,0,0,0,0,44.3200269811135,44.3200269811135,0,16,1.1,0,12,88.640062177421
480,6.66108029768609e-7,0,0,0,0,0,0,0,0,0,0,2.61725474925372,2.61725474925372,0,17,1.1,0,12,5.23451016461547
510,8.39238109727384e-8,0,0,0,0,0,0,0,0,0,0,0.15456583312174,0.15456583312174,0,18,1.1,0,12,0.30913175016729094
540,9.28730570445676e-9,0,0,0,0,0,0,0,0,0,0,0.00912936536586092,0.00912936536586092,0,19,1.1,0,12,0.018258740019027546
570,8.21575481752786e-10,0,0,0,0,0,0,0,0,0,0,5.3932242689283e-4,5.3932242689283e-4,0,20,1.1,0,12,0.0010786456753611416
600,6.472058282958809e-11,0,0,0,0,0,0,0,0,0,0,3.18668523903088e-5,3.18668523903088e-5,0,21,1.1,0,12,6.373376950120042e-5
630,4.77937994685455e-12,0,0,0,0,0,0,0,0,0,0,1.88326927477664e-6,1.88326927477664e-6,0,22,1.1,0,12,3.766543328933227e-6
660,3.38798894896605e-13,0,0,0,0,0,0,0,0,0,0,1.11318679616116e-7,1.11318679616116e-7,0,23,1.1,0,12,2.226376980311269e-7
690,2.33488599333141e-14,0,0,0,0,0,0,0,0,0,0,6.5812113594082405e-9,6.5812113594082405e-9,0,24,1.1,0,12,1.3162446067676414e-8
720,1.5762746270499302e-15,0,0,0,0,0,0,0,0,0,0,3.89157635096975e-10,3.89157635096975e-10,0,25,1.1,0,12,7.783168464685771e-10
750,1.0475178478458199e-16,0,0,0,0,0,0,0,0,0,0,2.3015844619087497e-11,2.3015844619087497e-11,0,26,1.1,0,12,4.6031793989959775e-11
780,6.875463413939469e-18,0,0,0,0,0,0,0,0,0,0,1.3614747937326599e-12,1.3614747937326599e-12,0,27,1.1,0,12,2.722956462928734e-12
810,4.467718779976499e-19,0,0,0,0,0,0,0,0,0,0,8.05514320507161e-14,8.05514320507161e-14,0,28,1.1,0,12,1.6110331087331018e-13
840,2.8792214376549195e-20,0,0,0,0,0,0,0,0,0,0,4.7666965718544106e-15,4.7666965718544106e-15,0,29,1.1,0,12,9.533421935923197e-15
870,1.8426732435776302e-21,0,0,0,0,0,0,0,0,0,0,2.82125215294968e-16,2.82125215294968e-16,0,30,1.1,0,12,5.642522732631796e-16
900,1.1723447476839398e-22,0,0,0,0,0,0,0,0,0,0,1.6701135219255e-17,1.6701135219255e-17,0,31,1.1,0,12,3.3402387672984765e-17
930,7.42083161959587e-24,0,0,0,0,0,0,0,0,0,0,9.88847404083935e-19,9.88847404083935e-19,0,32,1.1,0,12,1.9777022289994896e-18
960,4.6765693578851e-25,0,0,0,0,0,0,0,0,0,0,5.8558673549649e-20,5.8558673549649e-20,0,33,1.1,0,12,1.171178147562338e-19
990,2.93572085147692e-26,0,0,0,0,0,0,0,0,0,0,3.46841686389013e-21,3.46841686389013e-21,0,34,1.1,0,12,6.936863084988775e-21
1020,1.83657796470776e-27,0,0,0,0,0,0,0,0,0,0,2.05470207610907e-22,2.05470207610907e-22,0,35,1.1,0,12,4.109422517997787e-22
1050,1.14544505817134e-28,0,0,0,0,0,0,0,0,0,0,1.21742809074111e-23,1.21742809074111e-23,0,36,1.1,0,12,2.4348676359328016e-23
1080,7.124384812063489e-30,0,0,0,0,0,0,0,0,0,0,7.21462913502855e-25,7.21462913502855e-25,0,37,1.1,0,12,1.442932951390522e-24
1110,4.4202456981144895e-31,0,0,0,0,0,0,0,0,0,0,4.27622212377069e-26,4.27622212377069e-26,0,38,1.1,0,12,8.552488449998361e-26
1140,2.73635641072134e-32,0,0,0,0,0,0,0,0,0,0,2.53501972447679e-27,2.53501972447679e-27,0,39,1.1,0,12,5.0700668125176875e-27
1170,1.69049499684208e-33,0,0,0,0,0,0,0,0,0,0,1.50306075368064e-28,1.50306075368064e-28,0,40,1.1,0,12,3.0061384123112482e-28
1200,1.04242935960993e-34,0,0,0,0,0,0,0,0,0,0,8.91343436995852e-30,8.91343436995852e-30,0,41,1.1,0,12,1.7826972982853e-29
1230,6.4170890009872e-36,0,0,0,0,0,0,0,0,0,0,5.28671823775282e-31,5.28671823775282e-31,0,42,1.1,0,12,1.0573500646395649e-30
1260,3.94409557316812e-37,0,0,0,0,0,0,0,0,0,0,3.13616574539782e-32,3.13616574539782e-32,0,43,1.1,0,12,6.272370931751371e-32
1290,2.42062369049608e-38,0,0,0,0,0,0,0,0,0,0,1.86072745907607e-33,1.86072745907607e-33,0,44,1.1,0,12,3.721479124389045e-33
1320,1.48362593377966e-39,0,0,0,0,0,0,0,0,0,0,1.10417164936545e-34,1.10417164936545e-34,0,45,1.1,0,12,2.2083581349902375e-34
1350,9.08198365196856e-41,0,0,0,0,0,0,0,0,0,0,6.55329339174935e-36,6.55329339174935e-36,0,46,1.1,0,12,1.310667760333522e-35
1380,5.553078230681509e-42,0,0,0,0,0,0,0,0,0,0,3.89001195730128e-37,3.89001195730128e-37,0,47,1.1,0,12,7.780079445384866e-37
1410,3.3917009664698093e-43,0,0,0,0,0,0,0,0,0,0,2.30945582016086e-38,2.30945582016086e-38,0,48,1.1,0,12,4.6189455573313844e-38
1440,2.0694869164598698e-44,0,0,0,0,0,0,0,0,0,0,1.37130751500171e-39,1.37130751500171e-39,0,49,1.1,0,12,2.7426357248725845e-39
1470,1.2615283846070499e-45,0,0,0,0,0,0,0,0,0,0,8.14377171245599e-41,8.14377171245599e-41,0,50,1.1,0,12,1.6287669577750442e-40
1500,7.683267071513221e-47,0,0,0,0,0,0,0,0,0,0,4.837053737929489e-42,4.837053737929489e-42,0,51,1.1,0,12,9.674184308529694e-42
1530,4.6755481904819396e-48,0,0,0,0,0,0,0,0,0,0,2.8734249370880094e-43,2.8734249370880094e-43,0,52,1.1,0,12,5.746896629657924e-43
1560,2.8430077075943598e-49,0,0,0,0,0,0,0,0,0,0,1.7071883909261199e-44,1.7071883909261199e-44,0,53,1.1,0,12,3.4144052119293156e-44
1590,1.72743562492449e-50,0,0,0,0,0,0,0,0,0,0,1.0144361206174099e-45,1.0144361206174099e-45,0,54,1.1,0,12,2.028889515591069e-45
1620,1.04887063976099e-51,0,0,0,0,0,0,0,0,0,0,6.028768809762921e-47,6.028768809762921e-47,0,55,1.1,0,12,1.2057642506589817e-46
1650,6.3643594464723e-53,0,0,0,0,0,0,0,0,0,0,3.58337470295842e-48,3.58337470295842e-48,0,56,1.1,0,12,7.166813049511305e-48
1680,3.8593611729222297e-54,0,0,0,0,0,0,0,0,0,0,2.13017104386725e-49,2.13017104386725e-49,0,57,1.1,0,12,4.260380681346229e-49
1710,2.3389352969190897e-55,0,0,0,0,0,0,0,0,0,0,1.2664684535868e-50,1.2664684535868e-50,0,58,1.1,0,12,2.532960296526569e-50
1740,1.41669428218059e-56,0,0,0,0,0,0,0,0,0,0,7.53062295435166e-52,7.53062295435166e-52,0,59,1.1,0,12,1.506138757813154e-51
1770,8.57632807069985e-58,0,0,0,0,0,0,0,0,0,0,4.4784016067258305e-53,4.4784016067258305e-53,0,60,1.1,0,12,8.956888976732368e-53
1800,5.18925801746919e-59,0,0,0,0,0,0,0,0,0,0,2.6636045715421496e-54,2.6636045715421496e-54,0,61,1.1,0,12,5.327261035664474e-54
1830,3.13832804355013e-60,0,0,0,0,0,0,0,0,0,0,1.5844189274032599e-55,1.5844189274032599e-55,0,62,1.1,0,12,3.168869238086955e-55
1860,1.89710105434098e-61,0,0,0,0,0,0,0,0,0,0,9.425899850907099e-57,9.425899850907099e-57,0,63,1.1,0,12,1.885198941191963e-56
1890,1.14628041705722e-62,0,0,0,0,0,0,0,0,0,0,5.6082468789624304e-58,5.6082468789624304e-58,0,64,1.1,0,12,1.1216608385966567e-57
1920,6.92322110374057e-64,0,0,0,0,0,0,0,0,0,0,3.33719745365317e-59,3.33719745365317e-59,0,65,1.1,0,12,6.674464139517377e-59
1950,4.17975241412029e-65,0,0,0,0,0,0,0,0,0,0,1.9860315295912e-60,1.9860315295912e-60,0,66,1.1,0,12,3.972104856706541e-60
1980,2.52246735000038e-66,0,0,0,0,0,0,0,0,0,0,1.1820580627157998e-61,1.1820580627157998e-61,0,67,1.1,0,12,2.3641413501050996e-61
0,250,0,0,0,0,0,0,0,0,0,0,0,0,0,1,1.1,0,13,250
30,250.000322400697,0,0,0,0,0,0,0,0,0,0,0,0,0,2,1.1,0,13,250.000322400697
60,250.000090984018,0,0,0,0,0,0,0,0,0,0,0,0,0,3,1.1,0,13,250.000090984018
90,250.000018876751,0,0,0,0,0,0,0,0,0,0,0,0,0,4,1.1,0,13,250.000018876751
120,208.991052746489,0,0,0,0,0,0,0,0,0,0,50.1847732745374,50.1847732745374,0,5,1.1,0,13,309.3605992955638
150,119.949259970031,0,0,0,0,0,0,0,0,0,0,83.3562994149204,83.3562994149204,0,6,1.1,0,13,286.66185879987177
180,63.6833314279702,0,0,0,0,0,0,0,0,0,0,89.1102705786287,89.1102705786287,0,7,1.1,0,13,241.9038725852276
210,30.2749308002407,0,0,0,0,0,0,0,0,0,0,82.7408535448458,82.7408535448458,0,8,1.1,0,13,195.7566378899323
240,12.126383416521,0,0,0,0,0,0,0,0,0,0,71.0484290120287,71.0484290120287,0,9,1.1,0,13,154.22324144057842
270,3.81913031997747,0,0,0,0,0,0,0,0,0,0,59.0262650012918,59.0262650012918,0,10,1.1,0,13,121.87166032256107
300,0.874204284584357,0,0,0,0,0,0,0,0,0,0,50.3371510607706,50.3371510607706,0,11,1.1,0,13,101.54850640612555
330,0.137400046363619,0,0,0,0,0,0,0,0,0,0,46.0211618430513,46.0211618430513,0,12,1.1,0,13,92.17972373246623
360,0.0153921785919547,0,0,0,0,0,0,0,0,0,0,44.6437847862713,44.6437847862713,0,13,1.1,0,13,89.30296175113455
390,0.00138496632291612,0,0,0,0,0,0,0,0,0,0,44.3641551871066,44.3641551871066,0,14,1.1,0,13,88.72969534053611
420,1.1041712701433e-4,0,0,0,0,0,0,0,0,0,0,44.3244841234338,44.3244841234338,0,15,1.1,0,13,88.64907866399462
450,8.21519399532167e-6,0,0,0,0,0,0,0,0,0,0,44.3200269811135,44.3200269811135,0,16,1.1,0,13,88.640062177421
480,5.85235496412854e-7,0,0,0,0,0,0,0,0,0,0,44.3195941037875,44.3195941037875,0,17,1.1,0,13,88.6391887928105
510,4.52472825748503e-8,0,0,0,0,0,0,0,0,0,0,2.61720560977541,2.61720560977541,0,18,1.1,0,13,5.234411264798102
540,5.30501791446409e-9,0,0,0,0,0,0,0,0,0,0,0.154554388097913,0.154554388097913,0,19,1.1,0,13,0.3091087815008439
570,5.69037901117913e-10,0,0,0,0,0,0,0,0,0,0,0.00912700926374681,0.00912700926374681,0,20,1.1,0,13,0.01825401909653152
600,4.9729501690350394e-11,0,0,0,0,0,0,0,0,0,0,0.00053898966843728005,0.00053898966843728005,0,21,1.1,0,13,0.0010779793866040619
630,3.89319930293825e-12,0,0,0,0,0,0,0,0,0,0,3.18300476309179e-5,3.18300476309179e-5,0,22,1.1,0,13,6.36600991550351e-5
660,2.86406524517892e-13,0,0,0,0,0,0,0,0,0,0,1.87974538328841e-6,1.87974538328841e-6,0,23,1.1,0,13,3.7594910529833446e-6
690,2.0249871559874902e-14,0,0,0,0,0,0,0,0,0,0,1.11010907600692e-7,1.11010907600692e-7,0,24,1.1,0,13,2.2202183545125557e-7
720,1.39286399544389e-15,0,0,0,0,0,0,0,0,0,0,6.555973163303641e-9,6.555973163303641e-9,0,25,1.1,0,13,1.3111947719471277e-8
750,9.388948718503e-17,0,0,0,0,0,0,0,0,0,0,3.87180581081137e-10,3.87180581081137e-10,0,26,1.1,0,13,7.743612560517612e-10
780,6.2316643974792e-18,0,0,0,0,0,0,0,0,0,0,2.2866245020883698e-11,2.2866245020883698e-11,0,27,1.1,0,13,4.5732496273431796e-11
810,4.0858202641470394e-19,0,0,0,0,0,0,0,0,0,0,1.3504578155210098e-12,1.3504578155210098e-12,0,28,1.1,0,13,2.7009160396240462e-12
840,2.65246958235523e-20,0,0,0,0,0,0,0,0,0,0,7.97575996877094e-14,7.97575996877094e-14,0,29,1.1,0,13,1.5951522590011463e-13
870,1.70790321430044e-21,0,0,0,0,0,0,0,0,0,0,4.7105108633187204e-15,4.7105108633187204e-15,0,30,1.1,0,13,9.421023434540655e-15
900,1.09215706741492e-22,0,0,0,0,0,0,0,0,0,0,2.78207493842221e-16,2.78207493842221e-16,0,31,1.1,0,13,5.564150969001488e-16
930,6.94316637361996e-24,0,0,0,0,0,0,0,0,0,0,1.6431398056579e-17,1.6431398056579e-17,0,32,1.1,0,13,3.2862803056324376e-17
960,4.39168516283361e-25,0,0,0,0,0,0,0,0,0,0,9.70476639561993e-19,9.70476639561993e-19,0,33,1.1,0,13,1.9409537182925022e-18
990,2.7655967749253497e-26,0,0,0,0,0,0,0,0,0,0,5.731925401989759e-20,5.731925401989759e-20,0,34,1.1,0,13,1.1463853569576294e-19
1020,1.73485088158525e-27,0,0,0,0,0,0,0,0,0,0,3.3854846252722802e-21,3.3854846252722802e-21,0,35,1.1,0,13,6.770970985395442e-21
1050,1.08453375192229e-28,0,0,0,0,0,0,0,0,0,0,1.9996133716916098e-22,1.9996133716916098e-22,0,36,1.1,0,13,3.9992278279169717e-22
1080,6.75915759166568e-30,0,0,0,0,0,0,0,0,0,0,1.1810712191696799e-23,1.1810712191696799e-23,0,37,1.1,0,13,2.362143114255119e-23
1110,4.20094409723222e-31,0,0,0,0,0,0,0,0,0,0,6.9760728341600895e-25,6.9760728341600895e-25,0,38,1.1,0,13,1.3952149869264276e-24
1140,2.60448838279666e-32,0,0,0,0,0,0,0,0,0,0,4.12050825569342e-26,4.12050825569342e-26,0,39,1.1,0,13,8.241019115875222e-26
1170,1.61108815298903e-33,0,0,0,0,0,0,0,0,0,0,2.43385909066111e-27,2.43385909066111e-27,0,40,1.1,0,13,4.867719792410373e-27
1200,9.945448708845329e-35,0,0,0,0,0,0,0,0,0,0,1.4376227287847598e-28,1.4376227287847598e-28,0,41,1.1,0,13,2.8752464521143904e-28
1230,6.127924962140349e-36,0,0,0,0,0,0,0,0,0,0,8.4917907452807e-30,8.4917907452807e-30,0,42,1.1,0,13,1.6983587618486362e-29
1260,3.76923309662199e-37,0,0,0,0,0,0,0,0,0,0,5.01601108954746e-31,5.01601108954746e-31,0,43,1.1,0,13,1.0032025948328016e-30
1290,2.31473760059408e-38,0,0,0,0,0,0,0,0,0,0,2.96293783524169e-32,2.96293783524169e-32,0,44,1.1,0,13,5.925877985220981e-32
1320,1.41942297320696e-39,0,0,0,0,0,0,0,0,0,0,1.75021513700969e-33,1.75021513700969e-33,0,45,1.1,0,13,3.500431693442353e-33
1350,8.69219772087967e-41,0,0,0,0,0,0,0,0,0,0,1.033868187056e-34,1.033868187056e-34,0,46,1.1,0,13,2.067737243331772e-34
1380,5.31614234193575e-42,0,0,0,0,0,0,0,0,0,0,6.10722253505702e-36,6.10722253505702e-36,0,47,1.1,0,13,1.2214450386256382e-35
1410,3.2475074897958092e-43,0,0,0,0,0,0,0,0,0,0,3.60767287627132e-37,3.60767287627132e-37,0,48,1.1,0,13,7.21534900005013e-37
1440,1.9816362272414898e-44,0,0,0,0,0,0,0,0,0,0,2.13115671284064e-38,2.13115671284064e-38,0,49,1.1,0,13,4.262315407317507e-38
1470,1.2079483695707699e-45,0,0,0,0,0,0,0,0,0,0,1.25894989629391e-39,1.25894989629391e-39,0,50,1.1,0,13,2.5179010005361895e-39
1500,7.3561593268137e-47,0,0,0,0,0,0,0,0,0,0,7.43714633884712e-41,7.43714633884712e-41,0,51,1.1,0,13,1.4874300033853567e-40
1530,4.47566297597847e-48,0,0,0,0,0,0,0,0,0,0,4.3934837461282594e-42,4.3934837461282594e-42,0,52,1.1,0,13,8.786971967919494e-42
1560,2.7207592294696297e-49,0,0,0,0,0,0,0,0,0,0,2.5954731042051293e-43,2.5954731042051293e-43,0,53,1.1,0,13,5.190948929169488e-43
1590,1.6526100302833799e-50,0,0,0,0,0,0,0,0,0,0,1.5333060482279198e-44,1.5333060482279198e-44,0,54,1.1,0,13,3.0666137490658696e-44
1620,1.00303830950705e-51,0,0,0,0,0,0,0,0,0,0,9.05828471697528e-46,9.05828471697528e-46,0,55,1.1,0,13,1.8116579464333655e-45
1650,6.08344100815371e-53,0,0,0,0,0,0,0,0,0,0,5.35140577624637e-47,5.35140577624637e-47,0,56,1.1,0,13,1.070281763593375e-46
1680,3.68707628795782e-54,0,0,0,0,0,0,0,0,0,0,3.16151023068384e-48,3.16151023068384e-48,0,57,1.1,0,13,6.323024148443968e-48
1710,2.23321811721655e-55,0,0,0,0,0,0,0,0,0,0,1.8677815769478e-49,1.8677815769478e-49,0,58,1.1,0,13,3.735565387113717e-49
1740,1.3517936164041398e-56,0,0,0,0,0,0,0,0,0,0,1.10347466204619e-50,1.10347466204619e-50,0,59,1.1,0,13,2.206950675885996e-50
1770,8.177732312025381e-58,0,0,0,0,0,0,0,0,0,0,6.51933683086928e-52,6.51933683086928e-52,0,60,1.1,0,13,1.3038681839470872e-51
1800,4.94436749343923e-59,0,0,0,0,0,0,0,0,0,0,3.85167155248664e-53,3.85167155248664e-53,0,61,1.1,0,13,7.703348049340774e-53
1830,2.9878254133398597e-60,0,0,0,0,0,0,0,0,0,0,2.27562050015928e-54,2.27562050015928e-54,0,62,1.1,0,13,4.5512439881439733e-54
1860,1.8045828430421e-61,0,0,0,0,0,0,0,0,0,0,1.34448260853659e-55,1.34448260853659e-55,0,63,1.1,0,13,2.688967021656023e-55
1890,1.08939501178267e-62,0,0,0,0,0,0,0,0,0,0,7.94356208126032e-57,7.94356208126032e-57,0,64,1.1,0,13,1.5887135056470757e-56
1920,6.5734002611902e-64,0,0,0,0,0,0,0,0,0,0,4.69331979308104e-58,4.69331979308104e-58,0,65,1.1,0,13,9.386646159562342e-58
1950,3.9646012775180805e-65,0,0,0,0,0,0,0,0,0,0,2.77299918551115e-59,2.77299918551115e-59,0,66,1.1,0,13,5.546002335623577e-59
1980,2.39013137936411e-66,0,0,0,0,0,0,0,0,0,0,1.6384155923517098e-60,1.6384155923517098e-60,0,67,1.1,0,13,3.276833574834799e-60
0,250,0,0,0,0,0,0,0,0,0,0,0,0,0,1,1.1,0,14,250
30,250.000322400697,0,0,0,0,0,0,0,0,0,0,0,0,0,2,1.1,0,14,250.000322400697
60,250.000090984018,0,0,0,0,0,0,0,0,0,0,0,0,0,3,1.1,0,14,250.000090984018
90,250.000018876751,0,0,0,0,0,0,0,0,0,0,0,0,0,4,1.1,0,14,250.000018876751
120,208.991052746489,0,0,0,0,0,0,0,0,0,0,50.1847732745374,50.1847732745374,0,5,1.1,0,14,309.3605992955638
150,119.949259970031,0,0,0,0,0,0,0,0,0,0,83.3562994149204,83.3562994149204,0,6,1.1,0,14,286.66185879987177
180,63.6833314279702,0,0,0,0,0,0,0,0,0,0,89.1102705786287,89.1102705786287,0,7,1.1,0,14,241.9038725852276
210,30.2749308002407,0,0,0,0,0,0,0,0,0,0,82.7408535448458,82.7408535448458,0,8,1.1,0,14,195.7566378899323
240,12.126383416521,0,0,0,0,0,0,0,0,0,0,71.0484290120287,71.0484290120287,0,9,1.1,0,14,154.22324144057842
270,3.81913031997747,0,0,0,0,0,0,0,0,0,0,59.0262650012918,59.0262650012918,0,10,1.1,0,14,121.87166032256107
300,0.874204284584357,0,0,0,0,0,0,0,0,0,0,50.3371510607706,50.3371510607706,0,11,1.1,0,14,101.54850640612555
330,0.137400046363619,0,0,0,0,0,0,0,0,0,0,46.0211618430513,46.0211618430513,0,12,1.1,0,14,92.17972373246623
360,0.0153921785919547,0,0,0,0,0,0,0,0,0,0,44.6437847862713,44.6437847862713,0,13,1.1,0,14,89.30296175113455
390,0.00138496632291612,0,0,0,0,0,0,0,0,0,0,44.3641551871066,44.3641551871066,0,14,1.1,0,14,88.72969534053611
420,1.1041712701433e-4,0,0,0,0,0,0,0,0,0,0,44.3244841234338,44.3244841234338,0,15,1.1,0,14,88.64907866399462
450,8.21519399532167e-6,0,0,0,0,0,0,0,0,0,0,44.3200269811135,44.3200269811135,0,16,1.1,0,14,88.640062177421
480,5.85235496412854e-7,0,0,0,0,0,0,0,0,0,0,44.3195941037875,44.3195941037875,0,17,1.1,0,14,88.6391887928105
510,4.04714614441847e-8,0,0,0,0,0,0,0,0,0,0,44.3195558712303,44.3195558712303,0,18,1.1,0,14,88.63911178293206
540,3.0210830179306e-9,0,0,0,0,0,0,0,0,0,0,2.61720167675258,2.61720167675258,0,19,1.1,0,14,5.234403356526243
570,3.33892106887556e-10,0,0,0,0,0,0,0,0,0,0,0.154553581615512,0.154553581615512,0,20,1.1,0,14,0.3091071635649161
600,3.48206760836064e-11,0,0,0,0,0,0,0,0,0,0,0.00912685564359024,0.00912685564359024,0,21,1.1,0,14,0.018253711322001157
630,3.00854681405696e-12,0,0,0,0,0,0,0,0,0,0,5.3896873613138e-4,5.3896873613138e-4,0,22,1.1,0,14,0.0010779374752713069
660,2.34147756415026e-13,0,0,0,0,0,0,0,0,0,0,3.18277732714207e-5,3.18277732714207e-5,0,23,1.1,0,14,6.365554677698916e-5
690,1.7163558920218902e-14,0,0,0,0,0,0,0,0,0,0,1.87952984516784e-6,1.87952984516784e-6,0,24,1.1,0,14,3.759059707499239e-6
720,1.2105891080308e-15,0,0,0,0,0,0,0,0,0,0,1.10992206632298e-7,1.10992206632298e-7,0,25,1.1,0,14,2.219844144751851e-7
750,8.31241204115648e-17,0,0,0,0,0,0,0,0,0,0,6.554446663893481e-9,6.554446663893481e-9,0,26,1.1,0,14,1.3108893410911082e-8
780,5.5958231202553895e-18,0,0,0,0,0,0,0,0,0,0,3.87061406693606e-10,3.87061406693606e-10,0,27,1.1,0,14,7.741228189830351e-10
810,3.7102519279816497e-19,0,0,0,0,0,0,0,0,0,0,2.2857250937312798e-11,2.2857250937312798e-11,0,28,1.1,0,14,4.571450224565079e-11
840,2.4306233597878097e-20,0,0,0,0,0,0,0,0,0,0,1.34979685059384e-12,1.34979685059384e-12,0,29,1.1,0,14,2.6995937254939136e-12
870,1.5768522050529301e-21,0,0,0,0,0,0,0,0,0,0,7.97100558634196e-14,7.97100558634196e-14,0,30,1.1,0,14,1.594201133036914e-13
900,1.0147364895479199e-22,0,0,0,0,0,0,0,0,0,0,4.7071507292266306e-15,4.7071507292266306e-15,0,31,1.1,0,14,9.41430155992691e-15
930,6.48575960002281e-24,0,0,0,0,0,0,0,0,0,0,2.77973493772683e-16,2.77973493772683e-16,0,32,1.1,0,14,5.559469940311255e-16
960,4.1214254269603796e-25,0,0,0,0,0,0,0,0,0,0,1.64153049371776e-17,1.64153049371776e-17,0,33,1.1,0,14,3.283061028649774e-17
990,2.6059003860200397e-26,0,0,0,0,0,0,0,0,0,0,9.69381690485766e-19,9.69381690485766e-19,0,34,1.1,0,14,1.9387634070305357e-18
1020,1.64047821189718e-27,0,0,0,0,0,0,0,0,0,0,5.72454480796912e-20,5.72454480796912e-20,0,35,1.1,0,14,1.144908977998606e-19
1050,1.02875906082086e-28,0,0,0,0,0,0,0,0,0,0,3.38055023763089e-21,3.38055023763089e-21,0,36,1.1,0,14,6.761100578137686e-21
1080,6.429494545106129e-30,0,0,0,0,0,0,0,0,0,0,1.9963382048152198e-22,1.9963382048152198e-22,0,37,1.1,0,14,3.992676473925385e-22
1110,4.006072799536449e-31,0,0,0,0,0,0,0,0,0,0,1.17891130047582e-23,1.17891130047582e-23,0,38,1.1,0,14,2.3578226410123678e-23
1140,2.48928311599214e-32,0,0,0,0,0,0,0,0,0,0,6.961910435779529e-25,6.961910435779529e-25,0,39,1.1,0,14,1.392382112048737e-24
1170,1.5429726534549998e-33,0,0,0,0,0,0,0,0,0,0,4.11127021258747e-26,4.11127021258747e-26,0,40,1.1,0,14,8.222540579472205e-26
1200,9.54266583751474e-35,0,0,0,0,0,0,0,0,0,0,2.42786145418047e-27,2.42786145418047e-27,0,41,1.1,0,14,4.855723003787599e-27
1230,5.8897205902865596e-36,0,0,0,0,0,0,0,0,0,0,1.4337454979370099e-28,1.4337454979370099e-28,0,42,1.1,0,14,2.8674910547712255e-28
1260,3.62834173446033e-37,0,0,0,0,0,0,0,0,0,0,8.466823818974379e-30,8.466823818974379e-30,0,43,1.1,0,14,1.693364800078293e-29
1290,2.2313930714920201e-38,0,0,0,0,0,0,0,0,0,0,4.99999151336612e-31,4.99999151336612e-31,0,44,1.1,0,14,9.999983249871548e-31
1320,1.37011353424052e-39,0,0,0,0,0,0,0,0,0,0,2.95269303824964e-32,2.95269303824964e-32,0,45,1.1,0,14,5.905386213510633e-32
1350,8.40042454329017e-41,0,0,0,0,0,0,0,0,0,0,1.74368335386567e-33,1.74368335386567e-33,0,46,1.1,0,14,3.4873667917355854e-33
1380,5.14346908919545e-42,0,0,0,0,0,0,0,0,0,0,1.02971545615444e-34,1.02971545615444e-34,0,47,1.1,0,14,2.059430963743571e-34
1410,3.1453027137697995e-43,0,0,0,0,0,0,0,0,0,0,6.08088976009903e-36,6.08088976009903e-36,0,48,1.1,0,14,1.216177983472833e-35
1440,1.9211320036365098e-44,0,0,0,0,0,0,0,0,0,0,3.59101581128436e-37,3.59101581128436e-37,0,49,1.1,0,14,7.18203181468192e-37
1470,1.1721246655958e-45,0,0,0,0,0,0,0,0,0,0,2.12064412163065e-38,2.12064412163065e-38,0,50,1.1,0,14,4.2412883604737666e-38
1500,7.144016948476041e-47,0,0,0,0,0,0,0,0,0,0,1.25232934481223e-39,1.25232934481223e-39,0,51,1.1,0,14,2.5046587610646295e-39
1530,4.35001418060836e-48,0,0,0,0,0,0,0,0,0,0,7.395535223020169e-41,7.395535223020169e-41,0,52,1.1,0,14,1.4791070881041758e-40
1560,2.6463263341161e-49,0,0,0,0,0,0,0,0,0,0,4.3673796986486895e-42,4.3673796986486895e-42,0,53,1.1,0,14,8.734759661930012e-42
1590,1.6085089875276498e-50,0,0,0,0,0,0,0,0,0,0,2.5791261249167394e-43,2.5791261249167394e-43,0,54,1.1,0,14,5.1582524106843774e-43
1620,9.76903955291733e-52,0,0,0,0,0,0,0,0,0,0,1.5230862542884698e-44,1.5230862542884698e-44,0,55,1.1,0,14,3.046172606267335e-44
1650,5.9285396608707e-53,0,0,0,0,0,0,0,0,0,0,8.994493352830351e-46,8.994493352830351e-46,0,56,1.1,0,14,1.798898729851467e-45
1680,3.5952471323736295e-54,0,0,0,0,0,0,0,0,0,0,5.31164693874388e-47,5.31164693874388e-47,0,57,1.1,0,14,1.0623294237012475e-46
1710,2.1787691869323897e-55,0,0,0,0,0,0,0,0,0,0,3.13676499949298e-48,3.13676499949298e-48,0,58,1.1,0,14,6.273530216862878e-48
1740,1.3195025198022798e-56,0,0,0,0,0,0,0,0,0,0,1.85240120605934e-49,1.85240120605934e-49,0,59,1.1,0,14,3.704802544068932e-49
1770,7.986191134506731e-58,0,0,0,0,0,0,0,0,0,0,1.0939271852092499e-50,1.0939271852092499e-50,0,60,1.1,0,14,2.187854450280411e-50
1800,4.83072818432572e-59,0,0,0,0,0,0,0,0,0,0,6.4601419883141e-52,6.4601419883141e-52,0,61,1.1,0,14,1.2920284459701019e-51
1830,2.9203907549663297e-60,0,0,0,0,0,0,0,0,0,0,3.81501280702524e-53,3.81501280702524e-53,0,62,1.1,0,14,7.630025906089555e-53
1860,1.76455825487516e-61,0,0,0,0,0,0,0,0,0,0,2.2529431095741198e-54,2.2529431095741198e-54,0,63,1.1,0,14,4.505886395604065e-54
1890,1.06563423593791e-62,0,0,0,0,0,0,0,0,0,0,1.3304689344300099e-55,1.3304689344300099e-55,0,64,1.1,0,14,2.6609379754234435e-55
1920,6.43231384173004e-64,0,0,0,0,0,0,0,0,0,0,7.85705041941139e-57,7.85705041941139e-57,0,65,1.1,0,14,1.5714101482054165e-56
1950,3.8808095042501104e-65,0,0,0,0,0,0,0,0,0,0,4.63996420113941e-58,4.63996420113941e-58,0,66,1.1,0,14,9.27992879035977e-58
1980,2.34035655211916e-66,0,0,0,0,0,0,0,0,0,0,2.7401226829726502e-59,2.7401226829726502e-59,0,67,1.1,0,14,5.480245599980956e-59
0,250,0,0,0,0,0,0,0,0,0,0,0,0,0,1,1.1,0,15,250
30,250.000322400697,0,0,0,0,0,0,0,0,0,0,0,0,0,2,1.1,0,15,250.000322400697
60,250.000090984018,0,0,0,0,0,0,0,0,0,0,0,0,0,3,1.1,0,15,250.000090984018
90,250.000018876751,0,0,0,0,0,0,0,0,0,0,0,0,0,4,1.1,0,15,250.000018876751
120,208.991052746489,0,0,0,0,0,0,0,0,0,0,50.1847732745374,50.1847732745374,0,5,1.1,0,15,309.3605992955638
150,119.949259970031,0,0,0,0,0,0,0,0,0,0,83.3562994149204,83.3562994149204,0,6,1.1,0,15,286.66185879987177
180,63.6833314279702,0,0,0,0,0,0,0,0,0,0,89.1102705786287,89.1102705786287,0,7,1.1,0,15,241.9038725852276
210,30.2749308002407,0,0,0,0,0,0,0,0,0,0,82.7408535448458,82.7408535448458,0,8,1.1,0,15,195.7566378899323
240,12.126383416521,0,0,0,0,0,0,0,0,0,0,71.0484290120287,71.0484290120287,0,9,1.1,0,15,154.22324144057842
270,3.81913031997747,0,0,0,0,0,0,0,0,0,0,59.0262650012918,59.0262650012918,0,10,1.1,0,15,121.87166032256107
300,0.874204284584357,0,0,0,0,0,0,0,0,0,0,50.3371510607706,50.3371510607706,0,11,1.1,0,15,101.54850640612555
330,0.137400046363619,0,0,0,0,0,0,0,0,0,0,46.0211618430513,46.0211618430513,0,12,1.1,0,15,92.17972373246623
360,0.0153921785919547,0,0,0,0,0,0,0,0,0,0,44.6437847862713,44.6437847862713,0,13,1.1,0,15,89.30296175113455
390,0.00138496632291612,0,0,0,0,0,0,0,0,0,0,44.3641551871066,44.3641551871066,0,14,1.1,0,15,88.72969534053611
420,1.1041712701433e-4,0,0,0,0,0,0,0,0,0,0,44.3244841234338,44.3244841234338,0,15,1.1,0,15,88.64907866399462
450,8.21519399532167e-6,0,0,0,0,0,0,0,0,0,0,44.3200269811135,44.3200269811135,0,16,1.1,0,15,88.640062177421
480,5.85235496412854e-7,0,0,0,0,0,0,0,0,0,0,44.3195941037875,44.3195941037875,0,17,1.1,0,15,88.6391887928105
510,4.04714614441847e-8,0,0,0,0,0,0,0,0,0,0,44.3195558712303,44.3195558712303,0,18,1.1,0,15,88.63911178293206
540,2.73905631049004e-9,0,0,0,0,0,0,0,0,0,0,44.3195527087572,44.3195527087572,0,19,1.1,0,15,88.63910542025346
570,1.99019106496667e-10,0,0,0,0,0,0,0,0,0,0,2.61720137435725,2.61720137435725,0,20,1.1,0,15,5.23440274891352
600,2.09347081155997e-11,0,0,0,0,0,0,0,0,0,0,0.154553525731167,0.154553525731167,0,21,1.1,0,15,0.3091070514832687
630,2.12815438841205e-12,0,0,0,0,0,0,0,0,0,0,0.00912684568420905,0.00912684568420905,0,22,1.1,0,15,0.018253691370546256
660,1.81908895686599e-13,0,0,0,0,0,0,0,0,0,0,5.3896742238406e-4,5.3896742238406e-4,0,23,1.1,0,15,0.001077934844950029
690,1.40778106643763e-14,0,0,0,0,0,0,0,0,0,0,3.18276328840594e-5,3.18276328840594e-5,0,24,1.1,0,15,6.365526578219661e-5
720,1.02836258793887e-15,0,0,0,0,0,0,0,0,0,0,1.87951666968969e-6,1.87951666968969e-6,0,25,1.1,0,15,3.7590333404077428e-6
750,7.23630223135376e-17,0,0,0,0,0,0,0,0,0,0,1.10991070658907e-7,1.10991070658907e-7,0,26,1.1,0,15,2.2198214139017704e-7
780,4.9603427627232294e-18,0,0,0,0,0,0,0,0,0,0,6.55435434456952e-9,6.55435434456952e-9,0,27,1.1,0,15,1.3108708694099383e-8
810,3.33497770838189e-19,0,0,0,0,0,0,0,0,0,0,3.87054222522468e-10,3.87054222522468e-10,0,28,1.1,0,15,7.741084453784338e-10
840,2.20900968470066e-20,0,0,0,0,0,0,0,0,0,0,2.2856710085920698e-11,2.2856710085920698e-11,0,29,1.1,0,15,4.571342019393149e-11
870,1.4459805020084998e-21,0,0,0,0,0,0,0,0,0,0,1.34975718145703e-12,1.34975718145703e-12,0,30,1.1,0,15,2.69951436436004e-12
900,9.374512654455689e-23,0,0,0,0,0,0,0,0,0,0,7.97072069240882e-14,7.97072069240882e-14,0,31,1.1,0,15,1.5941441394192154e-13
930,6.0293562205554995e-24,0,0,0,0,0,0,0,0,0,0,4.706949644243331e-15,4.706949644243331e-15,0,32,1.1,0,15,9.413899294516018e-15
960,3.8518979519692596e-25,0,0,0,0,0,0,0,0,0,0,2.77959505523565e-16,2.77959505523565e-16,0,33,1.1,0,15,5.559190114323198e-16
990,2.44673112856757e-26,0,0,0,0,0,0,0,0,0,0,1.64143438073008e-17,1.64143438073008e-17,0,34,1.1,0,15,3.282868763906891e-17
1020,1.54648046579448e-27,0,0,0,0,0,0,0,0,0,0,9.693163494979599e-19,9.693163494979599e-19,0,35,1.1,0,15,1.9386327005424002e-18
1050,9.7324820301695e-29,0,0,0,0,0,0,0,0,0,0,5.72410468138603e-20,5.72410468138603e-20,0,36,1.1,0,15,1.1448209372504541e-19
1080,6.1016704799178295e-30,0,0,0,0,0,0,0,0,0,0,3.38025616784749e-21,3.38025616784749e-21,0,37,1.1,0,15,6.7605123417966506e-21
1110,3.81247239291428e-31,0,0,0,0,0,0,0,0,0,0,1.99614312540878e-22,1.99614312540878e-22,0,38,1.1,0,15,3.9922862546300324e-22
1140,2.37494938243792e-32,0,0,0,0,0,0,0,0,0,0,1.17878271222607e-23,1.17878271222607e-23,0,39,1.1,0,15,2.3575654268270893e-23
1170,1.47545064705428e-33,0,0,0,0,0,0,0,0,0,0,6.96106766849273e-25,6.96106766849273e-25,0,40,1.1,0,15,1.3922135351739965e-24
1200,9.143898782718029e-35,0,0,0,0,0,0,0,0,0,0,4.11072070239746e-26,4.11072070239746e-26,0,41,1.1,0,15,8.221441413938818e-26
1230,5.6542176534772194e-36,0,0,0,0,0,0,0,0,0,0,2.42750482559255e-27,2.42750482559255e-27,0,42,1.1,0,15,4.8550096568393174e-27
1260,3.48925790035027e-37,0,0,0,0,0,0,0,0,0,0,1.43351502966153e-28,1.43351502966153e-28,0,43,1.1,0,15,2.867030062812318e-28
1290,2.14925199361758e-38,0,0,0,0,0,0,0,0,0,0,8.46534020974525e-30,8.46534020974525e-30,0,44,1.1,0,15,1.6930680440983018e-29
1320,1.32160169925933e-39,0,0,0,0,0,0,0,0,0,0,4.99903985639483e-31,4.99903985639483e-31,0,45,1.1,0,15,9.998079726005677e-31
1350,8.11391524941069e-41,0,0,0,0,0,0,0,0,0,0,2.95208459999984e-32,2.95208459999984e-32,0,46,1.1,0,15,5.904169208113595e-32
1380,4.97425614624561e-42,0,0,0,0,0,0,0,0,0,0,1.7432955283505098e-33,1.7432955283505098e-33,0,47,1.1,0,15,3.486591061675276e-33
1410,3.0453643025657694e-43,0,0,0,0,0,0,0,0,0,0,1.02946894492144e-34,1.02946894492144e-34,0,48,1.1,0,15,2.058937892888244e-34
1440,1.8621070784174198e-44,0,0,0,0,0,0,0,0,0,0,6.07932695822477e-36,6.07932695822477e-36,0,49,1.1,0,15,1.215865393507061e-35
1470,1.13726343307233e-45,0,0,0,0,0,0,0,0,0,0,3.59002745039435e-37,3.59002745039435e-37,0,50,1.1,0,15,7.180054912161334e-37
1500,6.938117842156301e-47,0,0,0,0,0,0,0,0,0,0,2.12002047087411e-38,2.12002047087411e-38,0,51,1.1,0,15,4.2400409486863377e-38
1530,4.2284037679927496e-48,0,0,0,0,0,0,0,0,0,0,1.25193665939309e-39,1.25193665939309e-39,0,52,1.1,0,15,2.5038733230145838e-39
1560,2.5744986634207798e-49,0,0,0,0,0,0,0,0,0,0,7.39306757740386e-41,7.39306757740386e-41,0,53,1.1,0,15,1.4786135180552708e-40
1590,1.56608439613304e-50,0,0,0,0,0,0,0,0,0,0,4.36583192446515e-42,4.36583192446515e-42,0,54,1.1,0,15,8.731663864591144e-42
1620,9.51845830860748e-52,0,0,0,0,0,0,0,0,0,0,2.5781570290567592e-43,2.5781570290567592e-43,0,55,1.1,0,15,5.1563140676319766e-43
1650,5.78053185989018e-53,0,0,0,0,0,0,0,0,0,0,1.52248048995584e-44,1.52248048995584e-44,0,56,1.1,0,15,3.044960985692212e-44
1680,3.5078240841319597e-54,0,0,0,0,0,0,0,0,0,0,8.990712773395099e-46,8.990712773395099e-46,0,57,1.1,0,15,1.798142558186844e-45
1710,2.1271307935637497e-55,0,0,0,0,0,0,0,0,0,0,5.309290981418331e-47,5.309290981418331e-47,0,58,1.1,0,15,1.061858198410797e-46
1740,1.28900074731162e-56,0,0,0,0,0,0,0,0,0,0,3.13529889592568e-48,3.13529889592568e-48,0,59,1.1,0,15,6.270597804741367e-48
1770,7.80602085392951e-58,0,0,0,0,0,0,0,0,0,0,1.85149007411909e-49,1.85149007411909e-49,0,60,1.1,0,15,3.7029801560442004e-49
1800,4.72430234212651e-59,0,0,0,0,0,0,0,0,0,0,1.09336166755708e-50,1.09336166755708e-50,0,61,1.1,0,15,2.1867233398384624e-50
1830,2.8575245794052095e-60,0,0,0,0,0,0,0,0,0,0,6.4566361965649705e-52,6.4566361965649705e-52,0,62,1.1,0,15,1.2913272421705187e-51
1860,1.72742242514254e-61,0,0,0,0,0,0,0,0,0,0,3.81284197611622e-53,3.81284197611622e-53,0,63,1.1,0,15,7.625683969506665e-53
1890,1.0436973231497199e-62,0,0,0,0,0,0,0,0,0,0,2.25160037873705e-54,2.25160037873705e-54,0,64,1.1,0,15,4.503200767911073e-54
1920,6.30272598369982e-64,0,0,0,0,0,0,0,0,0,0,1.32963928122638e-55,1.32963928122638e-55,0,65,1.1,0,15,2.6592785687554857e-55
1950,3.80425695110417e-65,0,0,0,0,0,0,0,0,0,0,7.85192925121353e-57,7.85192925121353e-57,0,66,1.1,0,15,1.570385854046963e-56
1980,2.29513330394757e-66,0,0,0,0,0,0,0,0,0,0,4.6368061065038106e-58,4.6368061065038106e-58,0,67,1.1,0,15,9.273612235958954e-58
0,250,0,0,0,0,0,0,0,0,0,0,0,0,0,1,1.1,0,16,250
30,250.000322400697,0,0,0,0,0,0,0,0,0,0,0,0,0,2,1.1,0,16,250.000322400697
60,250.000090984018,0,0,0,0,0,0,0,0,0,0,0,0,0,3,1.1,0,16,250.000090984018
90,250.000018876751,0,0,0,0,0,0,0,0,0,0,0,0,0,4,1.1,0,16,250.000018876751
120,208.991052746489,0,0,0,0,0,0,0,0,0,0,50.1847732745374,50.1847732745374,0,5,1.1,0,16,309.3605992955638
150,119.949259970031,0,0,0,0,0,0,0,0,0,0,83.3562994149204,83.3562994149204,0,6,1.1,0,16,286.66185879987177
180,63.6833314279702,0,0,0,0,0,0,0,0,0,0,89.1102705786287,89.1102705786287,0,7,1.1,0,16,241.9038725852276
210,30.2749308002407,0,0,0,0,0,0,0,0,0,0,82.7408535448458,82.7408535448458,0,8,1.1,0,16,195.7566378899323
240,12.126383416521,0,0,0,0,0,0,0,0,0,0,71.0484290120287,71.0484290120287,0,9,1.1,0,16,154.22324144057842
270,3.81913031997747,0,0,0,0,0,0,0,0,0,0,59.0262650012918,59.0262650012918,0,10,1.1,0,16,121.87166032256107
300,0.874204284584357,0,0,0,0,0,0,0,0,0,0,50.3371510607706,50.3371510607706,0,11,1.1,0,16,101.54850640612555
330,0.137400046363619,0,0,0,0,0,0,0,0,0,0,46.0211618430513,46.0211618430513,0,12,1.1,0,16,92.17972373246623
360,0.0153921785919547,0,0,0,0,0,0,0,0,0,0,44.6437847862713,44.6437847862713,0,13,1.1,0,16,89.30296175113455
390,0.00138496632291612,0,0,0,0,0,0,0,0,0,0,44.3641551871066,44.3641551871066,0,14,1.1,0,16,88.72969534053611
420,1.1041712701433e-4,0,0,0,0,0,0,0,0,0,0,44.3244841234338,44.3244841234338,0,15,1.1,0,16,88.64907866399462
450,8.21519399532167e-6,0,0,0,0,0,0,0,0,0,0,44.3200269811135,44.3200269811135,0,16,1.1,0,16,88.640062177421
480,5.85235496412854e-7,0,0,0,0,0,0,0,0,0,0,44.3195941037875,44.3195941037875,0,17,1.1,0,16,88.6391887928105
510,4.04714614441847e-8,0,0,0,0,0,0,0,0,0,0,44.3195558712303,44.3195558712303,0,18,1.1,0,16,88.63911178293206
540,2.73905631049004e-9,0,0,0,0,0,0,0,0,0,0,44.3195527087572,44.3195527087572,0,19,1.1,0,16,88.63910542025346
570,1.823645896642e-10,0,0,0,0,0,0,0,0,0,0,44.3195524593331,44.3195524593331,0,20,1.1,0,16,88.63910491884857
600,1.2970057118135099e-11,0,0,0,0,0,0,0,0,0,0,2.61720135181214,2.61720135181214,0,21,1.1,0,16,5.23440270363725
630,1.30814708670118e-12,0,0,0,0,0,0,0,0,0,0,0.154553521911067,0.154553521911067,0,22,1.1,0,16,0.3091070438234421
660,1.29919180412884e-13,0,0,0,0,0,0,0,0,0,0,0.00912684504175564,0.00912684504175564,0,23,1.1,0,16,0.0182536900836412
690,1.09929606703295e-14,0,0,0,0,0,0,0,0,0,0,0.00053896734010641005,0.00053896734010641005,0,24,1.1,0,16,0.001077934680223813
720,8.46141106278053e-16,0,0,0,0,0,0,0,0,0,0,3.18276242280768e-5,3.18276242280768e-5,0,25,1.1,0,16,6.365524845699974e-5
750,6.16021177971601e-17,0,0,0,0,0,0,0,0,0,0,1.87951586482645e-6,1.87951586482645e-6,0,26,1.1,0,16,3.759031729714502e-6
780,4.32487846586711e-18,0,0,0,0,0,0,0,0,0,0,1.10991001684902e-7,1.10991001684902e-7,0,27,1.1,0,16,2.2198200337412886e-7
810,2.95971692314533e-19,0,0,0,0,0,0,0,0,0,0,6.554348762954981e-9,6.554348762954981e-9,0,28,1.1,0,16,1.3108697526205933e-8
840,1.9874068802020698e-20,0,0,0,0,0,0,0,0,0,0,3.87053789531613e-10,3.87053789531613e-10,0,29,1.1,0,16,7.741075790831001e-10
870,1.3151173447406e-21,0,0,0,0,0,0,0,0,0,0,2.2856677567242498e-11,2.2856677567242498e-11,0,30,1.1,0,16,4.5713355135800116e-11
900,8.60172599153747e-23,0,0,0,0,0,0,0,0,0,0,1.34975480089302e-12,1.34975480089302e-12,0,31,1.1,0,16,2.699509601872057e-12
930,5.57300214500671e-24,0,0,0,0,0,0,0,0,0,0,7.97070362216022e-14,7.97070362216022e-14,0,32,1.1,0,16,1.594140724487774e-13
960,3.58240690087418e-25,0,0,0,0,0,0,0,0,0,0,4.70693761100777e-15,4.70693761100777e-15,0,33,1.1,0,16,9.413875222373781e-15
990,2.28758837380828e-26,0,0,0,0,0,0,0,0,0,0,2.77958669341188e-16,2.77958669341188e-16,0,34,1.1,0,16,5.559173387052519e-16
1020,1.45250174884833e-27,0,0,0,0,0,0,0,0,0,0,1.64142864057445e-17,1.64142864057445e-17,0,35,1.1,0,16,3.2828572812941503e-17
1050,9.17750849050473e-29,0,0,0,0,0,0,0,0,0,0,9.69312450203747e-19,9.69312450203747e-19,0,36,1.1,0,16,1.938624900499269e-18
1080,5.77394125046909e-30,0,0,0,0,0,0,0,0,0,0,5.724078434317699e-20,5.724078434317699e-20,0,37,1.1,0,16,1.1448156869212792e-19
1110,3.6189379710310196e-31,0,0,0,0,0,0,0,0,0,0,3.38023864145141e-21,3.38023864145141e-21,0,38,1.1,0,16,6.7604772832647134e-21
1140,2.26066117695481e-32,0,0,0,0,0,0,0,0,0,0,1.99613150496853e-22,1.99613150496853e-22,0,39,1.1,0,16,3.9922630101631258e-22
1170,1.40795981725001e-33,0,0,0,0,0,0,0,0,0,0,1.1787750561466699e-23,1.1787750561466699e-23,0,40,1.1,0,16,2.3575501124341357e-23
1200,8.7453437560954e-35,0,0,0,0,0,0,0,0,0,0,6.9610175119051e-25,6.9610175119051e-25,0,41,1.1,0,16,1.3922035024684735e-24
1230,5.4188580133532997e-36,0,0,0,0,0,0,0,0,0,0,4.1106880113150995e-26,4.1106880113150995e-26,0,42,1.1,0,16,8.221376023172085e-26
1260,3.35027035726426e-37,0,0,0,0,0,0,0,0,0,0,2.42748361667637e-27,2.42748361667637e-27,0,43,1.1,0,16,4.8549672336877676e-27
1290,2.06717527993291e-38,0,0,0,0,0,0,0,0,0,0,1.43350132792227e-28,1.43350132792227e-28,0,44,1.1,0,16,2.8670026560512573e-28
1320,1.27313267869268e-39,0,0,0,0,0,0,0,0,0,0,8.46525203219599e-30,8.46525203219599e-30,0,45,1.1,0,16,1.6930504065665112e-29
1350,7.82768947399637e-41,0,0,0,0,0,0,0,0,0,0,4.99898331022883e-31,4.99898331022883e-31,0,46,1.1,0,16,9.997966621240428e-31
1380,4.80523016802381e-42,0,0,0,0,0,0,0,0,0,0,2.95204845630596e-32,2.95204845630596e-32,0,47,1.1,0,16,5.904096913092443e-32
1410,2.9455487064277393e-43,0,0,0,0,0,0,0,0,0,0,1.74327249517945e-33,1.74327249517945e-33,0,48,1.1,0,16,3.486544990653454e-33
1440,1.8031625374782099e-44,0,0,0,0,0,0,0,0,0,0,1.02945430756849e-34,1.02945430756849e-34,0,49,1.1,0,16,2.0589086153172963e-34
1470,1.10245463550415e-45,0,0,0,0,0,0,0,0,0,0,6.079234180306989e-36,6.079234180306989e-36,0,50,1.1,0,16,1.2158468361716432e-35
1500,6.73255968846796e-47,0,0,0,0,0,0,0,0,0,0,3.58996878569461e-37,3.58996878569461e-37,0,51,1.1,0,16,7.179937572062476e-37
1530,4.10701439752916e-48,0,0,0,0,0,0,0,0,0,0,2.11998346006983e-38,2.11998346006983e-38,0,52,1.1,0,16,4.239966920550362e-38
1560,2.50281389563854e-49,0,0,0,0,0,0,0,0,0,0,1.2519133590517e-39,1.2519133590517e-39,0,53,1.1,0,16,2.5038267183536814e-39
1590,1.52375194773947e-50,0,0,0,0,0,0,0,0,0,0,7.39292117946157e-41,7.39292117946157e-41,0,54,1.1,0,16,1.4785842360446892e-40
1620,9.26846972121609e-52,0,0,0,0,0,0,0,0,0,0,4.3657401127063e-42,4.3657401127063e-42,0,55,1.1,0,16,8.731480226339447e-42
1650,5.63290435623628e-53,0,0,0,0,0,0,0,0,0,0,2.5780995513427896e-43,2.5780995513427896e-43,0,56,1.1,0,16,5.156199103248869e-43
1680,3.4206445233247096e-54,0,0,0,0,0,0,0,0,0,0,1.52244456620294e-44,1.52244456620294e-44,0,57,1.1,0,16,3.044889132747944e-44
1710,2.0756479657466997e-55,0,0,0,0,0,0,0,0,0,0,8.99048859974197e-46,8.99048859974197e-46,0,58,1.1,0,16,1.798097720155959e-45
1740,1.25859816766436e-56,0,0,0,0,0,0,0,0,0,0,5.309151298104911e-47,5.309151298104911e-47,0,59,1.1,0,16,1.061830259746842e-46
1770,7.62648185079637e-58,0,0,0,0,0,0,0,0,0,0,3.13521198084042e-48,3.13521198084042e-48,0,60,1.1,0,16,6.270423962443489e-48
1800,4.61827752647962e-59,0,0,0,0,0,0,0,0,0,0,1.85143606495141e-49,1.85143606495141e-49,0,61,1.1,0,16,3.702872130364648e-49
1830,2.79491272119865e-60,0,0,0,0,0,0,0,0,0,0,1.0933281486221e-50,1.0933281486221e-50,0,62,1.1,0,16,2.186656297523691e-50
1860,1.69044760932613e-61,0,0,0,0,0,0,0,0,0,0,6.4564284231561305e-52,6.4564284231561305e-52,0,63,1.1,0,16,1.2912856848002708e-51
1890,1.02186219156597e-62,0,0,0,0,0,0,0,0,0,0,3.81271333153919e-53,3.81271333153919e-53,0,64,1.1,0,16,7.625426664100242e-53
1920,6.17378054500638e-64,0,0,0,0,0,0,0,0,0,0,2.2515208145208299e-54,2.2515208145208299e-54,0,65,1.1,0,16,4.503041629659038e-54
1950,3.7281092950143403e-65,0,0,0,0,0,0,0,0,0,0,1.3295901236632499e-55,1.3295901236632499e-55,0,66,1.1,0,16,2.659180247699311e-55
1980,2.25016489836139e-66,0,0,0,0,0,0,0,0,0,0,7.85162584169899e-57,7.85162584169899e-57,0,67,1.1,0,16,1.5703251685648144e-56
0,250,0,0,0,0,0,0,0,0,0,0,0,0,0,1,1.1,0,6,250
30,250.000322400697,0,0,0,0,0,0,0,0,0,0,0,0,0,2,1.1,0,6,250.000322400697
60,250.000090984018,0,0,0,0,0,0,0,0,0,0,0,0,0,3,1.1,0,6,250.000090984018
90,250.000018876751,0,0,0,0,0,0,0,0,0,0,0,0,0,4,1.1,0,6,250.000018876751
120,208.991052746489,0,0,0,0,0,0,0,0,0,0,50.1847732745374,50.1847732745374,0,5,1.1,0,6,309.3605992955638
150,119.949259970031,0,0,0,0,0,0,0,0,0,0,83.3562994149204,83.3562994149204,0,6,1.1,0,6,286.66185879987177
180,63.6833314279702,0,0,0,0,0,0,0,0,0,0,89.1102705786287,89.1102705786287,0,7,1.1,0,6,241.9038725852276
210,30.2749308002407,0,0,0,0,0,0,0,0,0,0,82.7408535448458,82.7408535448458,0,8,1.1,0,6,195.7566378899323
240,12.126383416521,0,0,0,0,0,0,0,0,0,0,71.0484290120287,71.0484290120287,0,9,1.1,0,6,154.22324144057842
270,3.81913031997747,0,0,0,0,0,0,0,0,0,0,59.0262650012918,59.0262650012918,0,10,1.1,0,6,121.87166032256107
300,1.38552407765158,0,0,0,0,0,0,0,0,0,0,13.3685377856849,13.3685377856849,0,11,1.1,0,6,28.12259964902138
330,0.806353126570624,0,0,0,0,0,0,0,0,0,0,9.27133383307035,9.27133383307035,0,12,1.1,0,6,19.349020792711325
360,0.695327937171322,0,0,0,0,0,0,0,0,0,0,7.32700777180516,7.32700777180516,0,13,1.1,0,6,15.349343480781643
390,0.666094501679529,0,0,0,0,0,0,0,0,0,0,7.03011015027268,7.03011015027268,0,14,1.1,0,6,14.72631480222489
420,0.680487185286483,0,0,0,0,0,0,0,0,0,0,6.96026578726028,6.96026578726028,0,15,1.1,0,6,14.601018759807042
450,0.709318923814613,0,0,0,0,0,0,0,0,0,0,7.10905070498382,7.10905070498382,0,16,1.1,0,6,14.927420333782253
480,0.748566792235031,0,0,0,0,0,0,0,0,0,0,7.31699871878405,7.31699871878405,0,17,1.1,0,6,15.382564229803132
510,0.793625800005058,0,0,0,0,0,0,0,0,0,0,7.5720293299293,7.5720293299293,0,18,1.1,0,6,15.937684459863657
540,0.843907253285986,0,0,0,0,0,0,0,0,0,0,7.85099961727388,7.85099961727388,0,19,1.1,0,6,16.545906487833747
570,0.898876718961576,0,0,0,0,0,0,0,0,0,0,8.15004616336073,8.15004616336073,0,20,1.1,0,6,17.198969045683036
600,0.958747922043632,0,0,0,0,0,0,0,0,0,0,8.46632070793751,8.46632070793751,0,21,1.1,0,6,17.89138933791865
630,1.02383988404597,0,0,0,0,0,0,0,0,0,0,8.79962010358062,8.79962010358062,0,22,1.1,0,6,18.62308009120721
660,1.09465696426582,0,0,0,0,0,0,0,0,0,0,9.15043212518549,9.15043212518549,0,23,1.1,0,6,19.3955212146368
690,1.17179575569646,0,0,0,0,0,0,0,0,0,0,9.51968380056571,9.51968380056571,0,24,1.1,0,6,20.211163356827882
720,1.25595863599867,0,0,0,0,0,0,0,0,0,0,9.90856723404817,9.90856723404817,0,25,1.1,0,6,21.073093104095012
750,1.34795192766826,0,0,0,0,0,0,0,0,0,0,10.3184359055647,10.3184359055647,0,26,1.1,0,6,21.984823738797658
780,1.44870076381595,0,0,0,0,0,0,0,0,0,0,10.7508021872659,10.7508021872659,0,27,1.1,0,6,22.95030513834775
810,1.55926638213539,0,0,0,0,0,0,0,0,0,0,11.2073231501402,11.2073231501402,0,28,1.1,0,6,23.97391268241579
840,1.68086903882895,0,0,0,0,0,0,0,0,0,0,11.6898137990732,11.6898137990732,0,29,1.1,0,6,25.060496636975348
870,1.81491591386963,0,0,0,0,0,0,0,0,0,0,12.2002573838966,12.2002573838966,0,30,1.1,0,6,26.21543068166283
900,1.96303508202052,0,0,0,0,0,0,0,0,0,0,12.7408222536283,12.7408222536283,0,31,1.1,0,6,27.444679589277122
930,2.12711684286773,0,0,0,0,0,0,0,0,0,0,13.3138794099817,13.3138794099817,0,32,1.1,0,6,28.75487566283113
960,2.30936411673362,0,0,0,0,0,0,0,0,0,0,13.9220223858905,13.9220223858905,0,33,1.1,0,6,30.15340888851462
990,2.51235417265947,0,0,0,0,0,0,0,0,0,0,14.5680883732403,14.5680883732403,0,34,1.1,0,6,31.64853091914007
1020,2.73911457252371,0,0,0,0,0,0,0,0,0,0,15.255180578772,15.255180578772,0,35,1.1,0,6,33.24947573006771
1050,2.99321707508184,0,0,0,0,0,0,0,0,0,0,15.9866911896642,15.9866911896642,0,36,1.1,0,6,34.966599454410236
1080,3.27889434351995,0,0,0,0,0,0,0,0,0,0,16.7663241697954,16.7663241697954,0,37,1.1,0,6,36.81154268311075
1110,3.60118577165058,0,0,0,0,0,0,0,0,0,0,17.5981165716111,17.5981165716111,0,38,1.1,0,6,38.79741891487278
1140,3.96612069816157,0,0,0,0,0,0,0,0,0,0,18.4864563460159,18.4864563460159,0,39,1.1,0,6,40.939033390193366
1170,4.38094989801781,0,0,0,0,0,0,0,0,0,0,19.4360935603288,19.4360935603288,0,40,1.1,0,6,43.25313701867541
1200,4.85443976228365,0,0,0,0,0,0,0,0,0,0,20.4521403642212,20.4521403642212,0,41,1.1,0,6,45.75872049072605
1230,5.39724833241974,0,0,0,0,0,0,0,0,0,0,21.5400527287571,21.5400527287571,0,42,1.1,0,6,48.47735378993394
1260,6.02240879007711,0,0,0,0,0,0,0,0,0,0,22.7055835781034,22.7055835781034,0,43,1.1,0,6,51.43357594628391
1290,6.74595472265536,0,0,0,0,0,0,0,0,0,0,23.9546919225124,23.9546919225124,0,44,1.1,0,6,54.65533856768016
1320,7.58773328661934,0,0,0,0,0,0,0,0,0,0,25.2933852321698,25.2933852321698,0,45,1.1,0,6,58.17450375095894
1350,8.57246829355845,0,0,0,0,0,0,0,0,0,0,26.7274614706396,26.7274614706396,0,46,1.1,0,6,62.02739123483765
1380,9.73115646464485,0,0,0,0,0,0,0,0,0,0,28.2621013686869,28.2621013686869,0,47,1.1,0,6,66.25535920201865
1410,11.1029078938488,0,0,0,0,0,0,0,0,0,0,29.9012384835588,29.9012384835588,0,48,1.1,0,6,70.9053848609664
1440,12.7373769401699,0,0,0,0,0,0,0,0,0,0,31.6466014612965,31.6466014612965,0,49,1.1,0,6,76.03057986276289
1470,14.6979714720423,0,0,0,0,0,0,0,0,0,0,33.4962762119651,33.4962762119651,0,50,1.1,0,6,81.6905238959725
1500,17.066071234754,0,0,0,0,0,0,0,0,0,0,35.4425721049305,35.4425721049305,0,51,1.1,0,6,87.951215444615
1530,19.9465139888855,0,0,0,0,0,0,0,0,0,0,37.4688950818274,37.4688950818274,0,52,1.1,0,6,94.8843041525403
1560,23.474581129011,0,0,0,0,0,0,0,0,0,0,39.545239984338,39.545239984338,0,53,1.1,0,6,102.56506109768699
1590,27.8245434242416,0,0,0,0,0,0,0,0,0,0,41.6218463419619,41.6218463419619,0,54,1.1,0,6,111.0682361081654
1620,33.2193264152281,0,0,0,0,0,0,0,0,0,0,43.6206036773234,43.6206036773234,0,55,1.1,0,6,120.4605337698749
1650,39.9396668872467,0,0,0,0,0,0,0,0,0,0,45.4241473105011,45.4241473105011,0,56,1.1,0,6,130.78796150824888
1680,48.3286496717346,0,0,0,0,0,0,0,0,0,0,46.8636678386071,46.8636678386071,0,57,1.1,0,6,142.0559853489488
1710,58.7829335043435,0,0,0,0,0,0,0,0,0,0,47.7089737435667,47.7089737435667,0,58,1.1,0,6,154.2008809914769
1740,71.7149307231647,0,0,0,0,0,0,0,0,0,0,47.6691241440342,47.6691241440342,0,59,1.1,0,6,167.0531790112331
1770,87.463003123768,0,0,0,0,0,0,0,0,0,0,46.4188147014847,46.4188147014847,0,60,1.1,0,6,180.3006325267374
1800,106.129124979449,0,0,0,0,0,0,0,0,0,0,43.6703084690156,43.6703084690156,0,61,1.1,0,6,193.4697419174802
1830,127.35644610648001,0,0,0,0,0,0,0,0,0,0,39.3001067190816,39.3001067190816,0,62,1.1,0,6,205.9566595446432
1860,150.140482118001,0,0,0,0,0,0,0,0,0,0,33.4962905521019,33.4962905521019,0,63,1.1,0,6,217.13306322220478
1890,172.856660314788,0,0,0,0,0,0,0,0,0,0,26.8264279681642,26.8264279681642,0,64,1.1,0,6,226.5095162511164
1920,193.643653218052,0,0,0,0,0,0,0,0,0,0,20.1154983976454,20.1154983976454,0,65,1.1,0,6,233.8746500133428
1950,211.016112084168,0,0,0,0,0,0,0,0,0,0,14.1516157717448,14.1516157717448,0,66,1.1,0,6,239.3193436276576
1980,224.320839402521,0,0,0,0,0,0,0,0,0,0,9.41003844906399,9.41003844906399,0,67,1.1,0,6,243.14091630064897
0,250,0,0,0,0,0,0,0,0,0,0,0,0,0,1,1.1,0,7,250
30,250.000322400697,0,0,0,0,0,0,0,0,0,0,0,0,0,2,1.1,0,7,250.000322400697
60,250.000090984018,0,0,0,0,0,0,0,0,0,0,0,0,0,3,1.1,0,7,250.000090984018
90,250.000018876751,0,0,0,0,0,0,0,0,0,0,0,0,0,4,1.1,0,7,250.000018876751
120,208.991052746489,0,0,0,0,0,0,0,0,0,0,50.1847732745374,50.1847732745374,0,5,1.1,0,7,309.3605992955638
150,119.949259970031,0,0,0,0,0,0,0,0,0,0,83.3562994149204,83.3562994149204,0,6,1.1,0,7,286.66185879987177
180,63.6833314279702,0,0,0,0,0,0,0,0,0,0,89.1102705786287,89.1102705786287,0,7,1.1,0,7,241.9038725852276
210,30.2749308002407,0,0,0,0,0,0,0,0,0,0,82.7408535448458,82.7408535448458,0,8,1.1,0,7,195.7566378899323
240,12.126383416521,0,0,0,0,0,0,0,0,0,0,71.0484290120287,71.0484290120287,0,9,1.1,0,7,154.22324144057842
270,3.81913031997747,0,0,0,0,0,0,0,0,0,0,59.0262650012918,59.0262650012918,0,10,1.1,0,7,121.87166032256107
300,0.874204284584357,0,0,0,0,0,0,0,0,0,0,50.3371510607706,50.3371510607706,0,11,1.1,0,7,101.54850640612555
330,0.209449399697647,0,0,0,0,0,0,0,0,0,0,5.69490813868788,5.69490813868788,0,12,1.1,0,7,11.599265677073406
360,0.0807782980764373,0,0,0,0,0,0,0,0,0,0,2.56799023418342,2.56799023418342,0,13,1.1,0,7,5.216758766443277
390,0.0452728518587699,0,0,0,0,0,0,0,0,0,0,1.40505353558608,1.40505353558608,0,14,1.1,0,7,2.85537992303093
420,0.0318516054961833,0,0,0,0,0,0,0,0,0,0,0.98010934518404,0.98010934518404,0,15,1.1,0,7,1.9920702958642633
450,0.0247565857779772,0,0,0,0,0,0,0,0,0,0,0.756971292888988,0.756971292888988,0,16,1.1,0,7,1.5386991715559533
480,0.0207078186145998,0,0,0,0,0,0,0,0,0,0,0.628030681209205,0.628030681209205,0,17,1.1,0,7,1.2767691810330097
510,0.0181474629603755,0,0,0,0,0,0,0,0,0,0,0.546093027979303,0.546093027979303,0,18,1.1,0,7,1.1103335189189816
540,0.016482789833864,0,0,0,0,0,0,0,0,0,0,0.492068968574055,0.492068968574055,0,19,1.1,0,7,1.000620726981974
570,0.0153843180963628,0,0,0,0,0,0,0,0,0,0,0.455553664130393,0.455553664130393,0,20,1.1,0,7,0.9264916463571488
600,0.0146783378995287,0,0,0,0,0,0,0,0,0,0,0.431112109357879,0.431112109357879,0,21,1.1,0,7,0.8769025566152867
630,0.0142605549946498,0,0,0,0,0,0,0,0,0,0,0.415377242223599,0.415377242223599,0,22,1.1,0,7,0.8450150394418479
660,0.0140669502159673,0,0,0,0,0,0,0,0,0,0,0.406320747492142,0.406320747492142,0,23,1.1,0,7,0.8267084452002512
690,0.0140567937396935,0,0,0,0,0,0,0,0,0,0,0.402600502327989,0.402600502327989,0,24,1.1,0,7,0.8192577983956715
720,0.0142035279252735,0,0,0,0,0,0,0,0,0,0,0.403336068375752,0.403336068375752,0,25,1.1,0,7,0.8208756646767774
750,0.0144897794004396,0,0,0,0,0,0,0,0,0,0,0.407921265475227,0.407921265475227,0,26,1.1,0,7,0.8303323103508936
780,0.01490410010919,0,0,0,0,0,0,0,0,0,0,0.415936168712026,0.415936168712026,0,27,1.1,0,7,0.8467764375332419
810,0.0154390218604607,0,0,0,0,0,0,0,0,0,0,0.4270799768859,0.4270799768859,0,28,1.1,0,7,0.8695989756322606
840,0.0160896824768312,0,0,0,0,0,0,0,0,0,0,0.44113128145012,0.44113128145012,0,29,1.1,0,7,0.8983522453770711
870,0.0168529058139011,0,0,0,0,0,0,0,0,0,0,0.457918800156532,0.457918800156532,0,30,1.1,0,7,0.9326905061269651
900,0.0177265261335553,0,0,0,0,0,0,0,0,0,0,0.477301647722521,0.477301647722521,0,31,1.1,0,7,0.9723298215785973
930,0.0187089067004214,0,0,0,0,0,0,0,0,0,0,0.499155099017859,0.499155099017859,0,32,1.1,0,7,1.0170191047361394
960,0.0197985942004467,0,0,0,0,0,0,0,0,0,0,0.523360911573505,0.523360911573505,0,33,1.1,0,7,1.0665204173474565
990,0.0209940891356742,0,0,0,0,0,0,0,0,0,0,0.549801080491967,0.549801080491967,0,34,1.1,0,7,1.120596250119608
1020,0.0222937139123235,0,0,0,0,0,0,0,0,0,0,0.578354499936594,0.578354499936594,0,35,1.1,0,7,1.1790027137855117
1050,0.0236955671281853,0,0,0,0,0,0,0,0,0,0,0.608896013116599,0.608896013116599,0,36,1.1,0,7,1.2414875933613834
1080,0.0251975509021012,0,0,0,0,0,0,0,0,0,0,0.64129738862502,0.64129738862502,0,37,1.1,0,7,1.307792328152141
1110,0.0267974565020295,0,0,0,0,0,0,0,0,0,0,0.675429719638583,0.675429719638583,0,38,1.1,0,7,1.3776568957791955
1140,0.0284930910288211,0,0,0,0,0,0,0,0,0,0,0.711166718692323,0.711166718692323,0,39,1.1,0,7,1.450826528413467
1170,0.0302824267017315,0,0,0,0,0,0,0,0,0,0,0.748388381892891,0.748388381892891,0,40,1.1,0,7,1.5270591904875135
1200,0.032163754699148,0,0,0,0,0,0,0,0,0,0,0.78698454360752,0.78698454360752,0,41,1.1,0,7,1.606132841914188
1230,0.034135827806364,0,0,0,0,0,0,0,0,0,0,0.826857933559373,0.826857933559373,0,42,1.1,0,7,1.68785169492511
1260,0.0361979799208801,0,0,0,0,0,0,0,0,0,0,0.867926470096832,0.867926470096832,0,43,1.1,0,7,1.772050920114544
1290,0.0383502151081728,0,0,0,0,0,0,0,0,0,0,0.910124656785535,0.910124656785535,0,44,1.1,0,7,1.8585995286792427
1320,0.0405932636113603,0,0,0,0,0,0,0,0,0,0,0.953404074103066,0.953404074103066,0,45,1.1,0,7,1.9474014118174925
1350,0.0429286063218963,0,0,0,0,0,0,0,0,0,0,0.997733058183475,0.997733058183475,0,46,1.1,0,7,2.0383947226888464
1380,0.0453584722687198,0,0,0,0,0,0,0,0,0,0,1.04309572547617,1.04309572547617,0,47,1.1,0,7,2.1315499232210597
1410,0.0478858155047201,0,0,0,0,0,0,0,0,0,0,1.08949053449904,1.08949053449904,0,48,1.1,0,7,2.2268668845028
1440,0.0505142784262007,0,0,0,0,0,0,0,0,0,0,1.13692857803209,1.13692857803209,0,49,1.1,0,7,2.3243714344903803
1470,0.0532481482798254,0,0,0,0,0,0,0,0,0,0,1.18543177901255,1.18543177901255,0,50,1.1,0,7,2.424111706304925
1500,0.056092312693651,0,0,0,0,0,0,0,0,0,0,1.23503112996981,1.23503112996981,0,51,1.1,0,7,2.526154572633271
1530,0.0590522188156289,0,0,0,0,0,0,0,0,0,0,1.28576507717741,1.28576507717741,0,52,1.1,0,7,2.630582373170449
1560,0.0621338393067384,0,0,0,0,0,0,0,0,0,0,1.33767811303541,1.33767811303541,0,53,1.1,0,7,2.7374900653775587
1590,0.0653436471974459,0,0,0,0,0,0,0,0,0,0,1.39081960756329,1.39081960756329,0,54,1.1,0,7,2.8469828623240256
1620,0.0686886005828577,0,0,0,0,0,0,0,0,0,0,1.44524288428929,1.44524288428929,0,55,1.1,0,7,2.9591743691614374
1650,0.0721761373490264,0,0,0,0,0,0,0,0,0,0,1.50100452770157,1.50100452770157,0,56,1.1,0,7,3.0741851927521666
1680,0.0758141795901576,0,0,0,0,0,0,0,0,0,0,1.55816389815828,1.55816389815828,0,57,1.1,0,7,3.1921419759067176
1710,0.0796111470654101,0,0,0,0,0,0,0,0,0,0,1.61678282454632,1.61678282454632,0,58,1.1,0,7,3.31317679615805
1740,0.0835759789119745,0,0,0,0,0,0,0,0,0,0,1.67692544363754,1.67692544363754,0,59,1.1,0,7,3.4374268661870544
1770,0.087718162832166,0,0,0,0,0,0,0,0,0,0,1.738658156669,1.738658156669,0,60,1.1,0,7,3.5650344761701662
1800,0.0920477710636917,0,0,0,0,0,0,0,0,0,0,1.80204967701237,1.80204967701237,0,61,1.1,0,7,3.6961471250884315
1830,0.0965755025883613,0,0,0,0,0,0,0,0,0,0,1.86717114698943,1.86717114698943,0,62,1.1,0,7,3.8309177965672214
1860,0.101312731207904,0,0,0,0,0,0,0,0,0,0,1.93409630628071,1.93409630628071,0,63,1.1,0,7,3.969505343769324
1890,0.10627155929694,0,0,0,0,0,0,0,0,0,0,2.00290169853413,2.00290169853413,0,64,1.1,0,7,4.1120749563652
1920,0.111464877220358,0,0,0,0,0,0,0,0,0,0,2.07366690646697,2.07366690646697,0,65,1.1,0,7,4.258798690154299
1950,0.116906428568816,0,0,0,0,0,0,0,0,0,0,2.14647480885673,2.14647480885673,0,66,1.1,0,7,4.409856046282276
1980,0.122610881519616,0,0,0,0,0,0,0,0,0,0,2.22141185532434,2.22141185532434,0,67,1.1,0,7,4.565434592168296
0,250,0,0,0,0,0,0,0,0,0,0,0,0,0,1,1.1,0,8,250
30,250.000322400697,0,0,0,0,0,0,0,0,0,0,0,0,0,2,1.1,0,8,250.000322400697
60,250.000090984018,0,0,0,0,0,0,0,0,0,0,0,0,0,3,1.1,0,8,250.000090984018
90,250.000018876751,0,0,0,0,0,0,0,0,0,0,0,0,0,4,1.1,0,8,250.000018876751
120,208.991052746489,0,0,0,0,0,0,0,0,0,0,50.1847732745374,50.1847732745374,0,5,1.1,0,8,309.3605992955638
150,119.949259970031,0,0,0,0,0,0,0,0,0,0,83.3562994149204,83.3562994149204,0,6,1.1,0,8,286.66185879987177
180,63.6833314279702,0,0,0,0,0,0,0,0,0,0,89.1102705786287,89.1102705786287,0,7,1.1,0,8,241.9038725852276
210,30.2749308002407,0,0,0,0,0,0,0,0,0,0,82.7408535448458,82.7408535448458,0,8,1.1,0,8,195.7566378899323
240,12.126383416521,0,0,0,0,0,0,0,0,0,0,71.0484290120287,71.0484290120287,0,9,1.1,0,8,154.22324144057842
270,3.81913031997747,0,0,0,0,0,0,0,0,0,0,59.0262650012918,59.0262650012918,0,10,1.1,0,8,121.87166032256107
300,0.874204284584357,0,0,0,0,0,0,0,0,0,0,50.3371510607706,50.3371510607706,0,11,1.1,0,8,101.54850640612555
330,0.137400046363619,0,0,0,0,0,0,0,0,0,0,46.0211618430513,46.0211618430513,0,12,1.1,0,8,92.17972373246623
360,0.021426615561598802,0,0,0,0,0,0,0,0,0,0,3.16395774880702,3.16395774880702,0,13,1.1,0,8,6.349342113175639
390,0.00521172763471975,0,0,0,0,0,0,0,0,0,0,0.490263946460169,0.490263946460169,0,14,1.1,0,8,0.9857396205550578
420,0.00117003661168856,0,0,0,0,0,0,0,0,0,0,0.136692254016788,0.136692254016788,0,15,1.1,0,8,0.2745545446452646
450,3.1177160663763e-4,0,0,0,0,0,0,0,0,0,0,0.0357171059264459,0.0357171059264459,0,16,1.1,0,8,0.07174598345952943
480,8.69590514324636e-5,0,0,0,0,0,0,0,0,0,0,0.00979313136961245,0.00979313136961245,0,17,1.1,0,8,0.019673221790657364
510,2.41609614581468e-5,0,0,0,0,0,0,0,0,0,0,0.00273705017744128,0.00273705017744128,0,18,1.1,0,8,0.005498261316340707
540,6.7597522346216e-6,0,0,0,0,0,0,0,0,0,0,7.6367173606684e-4,7.6367173606684e-4,0,19,1.1,0,8,0.0015341032243683017
570,1.89506387271687e-6,0,0,0,0,0,0,0,0,0,0,2.137064153149e-4,2.137064153149e-4,0,20,1.1,0,8,4.2930789450251684e-4
600,5.31904341537414e-7,0,0,0,0,0,0,0,0,0,0,5.99039530257575e-5,5.99039530257575e-5,0,21,1.1,0,8,1.2033981039305242e-4
630,1.49523506197235e-7,0,0,0,0,0,0,0,0,0,0,1.68127742216551e-5,1.68127742216551e-5,0,22,1.1,0,8,3.3775071949507436e-5
660,4.20899772687579e-8,0,0,0,0,0,0,0,0,0,0,4.72540341997833e-6,4.72540341997833e-6,0,23,1.1,0,8,9.492896817225418e-6
690,1.18642669714304e-8,0,0,0,0,0,0,0,0,0,0,1.32994185845684e-6,1.32994185845684e-6,0,24,1.1,0,8,2.6717479838851103e-6
720,3.34889357053596e-9,0,0,0,0,0,0,0,0,0,0,3.74817530730046e-7,3.74817530730046e-7,0,25,1.1,0,8,7.529839550306279e-7
750,9.46584015425534e-10,0,0,0,0,0,0,0,0,0,0,1.05780124060538e-7,1.05780124060538e-7,0,26,1.1,0,8,2.1250683213650154e-7
780,2.67926796672879e-10,0,0,0,0,0,0,0,0,0,0,2.98941304963288e-8,2.98941304963288e-8,0,27,1.1,0,8,6.005618778933048e-8
810,7.59405853403804e-11,0,0,0,0,0,0,0,0,0,0,8.459935677400991e-9,8.459935677400991e-9,0,28,1.1,0,8,1.6995811940142364e-8
840,2.1554306218246697e-11,0,0,0,0,0,0,0,0,0,0,2.39744746308057e-9,2.39744746308057e-9,0,29,1.1,0,8,4.816449232379387e-9
870,6.126297492132799e-12,0,0,0,0,0,0,0,0,0,0,6.80351897550376e-10,6.80351897550376e-10,0,30,1.1,0,8,1.3668300925928848e-9
900,1.74368343363839e-12,0,0,0,0,0,0,0,0,0,0,1.9334019992543601e-10,1.9334019992543601e-10,0,31,1.1,0,8,3.884240832845104e-10
930,4.969862022036899e-13,0,0,0,0,0,0,0,0,0,0,5.5019468364061895e-11,5.5019468364061895e-11,0,32,1.1,0,8,1.1053592293032747e-10
960,1.41850139726163e-13,0,0,0,0,0,0,0,0,0,0,1.5678982920836e-11,1.5678982920836e-11,0,33,1.1,0,8,3.149981598139816e-11
990,4.05439046821502e-14,0,0,0,0,0,0,0,0,0,0,4.4743326749497596e-12,4.4743326749497596e-12,0,34,1.1,0,8,8.98920925458167e-12
1020,1.16046854604587e-14,0,0,0,0,0,0,0,0,0,0,1.27864259042975e-12,1.27864259042975e-12,0,35,1.1,0,8,2.5688898663199583e-12
1050,3.3262493969076002e-15,0,0,0,0,0,0,0,0,0,0,3.65916675608342e-13,3.65916675608342e-13,0,36,1.1,0,8,7.351596006135916e-13
1080,9.5475407767372e-16,0,0,0,0,0,0,0,0,0,0,1.04864626789225e-13,1.04864626789225e-13,0,37,1.1,0,8,2.1068400765612372e-13
1110,2.7443858052001005e-16,0,0,0,0,0,0,0,0,0,0,3.00947855672488e-14,3.00947855672488e-14,0,38,1.1,0,8,6.046400971501761e-14
1140,7.899823628124399e-17,0,0,0,0,0,0,0,0,0,0,8.649093011324291e-15,8.649093011324291e-15,0,39,1.1,0,8,1.7377184258929828e-14
1170,2.27724565143839e-17,0,0,0,0,0,0,0,0,0,0,2.4892505897123804e-15,2.4892505897123804e-15,0,40,1.1,0,8,5.001273635939145e-15
1200,6.573918218078469e-18,0,0,0,0,0,0,0,0,0,0,7.17442458420473e-16,7.17442458420473e-16,0,41,1.1,0,8,1.4414588350590245e-15
1230,1.9004757132634197e-18,0,0,0,0,0,0,0,0,0,0,2.0707497197937002e-16,2.0707497197937002e-16,0,42,1.1,0,8,4.1605041967200347e-16
1260,5.5020641817561395e-19,0,0,0,0,0,0,0,0,0,0,5.98538252706928e-17,5.98538252706928e-17,0,43,1.1,0,8,1.2025785695956123e-16
1290,1.59520307789829e-19,0,0,0,0,0,0,0,0,0,0,1.73253360213825e-17,1.73253360213825e-17,0,44,1.1,0,8,3.4810192350554826e-17
1320,4.63164227938563e-20,0,0,0,0,0,0,0,0,0,0,5.02225286145405e-18,5.02225286145405e-18,0,45,1.1,0,8,1.0090822145701956e-17
1350,1.3467421650257299e-20,0,0,0,0,0,0,0,0,0,0,1.45795575159072e-18,1.45795575159072e-18,0,46,1.1,0,8,2.929378924831697e-18
1380,3.92162483195642e-21,0,0,0,0,0,0,0,0,0,0,4.2385829503551795e-19,4.2385829503551795e-19,0,47,1.1,0,8,8.516382149029923e-19
1410,1.14361935698189e-21,0,0,0,0,0,0,0,0,0,0,1.2340402566308298e-19,1.2340402566308298e-19,0,48,1.1,0,8,2.4795167068314786e-19
1440,3.3398930192254598e-22,0,0,0,0,0,0,0,0,0,0,3.5980897794645e-20,3.5980897794645e-20,0,49,1.1,0,8,7.229578489121255e-20
1470,9.768344431561459e-23,0,0,0,0,0,0,0,0,0,0,1.0506315301985099e-20,1.0506315301985099e-20,0,50,1.1,0,8,2.1110314048285812e-20
1500,2.86120171143585e-23,0,0,0,0,0,0,0,0,0,0,3.07231950149827e-21,3.07231950149827e-21,0,51,1.1,0,8,6.1732510201108985e-21
1530,8.3929928450354e-24,0,0,0,0,0,0,0,0,0,0,8.99749455816252e-22,8.99749455816252e-22,0,52,1.1,0,8,1.8078919044775392e-21
1560,2.46562976679625e-24,0,0,0,0,0,0,0,0,0,0,2.63886904381891e-22,2.63886904381891e-22,0,53,1.1,0,8,5.3023943853057825e-22
1590,7.254095842160649e-25,0,0,0,0,0,0,0,0,0,0,7.75098482125395e-23,7.75098482125395e-23,0,54,1.1,0,8,1.5574510600929506e-22
1620,2.1373956129351898e-25,0,0,0,0,0,0,0,0,0,0,2.2800297617345798e-23,2.2800297617345798e-23,0,55,1.1,0,8,4.5814334795985117e-23
1650,6.30716993979832e-26,0,0,0,0,0,0,0,0,0,0,6.716925249825381e-24,6.716925249825381e-24,0,56,1.1,0,8,1.3496922199048746e-23
1680,1.8639486766181098e-26,0,0,0,0,0,0,0,0,0,0,1.98174914997276e-24,1.98174914997276e-24,0,57,1.1,0,8,3.982137786711701e-24
1710,5.51677126111344e-27,0,0,0,0,0,0,0,0,0,0,5.855673009479989e-25,5.855673009479989e-25,0,58,1.1,0,8,1.1766513731571112e-24
1740,1.63526987277312e-27,0,0,0,0,0,0,0,0,0,0,1.7328331113826698e-25,1.7328331113826698e-25,0,59,1.1,0,8,3.4820189214930706e-25
1770,4.854551960912629e-28,0,0,0,0,0,0,0,0,0,0,5.1355890662023096e-26,5.1355890662023096e-26,0,60,1.1,0,8,1.0319723652013746e-25
1800,1.4433311022061398e-28,0,0,0,0,0,0,0,0,0,0,1.52433081992154e-26,1.52433081992154e-26,0,61,1.1,0,8,3.0630949508651414e-26
1830,4.2977557641274897e-29,0,0,0,0,0,0,0,0,0,0,4.5313277158493995e-27,4.5313277158493995e-27,0,62,1.1,0,8,9.105632989340075e-27
1860,1.2816761210768198e-29,0,0,0,0,0,0,0,0,0,0,1.3490586767638e-27,1.3490586767638e-27,0,63,1.1,0,8,2.710934114738368e-27
1890,3.82804927586219e-30,0,0,0,0,0,0,0,0,0,0,4.0225105231214298e-28,4.0225105231214298e-28,0,64,1.1,0,8,8.083301539001481e-28
1920,1.1450943829347899e-30,0,0,0,0,0,0,0,0,0,0,1.20123059934719e-28,1.20123059934719e-28,0,65,1.1,0,8,2.4139121425237277e-28
1950,3.43061095324746e-31,0,0,0,0,0,0,0,0,0,0,3.59269465278054e-29,3.59269465278054e-29,0,66,1.1,0,8,7.219695415093555e-29
1980,1.02936635172829e-31,0,0,0,0,0,0,0,0,0,0,1.07616988775422e-29,1.07616988775422e-29,0,67,1.1,0,8,2.162633439025723e-29
0,250,0,0,0,0,0,0,0,0,0,0,0,0,0,1,1.1,0,9,250
30,250.000322400697,0,0,0,0,0,0,0,0,0,0,0,0,0,2,1.1,0,9,250.000322400697
60,250.000090984018,0,0,0,0,0,0,0,0,0,0,0,0,0,3,1.1,0,9,250.000090984018
90,250.000018876751,0,0,0,0,0,0,0,0,0,0,0,0,0,4,1.1,0,9,250.000018876751
120,208.991052746489,0,0,0,0,0,0,0,0,0,0,50.1847732745374,50.1847732745374,0,5,1.1,0,9,309.3605992955638
150,119.949259970031,0,0,0,0,0,0,0,0,0,0,83.3562994149204,83.3562994149204,0,6,1.1,0,9,286.66185879987177
180,63.6833314279702,0,0,0,0,0,0,0,0,0,0,89.1102705786287,89.1102705786287,0,7,1.1,0,9,241.9038725852276
210,30.2749308002407,0,0,0,0,0,0,0,0,0,0,82.7408535448458,82.7408535448458,0,8,1.1,0,9,195.7566378899323
240,12.126383416521,0,0,0,0,0,0,0,0,0,0,71.0484290120287,71.0484290120287,0,9,1.1,0,9,154.22324144057842
270,3.81913031997747,0,0,0,0,0,0,0,0,0,0,59.0262650012918,59.0262650012918,0,10,1.1,0,9,121.87166032256107
300,0.874204284584357,0,0,0,0,0,0,0,0,0,0,50.3371510607706,50.3371510607706,0,11,1.1,0,9,101.54850640612555
330,0.137400046363619,0,0,0,0,0,0,0,0,0,0,46.0211618430513,46.0211618430513,0,12,1.1,0,9,92.17972373246623
360,0.0153921785919547,0,0,0,0,0,0,0,0,0,0,44.6437847862713,44.6437847862713,0,13,1.1,0,9,89.30296175113455
390,0.00177211618095017,0,0,0,0,0,0,0,0,0,0,2.68561616402308,2.68561616402308,0,14,1.1,0,9,5.37300444422711
420,3.2401192302346e-4,0,0,0,0,0,0,0,0,0,0,0.184444773740829,0.184444773740829,0,15,1.1,0,9,0.3692135594046814
450,4.32383205542022e-5,0,0,0,0,0,0,0,0,0,0,0.017857972563669,0.017857972563669,0,16,1.1,0,9,0.0357591834478922
480,4.66581034581559e-6,0,0,0,0,0,0,0,0,0,0,0.00202336737277037,0.00202336737277037,0,17,1.1,0,9,0.004051400555886556
510,4.82620036258876e-7,0,0,0,0,0,0,0,0,0,0,2.2472518624143e-4,2.2472518624143e-4,0,18,1.1,0,9,4.4993299251911887e-4
540,5.02903090239386e-8,0,0,0,0,0,0,0,0,0,0,2.41801008739187e-5,2.41801008739187e-5,0,19,1.1,0,9,4.841049205686134e-5
570,5.30156766822343e-9,0,0,0,0,0,0,0,0,0,0,2.56575777156448e-6,2.56575777156448e-6,0,20,1.1,0,9,5.1368171107971835e-6
600,5.62193603679806e-10,0,0,0,0,0,0,0,0,0,0,2.71502725637805e-7,2.71502725637805e-7,0,21,1.1,0,9,5.435676448792898e-7
630,5.971223600798209e-11,0,0,0,0,0,0,0,0,0,0,2.87571923862425e-8,2.87571923862425e-8,0,22,1.1,0,9,5.757409700849298e-8
660,6.34186074636099e-12,0,0,0,0,0,0,0,0,0,0,3.0496200044113204e-9,3.0496200044113204e-9,0,23,1.1,0,9,6.1055818695690014e-09
690,6.73342688627911e-13,0,0,0,0,0,0,0,0,0,0,3.2361597967127403e-10,3.2361597967127403e-10,0,24,1.1,0,9,6.47905302031176e-10
720,7.14808145196039e-14,0,0,0,0,0,0,0,0,0,0,3.43492309530506e-11,3.43492309530506e-11,0,25,1.1,0,9,6.876994272062079e-11
750,7.58828077439161e-15,0,0,0,0,0,0,0,0,0,0,3.64614533448197e-12,3.64614533448197e-12,0,26,1.1,0,9,7.299878949738331e-12
780,8.05617436160486e-16,0,0,0,0,0,0,0,0,0,0,3.8705123240105e-13,3.8705123240105e-13,0,27,1.1,0,9,7.749080822382605e-13
810,8.55368704157434e-17,0,0,0,0,0,0,0,0,0,0,4.10891085987667e-14,4.10891085987667e-14,0,28,1.1,0,9,8.226375406794915e-14
840,9.08271555380317e-18,0,0,0,0,0,0,0,0,0,0,4.36229902816946e-15,4.36229902816946e-15,0,29,1.1,0,9,8.733680771892723e-15
870,9.64525381140421e-19,0,0,0,0,0,0,0,0,0,0,4.63167211298974e-16,4.63167211298974e-16,0,30,1.1,0,9,9.272989479790883e-16
900,1.0243442220240299e-19,0,0,0,0,0,0,0,0,0,0,4.91806962197834e-17,4.91806962197834e-17,0,31,1.1,0,9,9.84638268617692e-17
930,1.08795793647272e-20,0,0,0,0,0,0,0,0,0,0,5.22259019833883e-18,5.22259019833883e-18,0,32,1.1,0,9,1.0456059976042387e-17
960,1.1556124340083999e-21,0,0,0,0,0,0,0,0,0,0,5.546403056363249e-19,5.546403056363249e-19,0,33,1.1,0,9,1.1104362237066583e-18
990,1.22757012472074e-22,0,0,0,0,0,0,0,0,0,0,5.890755341594149e-20,5.890755341594149e-20,0,34,1.1,0,9,1.1793786384435506e-19
1020,1.3041107702320999e-23,0,0,0,0,0,0,0,0,0,0,6.25697755477965e-21,6.25697755477965e-21,0,35,1.1,0,9,1.2526996217261622e-20
1050,1.38553261141934e-24,0,0,0,0,0,0,0,0,0,0,6.646488706315519e-22,6.646488706315519e-22,0,36,1.1,0,9,1.3306832738745232e-21
1080,1.47215364541881e-25,0,0,0,0,0,0,0,0,0,0,7.060801917516539e-23,7.060801917516539e-23,0,37,1.1,0,9,1.4136325371487266e-22
1110,1.56431299240815e-26,0,0,0,0,0,0,0,0,0,0,7.50153061700135e-24,7.50153061700135e-24,0,38,1.1,0,9,1.5018704363926782e-23
1140,1.66237234178989e-27,0,0,0,0,0,0,0,0,0,0,7.970395291630349e-25,7.970395291630349e-25,0,39,1.1,0,9,1.5957414306678598e-24
1170,1.7667174872491799e-28,0,0,0,0,0,0,0,0,0,0,8.469230746124199e-26,8.469230746124199e-26,0,40,1.1,0,9,1.695612866712089e-25
1200,1.8777599634496998e-29,0,0,0,0,0,0,0,0,0,0,8.99999386535089e-27,8.99999386535089e-27,0,41,1.1,0,9,1.8018765330336278e-26
1230,1.99593879526906e-30,0,0,0,0,0,0,0,0,0,0,9.564771904015759e-28,9.564771904015759e-28,0,42,1.1,0,9,1.914950319598421e-27
1260,2.1217223686957097e-31,0,0,0,0,0,0,0,0,0,0,1.01657913426917e-28,1.01657913426917e-28,0,43,1.1,0,9,2.035279990907036e-28
1290,2.25561043196852e-32,0,0,0,0,0,0,0,0,0,0,1.08054273537255e-29,1.08054273537255e-29,0,44,1.1,0,9,2.1633410811770684e-29
1320,2.3981362358842e-33,0,0,0,0,0,0,0,0,0,0,1.1486213922162798e-30,1.1486213922162798e-30,0,45,1.1,0,9,2.299640920668444e-30
1350,2.54986882291387e-34,0,0,0,0,0,0,0,0,0,0,1.2210854668584099e-31,1.2210854668584099e-31,0,46,1.1,0,9,2.4447208025397337e-31
1380,2.7114154755772796e-35,0,0,0,0,0,0,0,0,0,0,1.29822344233964e-32,1.29822344233964e-32,0,47,1.1,0,9,2.5991583001548573e-32
1410,2.88342433533958e-36,0,0,0,0,0,0,0,0,0,0,1.3803431605505e-33,1.3803431605505e-33,0,48,1.1,0,9,2.7635697454363397e-33
1440,3.06658720412574e-37,0,0,0,0,0,0,0,0,0,0,1.46777314621291e-34,1.46777314621291e-34,0,49,1.1,0,9,2.9386128796299456e-34
1470,3.26164254141991e-38,0,0,0,0,0,0,0,0,0,0,1.56086402306746e-35,1.56086402306746e-35,0,50,1.1,0,9,3.12498968867634e-35
1500,3.46937867084694e-39,0,0,0,0,0,0,0,0,0,0,1.65999002879946e-36,1.65999002879946e-36,0,51,1.1,0,9,3.323449436269767e-36
1530,3.69063721113442e-40,0,0,0,0,0,0,0,0,0,0,1.7655506357092999e-37,1.7655506357092999e-37,0,52,1.1,0,9,3.534791908629734e-37
1560,3.92631674742918e-41,0,0,0,0,0,0,0,0,0,0,1.8779722846377601e-38,1.8779722846377601e-38,0,53,1.1,0,9,3.7598708860229495e-38
1590,4.1773767600982795e-42,0,0,0,0,0,0,0,0,0,0,1.99771024019886e-39,1.99771024019886e-39,0,54,1.1,0,9,3.999597857157818e-39
1620,4.4448418293862996e-43,0,0,0,0,0,0,0,0,0,0,2.12525057595529e-40,2.12525057595529e-40,0,55,1.1,0,9,4.254945993739966e-40
1650,4.729806135633149e-44,0,0,0,0,0,0,0,0,0,0,2.2611122987956499e-41,2.2611122987956499e-41,0,56,1.1,0,9,4.526954403726933e-41
1680,5.0334382761878494e-45,0,0,0,0,0,0,0,0,0,0,2.40584962244405e-42,2.40584962244405e-42,0,57,1.1,0,9,4.8167326831642875e-42
1710,5.35698642169022e-46,0,0,0,0,0,0,0,0,0,0,2.5600544007527196e-43,2.5600544007527196e-43,0,58,1.1,0,9,5.125465787927129e-43
1740,5.70178383604241e-47,0,0,0,0,0,0,0,0,0,0,2.7243587322013796e-44,2.7243587322013796e-44,0,59,1.1,0,9,5.454419248238801e-44
1770,6.06925478616402e-48,0,0,0,0,0,0,0,0,0,0,2.89943774785791e-45,2.89943774785791e-45,0,60,1.1,0,9,5.804944750501984e-45
1800,6.4609208695279494e-49,0,0,0,0,0,0,0,0,0,0,3.08601259594597e-46,3.08601259594597e-46,0,61,1.1,0,9,6.178486112761468e-46
1830,6.87840778951803e-50,0,0,0,0,0,0,0,0,0,0,3.28485363712335e-47,3.28485363712335e-47,0,62,1.1,0,9,6.576585682036219e-47
1860,7.32345261084528e-51,0,0,0,0,0,0,0,0,0,0,3.49678386560299e-48,3.49678386560299e-48,0,63,1.1,0,9,7.000891183816826e-48
1890,7.79791152961887e-52,0,0,0,0,0,0,0,0,0,0,3.72268257235315e-49,3.72268257235315e-49,0,64,1.1,0,9,7.453163056235919e-49
1920,8.303768195201231e-53,0,0,0,0,0,0,0,0,0,0,3.96348926780017e-50,3.96348926780017e-50,0,65,1.1,0,9,7.935282303795541e-50
1950,8.84314262370012e-54,0,0,0,0,0,0,0,0,0,0,4.22020788273147e-51,4.22020788273147e-51,0,66,1.1,0,9,8.44925890808664e-51
1980,9.41830074587595e-55,0,0,0,0,0,0,0,0,0,0,4.4939112674661805e-52,4.4939112674661805e-52,0,67,1.1,0,9,8.997240835678237e-52
0,250,0,0,0,0,0,0,0,0,0,0,0,0,0,1,1.1,1e-4,10,250
30,250.000322400697,0,0,0,0,0,0,0,0,0,0,0,0,0,2,1.1,1e-4,10,250.000322400697
60,250.000090984018,0,0,0,0,0,0,0,0,0,0,0,0,0,3,1.1,1e-4,10,250.000090984018
90,250.000018876751,0,0,0,0,0,0,0,0,0,0,0,0,0,4,1.1,1e-4,10,250.000018876751
120,208.982706943909,0,0,0,0,0,0,0,0,0,0,50.1832494369235,50.1832494369235,0.012229954920345,5,1.1,1e-4,10,309.3614357726763
150,119.937563960995,0,0,0,0,0,0,0,0,0,0,83.3486367622837,83.3473387079533,0.0380771721431862,6,1.1,1e-4,10,286.6716166033752
180,63.6737915421799,0,0,0,0,0,0,0,0,0,0,89.1012440590866,89.0986737662205,0.0785569381224658,7,1.1,1e-4,10,241.95226630560947
210,30.2774292786647,0,0,0,0,0,0,0,0,0,0,82.7492543224762,82.7462589501618,0.139796239963274,8,1.1,1e-4,10,195.91273879126598
240,12.1505965215754,0,0,0,0,0,0,0,0,0,0,71.1287458134931,71.1262167238942,0.230360162564821,9,1.1,1e-4,10,154.63591922152753
270,3.86601004537931,0,0,0,0,0,0,0,0,0,0,59.2954450225805,59.2938416558433,0.362016824255709,10,1.1,1e-4,10,122.81731354805882
300,0.929062357763215,0,0,0,0,0,0,0,0,0,0,50.9731627056297,50.9723832005608,0.548441930657722,11,1.1,1e-4,10,103.42305019461143
330,0.178327852533245,0,0,0,0,0,0,0,0,0,0,47.184092873956,47.1837243107945,0.807949617178478,12,1.1,1e-4,10,95.35409465446222
360,0.0352371343543122,0,0,0,0,0,0,0,0,0,0,46.422545301415,46.4222482356415,1.17286172697079,13,1.1,1e-4,10,94.0528923983816
390,0.00841150550419856,0,0,0,0,0,0,0,0,0,0,46.8920086510481,46.891633454106604,1.69019152234102,14,1.1,1e-4,10,95.48224513299992
420,0.00442591489657154,0,0,0,0,0,0,0,0,0,0,11.7953988102414,11.7939090258707,1.72365944782095,15,1.1,1e-4,10,25.31739319882962
450,0.00424416910857348,0,0,0,0,0,0,0,0,0,0,14.9365236294248,14.9337172500936,10.7001760947383,16,1.1,1e-4,10,40.574661143365276
480,0.0104145949220314,0,0,0,0,0,0,0,0,0,0,32.9915897079789,32.9852380701014,35.0155681130841,17,1.1,1e-4,10,101.00281048608643
510,0.0133989951576369,0,0,0,0,0,0,0,0,0,0,43.3454091469495,43.3375282458452,74.1830735273212,18,1.1,1e-4,10,160.87940991527353
540,0.0132383296007117,0,0,0,0,0,0,0,0,0,0,42.6081349036397,42.6010010763522,112.531019606598,19,1.1,1e-4,10,197.75339391619062
570,0.0124370695764339,0,0,0,0,0,0,0,0,0,0,40.072316179656,40.0662330237717,138.815059782455,20,1.1,1e-4,10,218.96604605545912
600,0.0111067691596765,0,0,0,0,0,0,0,0,0,0,35.7716134442534,35.7666640062927,158.672796534174,21,1.1,1e-4,10,230.2221807538798
630,0.00989687421364544,0,0,0,0,0,0,0,0,0,0,31.8731248785148,31.8690778709017,172.893915161528,22,1.1,1e-4,10,236.64601478515817
660,0.00883180203258488,0,0,0,0,0,0,0,0,0,0,28.4393876612342,28.4360443775884,183.617443930162,23,1.1,1e-4,10,240.50170777101718
690,0.00793074915424372,0,0,0,0,0,0,0,0,0,0,25.5351304025882,25.5323286633674,191.881642242794,24,1.1,1e-4,10,242.95703205790383
720,0.00717073877416136,0,0,0,0,0,0,0,0,0,0,23.0855554187846,23.0831745297722,198.422895503375,25,1.1,1e-4,10,244.59879619070597
750,0.00652807299740878,0,0,0,0,0,0,0,0,0,0,21.0143097350187,21.0122602743837,203.70983016733,26,1.1,1e-4,10,245.74292824972983
780,0.00598102720724729,0,0,0,0,0,0,0,0,0,0,19.2513066844245,19.2495221250076,208.061307187624,27,1.1,1e-4,10,246.56811702426336
810,0.00551178090464697,0,0,0,0,0,0,0,0,0,0,17.739085734294,17.7375159597272,211.698546779175,28,1.1,1e-4,10,247.18066025410084
840,0.0051060705648044696,0,0,0,0,0,0,0,0,0,0,16.431657914112,16.4302646317345,214.779548879522,29,1.1,1e-4,10,247.64657749593331
870,0.00475259409064672,0,0,0,0,0,0,0,0,0,0,15.2925864163823,15.2913399410296,217.419760863149,30,1.1,1e-4,10,248.00843981465155
900,0.00444239173218319,0,0,0,0,0,0,0,0,0,0,14.2929877701419,14.2918647675651,219.705306493613,31,1.1,1e-4,10,248.29460142305217
930,0.00416832826737765,0,0,0,0,0,0,0,0,0,0,13.4098614701288,13.4088433582287,221.701613506697,32,1.1,1e-4,10,248.52448666332185
960,0.00392468352871315,0,0,0,0,0,0,0,0,0,0,12.6247692733972,12.6238410754477,223.459199373859,33,1.1,1e-4,10,248.7117344062326
990,0.00370683711938113,0,0,0,0,0,0,0,0,0,0,11.9228184656483,11.9219679765911,225.017638405446,34,1.1,1e-4,10,248.8661316848048
1020,0.00351102772712414,0,0,0,0,0,0,0,0,0,0,11.2918857700235,11.2911029421359,226.408338666221,35,1.1,1e-4,10,248.99483840610753
1050,0.00333416956736099,0,0,0,0,0,0,0,0,0,0,10.7220255171012,10.7213020013535,227.656521998245,36,1.1,1e-4,10,249.10318368626707
1080,0.00317371194299122,0,0,0,0,0,0,0,0,0,0,10.2050168618167,10.2043456611708,228.782659710786,37,1.1,1e-4,10,249.19519594571648
1110,0.00302753121110717,0,0,0,0,0,0,0,0,0,0,9.73401549934188,9.73339070357322,229.803529571845,38,1.1,1e-4,10,249.2739633059712
1140,0.00289384713314326,0,0,0,0,0,0,0,0,0,0,9.30328400156205,9.30270058218925,230.733004902947,39,1.1,1e-4,10,249.34188333383142
1170,0.00277115764481612,0,0,0,0,0,0,0,0,0,0,8.9079815416688,8.90743519172337,231.582651240801,40,1.1,1e-4,10,249.40083913183798
1200,0.00265818761868702,0,0,0,0,0,0,0,0,0,0,8.5439987307347,8.54348573835585,232.362182817722,41,1.1,1e-4,10,249.45232547443123
1230,0.0025538483249118,0,0,0,0,0,0,0,0,0,0,8.20782694357931,8.20734409139224,233.079815594549,42,1.1,1e-4,10,249.49754047784546
1260,0.00245720512763761,0,0,0,0,0,0,0,0,0,0,7.89645419408937,7.89599867843208,233.742543035393,43,1.1,1e-4,10,249.5374531130421
1290,0.00236745156587139,0,0,0,0,0,0,0,0,0,0,7.60728159164345,7.60685095721505,234.356353540127,44,1.1,1e-4,10,249.57285354055136
1320,0.00228388841841248,0,0,0,0,0,0,0,0,0,0,7.33805586379536,7.337647950391,234.926403363017,45,1.1,1e-4,10,249.60439106562177
1350,0.00220590668639573,0,0,0,0,0,0,0,0,0,0,7.08681450714801,7.08642740594445,235.457155240875,46,1.1,1e-4,10,249.63260306065388
1380,0.00213297367581408,0,0,0,0,0,0,0,0,0,0,6.85184093059779,6.85147294804403,235.952490368543,47,1.1,1e-4,10,249.65793722086065
1410,0.00206462154893191,0,0,0,0,0,0,0,0,0,0,6.63162755654904,6.63127718435661,236.415799483987,48,1.1,1e-4,10,249.6807688464416
1440,0.00200043785425117,0,0,0,0,0,0,0,0,0,0,6.42484529946876,6.42451118952816,236.850057450434,49,1.1,1e-4,10,249.70141437728518
1470,0.00194005765158535,0,0,0,0,0,0,0,0,0,0,6.23031818575598,6.22999912905681,237.25788470503,50,1.1,1e-4,10,249.72014207749436
1500,0.00188315693050245,0,0,0,0,0,0,0,0,0,0,6.04700214229856,6.0466970511237,237.64159818278,51,1.1,1e-4,10,249.73718053313277
1530,0.00182944708325198,0,0,0,0,0,0,0,0,0,0,5.87396718370898,5.87367507652183,238.003253751024,52,1.1,1e-4,10,249.75272545833806
1560,0.00177867024194438,0,0,0,0,0,0,0,0,0,0,5.71038238506859,5.71010237362702,238.344681753744,53,1.1,1e-4,10,249.76694518268155
1590,0.00173059532764166,0,0,0,0,0,0,0,0,0,0,5.55550314914914,5.55523442747077,238.667516930993,54,1.1,1e-4,10,249.77998510294054
1620,0.00168501468870051,0,0,0,0,0,0,0,0,0,0,5.40866037276068,5.40840220763442,238.973223720957,55,1.1,1e-4,10,249.79197131604082
1650,0.00164174122909434,0,0,0,0,0,0,0,0,0,0,5.26925119225341,5.26900291504879,239.263117751792,56,1.1,1e-4,10,249.8030136003233
1680,0.00160060594596563,0,0,0,0,0,0,0,0,0,0,5.13673104791442,5.136492047485,239.538384173641,57,1.1,1e-4,10,249.81320787498638
1710,0.00156145581041361,0,0,0,0,0,0,0,0,0,0,5.0106068545534,5.01037657106624,239.800093357767,58,1.1,1e-4,10,249.82263823919706
1740,0.00152415193733126,0,0,0,0,0,0,0,0,0,0,4.89043110363615,4.89020902318853,240.049214392031,59,1.1,1e-4,10,249.83137867079301
1770,0.00148856799960529,0,0,0,0,0,0,0,0,0,0,4.77579675294284,4.77558240285054,240.286626723995,60,1.1,1e-4,10,249.83949444778798
1800,0.00145458884967038,0,0,0,0,0,0,0,0,0,0,4.66633278447408,4.66612572913496,240.51313024061201,61,1.1,1e-4,10,249.84704334307074
1830,0.00142210931764225,0,0,0,0,0,0,0,0,0,0,4.56170033141923,4.56150016867108,240.729454023197,62,1.1,1e-4,10,249.85407663260497
1860,0.00139103316033762,0,0,0,0,0,0,0,0,0,0,4.4615892913847,4.46139564928927,240.936263975749,63,1.1,1e-4,10,249.86063994958332
1890,0.00136127213965184,0,0,0,0,0,0,0,0,0,0,4.3657153564972,4.36552789049301,241.134169491662,64,1.1,1e-4,10,249.86677401079186
1920,0.00133274521218786,0,0,0,0,0,0,0,0,0,0,4.27381740202853,4.27363579240356,241.323729296872,65,1.1,1e-4,10,249.87251523651628
1950,0.00130537781485573,0,0,0,0,0,0,0,0,0,0,4.18565518429561,4.18547913393846,241.505456585365,66,1.1,1e-4,10,249.87789628141394
1980,0.00127910123350332,0,0,0,0,0,0,0,0,0,0,4.10100730613519,4.10083653852922,241.679823544726,67,1.1,1e-4,10,249.8829464906239
0,250,0,0,0,0,0,0,0,0,0,0,0,0,0,1,1.1,1e-4,11,250
30,250.000322400697,0,0,0,0,0,0,0,0,0,0,0,0,0,2,1.1,1e-4,11,250.000322400697
60,250.000090984018,0,0,0,0,0,0,0,0,0,0,0,0,0,3,1.1,1e-4,11,250.000090984018
90,250.000018876751,0,0,0,0,0,0,0,0,0,0,0,0,0,4,1.1,1e-4,11,250.000018876751
120,208.982706943909,0,0,0,0,0,0,0,0,0,0,50.1832494369235,50.1832494369235,0.012229954920345,5,1.1,1e-4,11,309.3614357726763
150,119.937563960995,0,0,0,0,0,0,0,0,0,0,83.3486367622837,83.3473387079533,0.0380771721431862,6,1.1,1e-4,11,286.6716166033752
180,63.6737915421799,0,0,0,0,0,0,0,0,0,0,89.1012440590866,89.0986737662205,0.0785569381224658,7,1.1,1e-4,11,241.95226630560947
210,30.2774292786647,0,0,0,0,0,0,0,0,0,0,82.7492543224762,82.7462589501618,0.139796239963274,8,1.1,1e-4,11,195.91273879126598
240,12.1505965215754,0,0,0,0,0,0,0,0,0,0,71.1287458134931,71.1262167238942,0.230360162564821,9,1.1,1e-4,11,154.63591922152753
270,3.86601004537931,0,0,0,0,0,0,0,0,0,0,59.2954450225805,59.2938416558433,0.362016824255709,10,1.1,1e-4,11,122.81731354805882
300,0.929062357763215,0,0,0,0,0,0,0,0,0,0,50.9731627056297,50.9723832005608,0.548441930657722,11,1.1,1e-4,11,103.42305019461143
330,0.178327852533245,0,0,0,0,0,0,0,0,0,0,47.184092873956,47.1837243107945,0.807949617178478,12,1.1,1e-4,11,95.35409465446222
360,0.0352371343543122,0,0,0,0,0,0,0,0,0,0,46.422545301415,46.4222482356415,1.17286172697079,13,1.1,1e-4,11,94.0528923983816
390,0.00841150550419856,0,0,0,0,0,0,0,0,0,0,46.8920086510481,46.891633454106604,1.69019152234102,14,1.1,1e-4,11,95.48224513299992
420,0.00226395832935148,0,0,0,0,0,0,0,0,0,0,47.8506893148103,47.8501727666245,2.41865764981325,15,1.1,1e-4,11,98.12178368957741
450,0.00129932257650444,0,0,0,0,0,0,0,0,0,0,14.6755572603562,14.6736092078701,2.56110515633705,16,1.1,1e-4,11,31.911570947139854
480,0.00129059361521529,0,0,0,0,0,0,0,0,0,0,18.3177467210003,18.3143144457758,14.6499886692642,17,1.1,1e-4,11,51.28334042965552
510,0.0027367340973232,0,0,0,0,0,0,0,0,0,0,35.8227932022961,35.8159629857581,41.6341678354735,18,1.1,1e-4,11,113.27566075762502
540,0.00330213301990707,0,0,0,0,0,0,0,0,0,0,43.8838185684886,43.8759470849285,80.9843112690855,19,1.1,1e-4,11,168.7473790555225
570,0.00320436365502426,0,0,0,0,0,0,0,0,0,0,42.4304402896529,42.4234518547348,117.305931165081,20,1.1,1e-4,11,202.16302767312374
600,0.0029752453790606,0,0,0,0,0,0,0,0,0,0,39.4263917789183,39.4205008884492,142.37636926818,21,1.1,1e-4,11,221.22623718092657
630,0.00265289801885429,0,0,0,0,0,0,0,0,0,0,35.1439392735195,35.139148557159,161.184450183371,22,1.1,1e-4,11,231.47019091206838
660,0.00236336025803999,0,0,0,0,0,0,0,0,0,0,31.3065602780822,31.3026383183712,174.762877789411,23,1.1,1e-4,11,237.37443974612242
690,0.00211074434407777,0,0,0,0,0,0,0,0,0,0,27.957129608063,27.9538825575793,185.041901871027,24,1.1,1e-4,11,240.95502478101338
720,0.00189735721184627,0,0,0,0,0,0,0,0,0,0,25.1283248191689,25.1255976220868,192.998734819293,25,1.1,1e-4,11,243.25455461776053
750,0.00171737159003259,0,0,0,0,0,0,0,0,0,0,22.7423589208047,22.7400364980461,199.318865823685,26,1.1,1e-4,11,244.80297861412583
780,0.00156504485605985,0,0,0,0,0,0,0,0,0,0,20.7231315453938,20.7211286302731,204.442493572198,27,1.1,1e-4,11,245.88831879272095
810,0.00143523454824965,0,0,0,0,0,0,0,0,0,0,19.0024258301147,19.000678877527,208.67033797752,28,1.1,1e-4,11,246.67487791970996
840,0.00132374951156068,0,0,0,0,0,0,0,0,0,0,17.5246665148983,17.5231275501819,212.211996908466,29,1.1,1e-4,11,247.26111472305777
870,0.00122724339466993,0,0,0,0,0,0,0,0,0,0,16.2454818481199,16.2441141306882,215.217739733383,30,1.1,1e-4,11,247.7085629555858
900,0.00114306571099012,0,0,0,0,0,0,0,0,0,0,15.1297296756088,15.1285046597755,217.797736905095,31,1.1,1e-4,11,248.0571143061903
930,0.00106911426342141,0,0,0,0,0,0,0,0,0,0,14.1495387092577,14.1484339092149,220.03441995759,32,1.1,1e-4,11,248.333461690326
960,0.00100371339529297,0,0,0,0,0,0,0,0,0,0,13.2826936482201,13.2816911225713,221.990576856029,33,1.1,1e-4,11,248.5559653402157
990,9.4551826220537e-4,0,0,0,0,0,0,0,0,0,0,12.5113655357542,12.5104507982001,223.71480094167,34,1.1,1e-4,11,248.73756279388653
1020,8.9344128488501e-4,0,0,0,0,0,0,0,0,0,0,11.8211364202976,11.8202976460031,225.245239537788,35,1.1,1e-4,11,248.88756704537357
1050,8.4659603519261e-4,0,0,0,0,0,0,0,0,0,0,11.2002552565854,11.1994826961486,226.612225775529,36,1.1,1e-4,11,249.0128103242982
1080,8.0425442977866e-4,0,0,0,0,0,0,0,0,0,0,10.6390703049312,10.6383558459913,227.840160242339,37,1.1,1e-4,11,249.11839064769129
1110,7.6581395542095e-4,0,0,0,0,0,0,0,0,0,0,10.1295945671921,10.1289314024083,228.948878695,38,1.1,1e-4,11,249.20817047855581
1140,7.3077243334047e-4,0,0,0,0,0,0,0,0,0,0,9.66517119536932,9.66455356802019,229.954661261319,39,1.1,1e-4,11,249.28511679714185
1170,6.9870845851293e-4,0,0,0,0,0,0,0,0,0,0,9.24021415100452,9.23963715792429,230.870987402677,40,1.1,1e-4,11,249.35153742006432
1200,6.6926612929648e-4,0,0,0,0,0,0,0,0,0,0,8.85000575200487,8.8494651893706,231.709107842169,41,1.1,1e-4,11,249.40924804967378
1230,6.4214303928082e-4,0,0,0,0,0,0,0,0,0,0,8.49053747333561,8.49002971483262,232.478482881559,42,1.1,1e-4,11,249.4596922127665
1260,6.1708076587522e-4,0,0,0,0,0,0,0,0,0,0,8.15838385103172,8.15790575073897,233.187121930233,43,1.1,1e-4,11,249.50402861276956
1290,5.9385728298897e-4,0,0,0,0,0,0,0,0,0,0,7.85060189636072,7.85015071069432,233.841849125025,44,1.1,1e-4,11,249.54319558936302
1320,5.7228086692442e-4,0,0,0,0,0,0,0,0,0,0,7.56465030695689,7.56422363144175,234.448513044947,45,1.1,1e-4,11,249.57795926421255
1350,5.5218516919575e-4,0,0,0,0,0,0,0,0,0,0,7.29832414871515,7.2979198663933,235.012153706236,46,1.1,1e-4,11,249.60894990651366
1380,5.3342520753968e-4,0,0,0,0,0,0,0,0,0,0,7.04970171058107,7.04931794962669,235.53713660201,47,1.1,1e-4,11,249.6366896874253
1410,5.1587408422e-4,0,0,0,0,0,0,0,0,0,0,6.81710100125656,6.81673609993047,236.027261092752,48,1.1,1e-4,11,249.66161406802325
1440,4.9942028412997e-4,0,0,0,0,0,0,0,0,0,0,6.59904393231541,6.59869640981288,236.485848667821,49,1.1,1e-4,11,249.6840884302334
1470,4.8396543797712e-4,0,0,0,0,0,0,0,0,0,0,6.39422666685633,6.39389519891905,236.915815286822,50,1.1,1e-4,11,249.70442111803536
1500,4.69422460755e-4,0,0,0,0,0,0,0,0,0,0,6.2014949432235,6.20117834162757,237.319731037368,51,1.1,1e-4,11,249.72287374467982
1530,4.5571399477339e-4,0,0,0,0,0,0,0,0,0,0,6.01982343612242,6.01952063133887,237.699869618039,52,1.1,1e-4,11,249.73966939949506
1560,4.4277110120039e-4,0,0,0,0,0,0,0,0,0,0,5.84829841211074,5.8480084385777404,238.058249606109,53,1.1,1e-4,11,249.75499922789868
1590,4.3053215544548e-4,0,0,0,0,0,0,0,0,0,0,5.68610308726039,5.68582507081691,238.396669051487,54,1.1,1e-4,11,249.76902774171975
1620,4.189419105797e-4,0,0,0,0,0,0,0,0,0,0,5.53250521234525,5.53223835946289,238.716734617649,55,1.1,1e-4,11,249.7818971313677
1650,4.0795069994183e-4,0,0,0,0,0,0,0,0,0,0,5.38684650308302,5.38659009160115,239.019886242593,56,1.1,1e-4,11,249.79373078797713
1680,3.9751375556161e-4,0,0,0,0,0,0,0,0,0,0,5.24853360563878,5.24828697676216,239.307418099996,57,1.1,1e-4,11,249.8046361961525
1710,3.8759062337771e-4,0,0,0,0,0,0,0,0,0,0,5.11703034522114,5.1167928965824,239.580496489866,58,1.1,1e-4,11,249.81470732229292
1740,3.7814465969212e-4,0,0,0,0,0,0,0,0,0,0,4.99185105152702,4.99162223115136,239.840175168891,59,1.1,1e-4,11,249.82402659622906
1770,3.6914259607823e-4,0,0,0,0,0,0,0,0,0,0,4.87255479158157,4.87233409261875,240.087408536428,60,1.1,1e-4,11,249.8326665632244
1800,3.6055416219352e-4,0,0,0,0,0,0,0,0,0,0,4.75874037013501,4.75852732624625,240.323063016805,61,1.1,1e-4,11,249.84069126734846
1830,3.5235175775474e-4,0,0,0,0,0,0,0,0,0,0,4.65004198173048,4.64983616303673,240.547926918357,62,1.1,1e-4,11,249.84815741488197
1860,3.4451016640148e-4,0,0,0,0,0,0,0,0,0,0,4.54612541801791,4.54592642753061,240.762719001004,63,1.1,1e-4,11,249.85511535671893
1890,3.3700630537192e-4,0,0,0,0,0,0,0,0,0,0,4.44668474976829,4.4464922202366,240.968095944842,64,1.1,1e-4,11,249.86160992115225
1920,3.2981900589607e-4,0,0,0,0,0,0,0,0,0,0,4.35143941605589,4.35125300717413,241.16465888024,65,1.1,1e-4,11,249.86768112247591
1950,3.2292882001974e-4,0,0,0,0,0,0,0,0,0,0,4.26013166378161,4.2599510597096,241.352959113741,66,1.1,1e-4,11,249.87336476605225
1980,3.1631785023906e-4,0,0,0,0,0,0,0,0,0,0,4.17252428955446,4.17234919671019,241.533503162633,67,1.1,1e-4,11,249.87869296674788
0,250,0,0,0,0,0,0,0,0,0,0,0,0,0,1,1.1,1e-4,12,250
30,250.000322400697,0,0,0,0,0,0,0,0,0,0,0,0,0,2,1.1,1e-4,12,250.000322400697
60,250.000090984018,0,0,0,0,0,0,0,0,0,0,0,0,0,3,1.1,1e-4,12,250.000090984018
90,250.000018876751,0,0,0,0,0,0,0,0,0,0,0,0,0,4,1.1,1e-4,12,250.000018876751
120,208.982706943909,0,0,0,0,0,0,0,0,0,0,50.1832494369235,50.1832494369235,0.012229954920345,5,1.1,1e-4,12,309.3614357726763
150,119.937563960995,0,0,0,0,0,0,0,0,0,0,83.3486367622837,83.3473387079533,0.0380771721431862,6,1.1,1e-4,12,286.6716166033752
180,63.6737915421799,0,0,0,0,0,0,0,0,0,0,89.1012440590866,89.0986737662205,0.0785569381224658,7,1.1,1e-4,12,241.95226630560947
210,30.2774292786647,0,0,0,0,0,0,0,0,0,0,82.7492543224762,82.7462589501618,0.139796239963274,8,1.1,1e-4,12,195.91273879126598
240,12.1505965215754,0,0,0,0,0,0,0,0,0,0,71.1287458134931,71.1262167238942,0.230360162564821,9,1.1,1e-4,12,154.63591922152753
270,3.86601004537931,0,0,0,0,0,0,0,0,0,0,59.2954450225805,59.2938416558433,0.362016824255709,10,1.1,1e-4,12,122.81731354805882
300,0.929062357763215,0,0,0,0,0,0,0,0,0,0,50.9731627056297,50.9723832005608,0.548441930657722,11,1.1,1e-4,12,103.42305019461143
330,0.178327852533245,0,0,0,0,0,0,0,0,0,0,47.184092873956,47.1837243107945,0.807949617178478,12,1.1,1e-4,12,95.35409465446222
360,0.0352371343543122,0,0,0,0,0,0,0,0,0,0,46.422545301415,46.4222482356415,1.17286172697079,13,1.1,1e-4,12,94.0528923983816
390,0.00841150550419856,0,0,0,0,0,0,0,0,0,0,46.8920086510481,46.891633454106604,1.69019152234102,14,1.1,1e-4,12,95.48224513299992
420,0.00226395832935148,0,0,0,0,0,0,0,0,0,0,47.8506893148103,47.8501727666245,2.41865764981325,15,1.1,1e-4,12,98.12178368957741
450,6.6890024974022e-4,0,0,0,0,0,0,0,0,0,0,49.1783252106673,49.1776176553887,3.43540938949911,16,1.1,1e-4,12,101.79202115580486
480,4.1717307088005e-4,0,0,0,0,0,0,0,0,0,0,18.0736065980292,18.0711283935201,3.77768314963027,17,1.1,1e-4,12,39.922835314250456
510,4.1989536683796e-4,0,0,0,0,0,0,0,0,0,0,21.8805675006408,21.8764904596187,19.3526521148224,18,1.1,1e-4,12,63.11012997044874
540,7.822265952839e-4,0,0,0,0,0,0,0,0,0,0,38.321088888774,38.3138684342292,48.4596057128162,19,1.1,1e-4,12,125.09534526241468
570,8.9146528976746e-4,0,0,0,0,0,0,0,0,0,0,44.1611785360903,44.1533754831773,87.6397988681858,20,1.1,1e-4,12,175.95524435274316
600,8.5285849778887e-4,0,0,0,0,0,0,0,0,0,0,42.1352643680073,42.1284443650854,121.913296137376,21,1.1,1e-4,12,206.17785772896647
630,7.8400790592477e-4,0,0,0,0,0,0,0,0,0,0,38.7546669910372,38.7489718714421,145.804105481419,22,1.1,1e-4,12,223.3085283518042
660,6.9830894986758e-4,0,0,0,0,0,0,0,0,0,0,34.5096322665098,34.5050002532095,163.61821709764,23,1.1,1e-4,12,232.63354792630918
690,6.2209350063503e-4,0,0,0,0,0,0,0,0,0,0,30.741196813996,30.737399129066,176.582075575912,24,1.1,1e-4,12,238.06129361247463
720,5.561031918725e-4,0,0,0,0,0,0,0,0,0,0,27.4773213792387,27.4741700238378,186.434517736266,25,1.1,1e-4,12,241.38656524253437
750,5.0042182318111e-4,0,0,0,0,0,0,0,0,0,0,24.7237118596608,24.7210589807755,194.094726659573,26,1.1,1e-4,12,243.53999792183248
780,4.5344725558691e-4,0,0,0,0,0,0,0,0,0,0,22.4007233478887,22.3984594108996,200.200492438167,27,1.1,1e-4,12,245.0001286442109
810,4.1365336205104e-4,0,0,0,0,0,0,0,0,0,0,20.4329015068788,20.4309453169819,205.165188722618,28,1.1,1e-4,12,246.02944919984077
840,3.7970122139033e-4,0,0,0,0,0,0,0,0,0,0,18.7539960547675,18.7522869854351,209.272312604159,29,1.1,1e-4,12,246.77897534558298
870,3.5050550262984e-4,0,0,0,0,0,0,0,0,0,0,17.3103217588656,17.308813934095,212.720376065001,30,1.1,1e-4,12,247.33986226346423
900,3.2520144495529e-4,0,0,0,0,0,0,0,0,0,0,16.0591049812579,16.0577631846748,215.652240534132,31,1.1,1e-4,12,247.76943390150967
930,3.0310424814836e-4,0,0,0,0,0,0,0,0,0,0,14.9664756287954,14.9652724366399,218.173000380199,32,1.1,1e-4,12,248.10505154988246
960,2.8367044655212e-4,0,0,0,0,0,0,0,0,0,0,14.0055550313325,14.0044687954264,220.361523162854,33,1.1,1e-4,12,248.37183066005946
990,2.6646641410254e-4,0,0,0,0,0,0,0,0,0,0,13.1548976664507,13.1539110796339,222.278041028931,34,1.1,1e-4,12,248.5871162414297
1020,2.5114372567679e-4,0,0,0,0,0,0,0,0,0,0,12.3972721948921,12.3963712576035,223.969279316483,35,1.1,1e-4,12,248.76317391270427
1050,2.3742026226991e-4,0,0,0,0,0,0,0,0,0,0,11.7187267604364,11.7179000261436,225.471996610007,36,1.1,1e-4,12,248.90886081684928
1080,2.2506580041765e-4,0,0,0,0,0,0,0,0,0,0,11.1078761624101,11.107114179228,226.815477620239,37,1.1,1e-4,12,249.0306930276775
1110,2.1389101492984e-4,0,0,0,0,0,0,0,0,0,0,10.5553578966191,10.5546527887491,228.023320343483,38,1.1,1e-4,12,249.13354491986613
1140,2.037390522073e-4,0,0,0,0,0,0,0,0,0,0,10.0534153615902,10.0527605117086,229.114738305496,39,1.1,1e-4,12,249.221117917847
1170,1.9447903541275e-4,0,0,0,0,0,0,0,0,0,0,9.595576626952,9.59496643241055,230.105523622634,40,1.1,1e-4,12,249.29626116103196
1200,1.8600102463683e-4,0,0,0,0,0,0,0,0,0,0,9.1764051720343,9.17583485569122,231.008768935532,41,1.1,1e-4,12,249.36119496428216
1230,1.7821207796111e-4,0,0,0,0,0,0,0,0,0,0,8.79130507744765,8.79077053939912,231.835415353581,42,1.1,1e-4,12,249.41766918250573
1260,1.7103315043882e-4,0,0,0,0,0,0,0,0,0,0,8.4363676607489,8.43586536101904,232.594673125357,43,1.1,1e-4,12,249.46707718027537
1290,1.6439663506235e-4,0,0,0,0,0,0,0,0,0,0,8.10824986445449,8.10777672935908,233.294348024777,44,1.1,1e-4,12,249.51053901522565
1320,1.5824439901913e-4,0,0,0,0,0,0,0,0,0,0,7.80407714019404,7.80363048698322,233.941097071424,45,1.1,1e-4,12,249.54896294300028
1350,1.5252620474637e-4,0,0,0,0,0,0,0,0,0,0,7.5213653639962,7.5209428397394396,234.540630710237,46,1.1,1e-4,12,249.58309144017738
1380,1.47198432029e-4,0,0,0,0,0,0,0,0,0,0,7.2579576401047,7.25755717176761,235.097874015043,47,1.1,1e-4,12,249.61353602534734
1410,1.4222303722445e-4,0,0,0,0,0,0,0,0,0,0,7.01197283205839,7.01159258544502,235.617096236116,48,1.1,1e-4,12,249.64080387665663
1440,1.375667005076e-4,0,0,0,0,0,0,0,0,0,0,6.78176339229953,6.78140173807097,236.10201567668,49,1.1,1e-4,12,249.665318373751
1470,1.3320012315424e-4,0,0,0,0,0,0,0,0,0,0,6.56588061182622,6.56553609720705,236.555885183586,50,1.1,1e-4,12,249.68743509274245
1500,1.2909744529209e-4,0,0,0,0,0,0,0,0,0,0,6.36304582741512,6.36271715250307,236.981562287426,51,1.1,1e-4,12,249.70745436478947
1530,1.2523576094947e-4,0,0,0,0,0,0,0,0,0,0,6.17212644051249,6.17181243833668,237.381567099166,52,1.1,1e-4,12,249.72563121377613
1560,1.2159471213353e-4,0,0,0,0,0,0,0,0,0,0,5.99211584435057,5.99181546400092,237.758130374773,53,1.1,1e-4,12,249.74218327783663
1590,1.1815614744902e-4,0,0,0,0,0,0,0,0,0,0,5.82211654272576,5.82182883501281,238.113233633467,54,1.1,1e-4,12,249.75729716735302
1620,1.149038336985e-4,0,0,0,0,0,0,0,0,0,0,5.66132588880673,5.66104999401751,238.448642814605,55,1.1,1e-4,12,249.77113360126293
1650,1.118232111919e-4,0,0,0,0,0,0,0,0,0,0,5.50902398542037,5.50875912281941,238.7659366504,56,1.1,1e-4,12,249.78383158185096
1680,1.0890118528721e-4,0,0,0,0,0,0,0,0,0,0,5.36456337700448,5.36430883579471,239.066530693744,57,1.1,1e-4,12,249.79551180772847
1710,1.0612594810059e-4,0,0,0,0,0,0,0,0,0,0,5.22736023345123,5.22711536496196,239.35169775495,58,1.1,1e-4,12,249.80627947931131
1740,1.0348682544761e-4,0,0,0,0,0,0,0,0,0,0,5.09688678163819,5.09665099254888,239.622585355921,59,1.1,1e-4,12,249.8162266169335
1770,1.00974144974e-4,0,0,0,0,0,0,0,0,0,0,4.97266478477209,4.97243753121402,239.880230695575,60,1.1,1e-4,12,249.82543398570607
1800,9.85791221524578e-5,0,0,0,0,0,0,0,0,0,0,4.85425990520821,4.85404068761335,240.125573529409,61,1.1,1e-4,12,249.8339727013527
1830,9.62937614014709e-5,0,0,0,0,0,0,0,0,0,0,4.74127681503783,4.74106517362593,240.359467293412,62,1.1,1e-4,12,249.84190557583716
1860,9.41107700503699e-5,0,0,0,0,0,0,0,0,0,0,4.63335494190774,4.63315045272066,240.582688744387,63,1.1,1e-4,12,249.84928824978547
1890,9.20234832557888e-5,0,0,0,0,0,0,0,0,0,0,4.53016475637554,4.52996702778234,240.795946341674,64,1.1,1e-4,12,249.85617014931515
1920,9.00257982859485e-5,0,0,0,0,0,0,0,0,0,0,4.43140452248745,4.43121319209573,240.999887557245,65,1.1,1e-4,12,249.86259529762646
1950,8.81121168441257e-5,0,0,0,0,0,0,0,0,0,0,4.33679744587952,4.3366121777988,241.195105270187,66,1.1,1e-4,12,249.86860300598218
1980,8.62772943127146e-5,0,0,0,0,0,0,0,0,0,0,4.24608916408826,4.24590964649874,241.38214337615,67,1.1,1e-4,12,249.87422846403132
0,250,0,0,0,0,0,0,0,0,0,0,0,0,0,1,1.1,1e-4,13,250
30,250.000322400697,0,0,0,0,0,0,0,0,0,0,0,0,0,2,1.1,1e-4,13,250.000322400697
60,250.000090984018,0,0,0,0,0,0,0,0,0,0,0,0,0,3,1.1,1e-4,13,250.000090984018
90,250.000018876751,0,0,0,0,0,0,0,0,0,0,0,0,0,4,1.1,1e-4,13,250.000018876751
120,208.982706943909,0,0,0,0,0,0,0,0,0,0,50.1832494369235,50.1832494369235,0.012229954920345,5,1.1,1e-4,13,309.3614357726763
150,119.937563960995,0,0,0,0,0,0,0,0,0,0,83.3486367622837,83.3473387079533,0.0380771721431862,6,1.1,1e-4,13,286.6716166033752
180,63.6737915421799,0,0,0,0,0,0,0,0,0,0,89.1012440590866,89.0986737662205,0.0785569381224658,7,1.1,1e-4,13,241.95226630560947
210,30.2774292786647,0,0,0,0,0,0,0,0,0,0,82.7492543224762,82.7462589501618,0.139796239963274,8,1.1,1e-4,13,195.91273879126598
240,12.1505965215754,0,0,0,0,0,0,0,0,0,0,71.1287458134931,71.1262167238942,0.230360162564821,9,1.1,1e-4,13,154.63591922152753
270,3.86601004537931,0,0,0,0,0,0,0,0,0,0,59.2954450225805,59.2938416558433,0.362016824255709,10,1.1,1e-4,13,122.81731354805882
300,0.929062357763215,0,0,0,0,0,0,0,0,0,0,50.9731627056297,50.9723832005608,0.548441930657722,11,1.1,1e-4,13,103.42305019461143
330,0.178327852533245,0,0,0,0,0,0,0,0,0,0,47.184092873956,47.1837243107945,0.807949617178478,12,1.1,1e-4,13,95.35409465446222
360,0.0352371343543122,0,0,0,0,0,0,0,0,0,0,46.422545301415,46.4222482356415,1.17286172697079,13,1.1,1e-4,13,94.0528923983816
390,0.00841150550419856,0,0,0,0,0,0,0,0,0,0,46.8920086510481,46.891633454106604,1.69019152234102,14,1.1,1e-4,13,95.48224513299992
420,0.00226395832935148,0,0,0,0,0,0,0,0,0,0,47.8506893148103,47.8501727666245,2.41865764981325,15,1.1,1e-4,13,98.12178368957741
450,6.6890024974022e-4,0,0,0,0,0,0,0,0,0,0,49.1783252106673,49.1776176553887,3.43540938949911,16,1.1,1e-4,13,101.79202115580486
480,2.1799865693608e-4,0,0,0,0,0,0,0,0,0,0,50.9017735834752,50.9008224202646,4.83926462256074,17,1.1,1e-4,13,106.64207862495748
510,1.450884323889e-4,0,0,0,0,0,0,0,0,0,0,21.9061542518601,21.9030928846654,5.50360691642918,18,1.1,1e-4,13,49.312999141387074
540,1.4590393449511e-4,0,0,0,0,0,0,0,0,0,0,25.485682120125,25.4809731254984,24.7706364225323,19,1.1,1e-4,13,75.7374375720902
570,2.4249986648226e-4,0,0,0,0,0,0,0,0,0,0,40.4479941868462,40.4404803026178,55.4562945731238,20,1.1,1e-4,13,136.3450115624543
600,2.6300747786249e-4,0,0,0,0,0,0,0,0,0,0,44.2267642298443,44.2190795221586,94.1383578771478,21,1.1,1e-4,13,182.58446463662855
630,2.486803886389e-4,0,0,0,0,0,0,0,0,0,0,41.7330598633955,41.7264293940326,126.392257291516,22,1.1,1e-4,13,209.85199522933274
660,2.2670196000229e-4,0,0,0,0,0,0,0,0,0,0,38.0593028592797,38.0538072705425,149.125669886315,23,1.1,1e-4,13,225.2390067180972
690,2.0177551003929e-4,0,0,0,0,0,0,0,0,0,0,33.8672068128524,33.8627343205301,165.994501925707,24,1.1,1e-4,13,233.72464483459953
720,1.7978984566696e-4,0,0,0,0,0,0,0,0,0,0,30.174870201535,30.171196850315,178.366567213774,25,1.1,1e-4,13,238.71281405546966
750,1.6087700219561e-4,0,0,0,0,0,0,0,0,0,0,26.9978553309121,26.9947998362408,187.806925697705,26,1.1,1e-4,13,241.7997417418601
780,1.4493065036628e-4,0,0,0,0,0,0,0,0,0,0,24.3194716191556,24.3168934055779,195.178877541443,27,1.1,1e-4,13,243.81538749682687
810,1.3147288537428e-4,0,0,0,0,0,0,0,0,0,0,22.0591223128395,22.0569173447803,201.075358628095,28,1.1,1e-4,13,245.19152975860015
840,1.2006038018642e-4,0,0,0,0,0,0,0,0,0,0,20.1423528903289,20.1404439858368,205.884260521412,29,1.1,1e-4,13,246.16717745795788
870,1.1031111002925e-4,0,0,0,0,0,0,0,0,0,0,18.5049661930284,18.503295600046,209.872635655296,30,1.1,1e-4,13,246.8810077594804
900,1.0191682548055e-4,0,0,0,0,0,0,0,0,0,0,17.0951765495864,17.0937004621493,213.22835600055,31,1.1,1e-4,13,247.41733492911118
930,9.46323512035162e-5,0,0,0,0,0,0,0,0,0,0,15.8717959888085,15.8704806975475,216.08713983651,32,1.1,1e-4,13,247.8295111552172
960,8.82635368040378e-5,0,0,0,0,0,0,0,0,0,0,14.8022103123248,14.8010295057611,218.54916731152,33,1.1,1e-4,13,248.1524953931427
990,8.26561937991956e-5,0,0,0,0,0,0,0,0,0,0,13.8605192380467,13.8594521007614,220.689843338444,34,1.1,1e-4,13,248.4098973334459
1020,7.76871658495922e-5,0,0,0,0,0,0,0,0,0,0,13.0260358483316,13.0250657054603,222.566909064311,35,1.1,1e-4,13,248.61808830526874
1050,7.32573745198868e-5,0,0,0,0,0,0,0,0,0,0,12.2821180821194,12.2812314206492,224.225264045304,36,1.1,1e-4,13,248.7886868054471
1080,6.92864945142237e-5,0,0,0,0,0,0,0,0,0,0,11.6152741080918,11.6144598606143,225.700306062153,37,1.1,1e-4,13,248.9301093173536
1110,6.57088935560809e-5,0,0,0,0,0,0,0,0,0,0,11.0144802126556,11.0137292261757,227.020290131985,38,1.1,1e-4,13,249.04856527970986
1140,6.24705324578266e-5,0,0,0,0,0,0,0,0,0,0,10.4706600268111,10.4699646637349,228.208024350674,39,1.1,1e-4,13,249.14871151175248
1170,5.95265877575154e-5,0,0,0,0,0,0,0,0,0,0,9.97628515542914,9.97563899019025,229.282108687302,40,1.1,1e-4,13,249.23409235950916
1200,5.68396174486384e-5,0,0,0,0,0,0,0,0,0,0,9.52506704951308,9.52446463527358,230.257853213336,41,1.1,1e-4,13,249.3074417377401
1230,5.43781359985961e-5,0,0,0,0,0,0,0,0,0,0,9.11171763849251,9.11115432580891,231.14796786855,42,1.1,1e-4,13,249.37089421098742
1260,5.21154993243166e-5,0,0,0,0,0,0,0,0,0,0,8.73176203310546,8.73123382757377,231.963086996531,43,1.1,1e-4,13,249.42613497270955
1290,5.00290259280676e-5,0,0,0,0,0,0,0,0,0,0,8.38139090032757,8.38089434978299,232.712172757024,44,1.1,1e-4,13,249.4745080361605
1320,4.8099299172832e-5,0,0,0,0,0,0,0,0,0,0,8.05734326677697,8.05687537113137,233.402828634847,45,1.1,1e-4,13,249.5170953720545
1350,4.63096094643773e-5,0,0,0,0,0,0,0,0,0,0,7.7568128236326,7.7563709622181,234.041545444097,46,1.1,1e-4,13,249.55477553955717
1380,4.4645505252901e-5,0,0,0,0,0,0,0,0,0,0,7.47737251070135,7.47695438327344,234.633896100618,47,1.1,1e-4,13,249.58826764009802
1410,4.30944292635526e-5,0,0,0,0,0,0,0,0,0,0,7.21691341670181,7.21651699519137,235.184691123794,48,1.1,1e-4,13,249.61816463011647
1440,4.164542193339e-5,0,0,0,0,0,0,0,0,0,0,6.97359496829305,6.97321845708368,235.698103755528,49,1.1,1e-4,13,249.64495882632667
1470,4.02888781930851e-5,0,0,0,0,0,0,0,0,0,0,6.74580407936025,6.74544588237847,236.177771367949,50,1.1,1e-4,13,249.6690616185659
1500,3.90163468604565e-5,0,0,0,0,0,0,0,0,0,0,6.5321214576693,6.5317801509574,236.62687821556,51,1.1,1e-4,13,249.69081884053355
1530,3.78203642809037e-5,0,0,0,0,0,0,0,0,0,0,6.33129366379519,6.3309679725256,237.048223397268,52,1.1,1e-4,13,249.71052285395308
1560,3.66943156537334e-5,0,0,0,0,0,0,0,0,0,0,6.14220982025552,6.1418985993659,237.444277008576,53,1.1,1e-4,13,249.72842212251308
1590,3.56323188664295e-5,0,0,0,0,0,0,0,0,0,0,5.96388210110764,5.96358431890535,237.817226799864,54,1.1,1e-4,13,249.74472885219583
1620,3.46291267260209e-5,0,0,0,0,0,0,0,0,0,0,5.79542931151873,5.79514403573382,238.16901715383,55,1.1,1e-4,13,249.7596251302093
1650,3.36800443051266e-5,0,0,0,0,0,0,0,0,0,0,5.63606300597175,5.63578939184002,238.501381811491,56,1.1,1e-4,13,249.77326788934707
1680,3.27808587672307e-5,0,0,0,0,0,0,0,0,0,0,5.48507570244502,5.48481298248267,238.815871481147,57,1.1,1e-4,13,249.78579294693347
1710,3.19277795439442e-5,0,0,0,0,0,0,0,0,0,0,5.34183083526734,5.34157831046177,239.113877236201,58,1.1,1e-4,13,249.79731830970965
1740,3.11173871384551e-5,0,0,0,0,0,0,0,0,0,0,5.20575415678021,5.20551118897205,239.396650429689,59,1.1,1e-4,13,249.8079468928284
1770,3.03465891481876e-5,0,0,0,0,0,0,0,0,0,0,5.07632635149061,5.07609235676191,239.665319713487,60,1.1,1e-4,13,249.81776876832868
1800,2.96125823542185e-5,0,0,0,0,0,0,0,0,0,0,4.95307666914967,4.95285111206548,239.920905639828,61,1.1,1e-4,13,249.8268630336255
1830,2.89128199292147e-5,0,0,0,0,0,0,0,0,0,0,4.83557741749354,4.83535980607036,240.164333235073,62,1.1,1e-4,13,249.83529937145684
1860,2.8244982980308e-5,0,0,0,0,0,0,0,0,0,0,4.72343918303814,4.72322906433354,240.396442865642,63,1.1,1e-4,13,249.84313935799665
1890,2.76069557766753e-5,0,0,0,0,0,0,0,0,0,0,4.61630667071828,4.61610362695333,240.6179996598,64,1.1,1e-4,13,249.85043756442738
1920,2.69968041201048e-5,0,0,0,0,0,0,0,0,0,0,4.51385507138619,4.51365871652675,240.829701703585,65,1.1,1e-4,13,249.85724248830203
1950,2.64127564054855e-5,0,0,0,0,0,0,0,0,0,0,4.4157868810766,4.41559685781062,241.032187192383,66,1.1,1e-4,13,249.86359734402663
1980,2.58531869909071e-5,0,0,0,0,0,0,0,0,0,0,4.32182910816346,4.32164508522159,241.226040689669,67,1.1,1e-4,13,249.86954073624102
0,250,0,0,0,0,0,0,0,0,0,0,0,0,0,1,1.1,1e-4,14,250
30,250.000322400697,0,0,0,0,0,0,0,0,0,0,0,0,0,2,1.1,1e-4,14,250.000322400697
60,250.000090984018,0,0,0,0,0,0,0,0,0,0,0,0,0,3,1.1,1e-4,14,250.000090984018
90,250.000018876751,0,0,0,0,0,0,0,0,0,0,0,0,0,4,1.1,1e-4,14,250.000018876751
120,208.982706943909,0,0,0,0,0,0,0,0,0,0,50.1832494369235,50.1832494369235,0.012229954920345,5,1.1,1e-4,14,309.3614357726763
150,119.937563960995,0,0,0,0,0,0,0,0,0,0,83.3486367622837,83.3473387079533,0.0380771721431862,6,1.1,1e-4,14,286.6716166033752
180,63.6737915421799,0,0,0,0,0,0,0,0,0,0,89.1012440590866,89.0986737662205,0.0785569381224658,7,1.1,1e-4,14,241.95226630560947
210,30.2774292786647,0,0,0,0,0,0,0,0,0,0,82.7492543224762,82.7462589501618,0.139796239963274,8,1.1,1e-4,14,195.91273879126598
240,12.1505965215754,0,0,0,0,0,0,0,0,0,0,71.1287458134931,71.1262167238942,0.230360162564821,9,1.1,1e-4,14,154.63591922152753
270,3.86601004537931,0,0,0,0,0,0,0,0,0,0,59.2954450225805,59.2938416558433,0.362016824255709,10,1.1,1e-4,14,122.81731354805882
300,0.929062357763215,0,0,0,0,0,0,0,0,0,0,50.9731627056297,50.9723832005608,0.548441930657722,11,1.1,1e-4,14,103.42305019461143
330,0.178327852533245,0,0,0,0,0,0,0,0,0,0,47.184092873956,47.1837243107945,0.807949617178478,12,1.1,1e-4,14,95.35409465446222
360,0.0352371343543122,0,0,0,0,0,0,0,0,0,0,46.422545301415,46.4222482356415,1.17286172697079,13,1.1,1e-4,14,94.0528923983816
390,0.00841150550419856,0,0,0,0,0,0,0,0,0,0,46.8920086510481,46.891633454106604,1.69019152234102,14,1.1,1e-4,14,95.48224513299992
420,0.00226395832935148,0,0,0,0,0,0,0,0,0,0,47.8506893148103,47.8501727666245,2.41865764981325,15,1.1,1e-4,14,98.12178368957741
450,6.6890024974022e-4,0,0,0,0,0,0,0,0,0,0,49.1783252106673,49.1776176553887,3.43540938949911,16,1.1,1e-4,14,101.79202115580486
480,2.1799865693608e-4,0,0,0,0,0,0,0,0,0,0,50.9017735834752,50.9008224202646,4.83926462256074,17,1.1,1e-4,14,106.64207862495748
510,7.76832291209265e-5,0,0,0,0,0,0,0,0,0,0,53.056238783268,53.054989401441,6.74336557238901,18,1.1,1e-4,14,112.85467144032712
540,5.42321957313408e-5,0,0,0,0,0,0,0,0,0,0,26.0267686162106,26.0231020304217,7.86961423477597,19,1.1,1e-4,14,59.919539113604
570,5.39156677181097e-5,0,0,0,0,0,0,0,0,0,0,28.9926023892246,28.9873064027668,30.7991669193238,20,1.1,1e-4,14,88.77912962698292
600,8.11709438596875e-5,0,0,0,0,0,0,0,0,0,0,42.1711660679848,42.1634615361219,62.5488304614258,21,1.1,1e-4,14,146.88353923647637
630,8.4406250309147e-5,0,0,0,0,0,0,0,0,0,0,44.1189844047039,44.1114603881013,100.42459222244,22,1.1,1e-4,14,188.6551214214955
660,7.90191876967916e-5,0,0,0,0,0,0,0,0,0,0,41.2381032584647,41.2316804407154,130.732854599494,23,1.1,1e-4,14,213.2027173178618
690,7.15444461502391e-5,0,0,0,0,0,0,0,0,0,0,37.3475870846558,37.3422938218238,152.333343292829,24,1.1,1e-4,14,227.02329574375474
720,6.36511339436101e-5,0,0,0,0,0,0,0,0,0,0,33.2207413722994,33.2164289410327,168.307342157673,25,1.1,1e-4,14,234.74457612213905
750,5.67379590781963e-5,0,0,0,0,0,0,0,0,0,0,29.6103724587128,29.6068234536347,180.111395154285,26,1.1,1e-4,14,239.32864780459158
780,5.08230974118365e-5,0,0,0,0,0,0,0,0,0,0,26.5208262547863,26.5178668223506,189.155131093387,27,1.1,1e-4,14,242.19387499362134
810,4.58381956360091e-5,0,0,0,0,0,0,0,0,0,0,23.9172935115139,23.9147903763458,196.247939318651,28,1.1,1e-4,14,244.08006904470633
840,4.16290186332267e-5,0,0,0,0,0,0,0,0,0,0,21.718956671566,21.7168112346124,201.940821554761,29,1.1,1e-4,14,245.376631089958
870,3.80555173992835e-5,0,0,0,0,0,0,0,0,0,0,19.8526711951755,19.8508102206329,206.597540174022,30,1.1,1e-4,14,246.30105964534778
900,3.49988734542927e-5,0,0,0,0,0,0,0,0,0,0,18.2563525487735,18.2547211112775,210.469512822016,31,1.1,1e-4,14,246.98062148094044
930,3.23635856638214e-5,0,0,0,0,0,0,0,0,0,0,16.8801113077107,16.8786676406472,213.73443938561,32,1.1,1e-4,14,247.49325069755355
960,3.00738025406815e-5,0,0,0,0,0,0,0,0,0,0,15.6843242990389,15.6830361816205,216.521177872136,33,1.1,1e-4,14,247.88856842659794
990,2.80694492202735e-5,0,0,0,0,0,0,0,0,0,0,14.6376114035374,14.6364536261965,218.925169619779,34,1.1,1e-4,14,248.19926271896213
1020,2.63027778628942e-5,0,0,0,0,0,0,0,0,0,0,13.7150324016615,13.7139849764512,221.018468467142,35,1.1,1e-4,14,248.44751214803256
1050,2.47356075007479e-5,0,0,0,0,0,0,0,0,0,0,12.8966447515222,12.8956916337154,222.8563971037,36,1.1,1e-4,14,248.6487582245451
1080,2.33371831114108e-5,0,0,0,0,0,0,0,0,0,0,12.166384997065,12.1655131599226,224.482077385421,37,1.1,1e-4,14,248.8139988795917
1110,2.20825384456391e-5,0,0,0,0,0,0,0,0,0,0,11.5112134515044,11.5104122075656,225.929578701686,38,1.1,1e-4,14,248.95122644329444
1140,2.09512477918764e-5,0,0,0,0,0,0,0,0,0,0,10.9204621103488,10.9197226069405,227.22614855158,39,1.1,1e-4,14,249.0663542201171
1170,1.99264723907369e-5,0,0,0,0,0,0,0,0,0,0,10.3853365136874,10.3846513531575,228.393820499999,40,1.1,1e-4,14,249.1638282933163
1200,1.89942284498833e-5,0,0,0,0,0,0,0,0,0,0,9.89853338240951,9.89789633280553,229.450591731854,41,1.1,1e-4,14,249.2470404412975
1230,1.81428217557188e-5,0,0,0,0,0,0,0,0,0,0,9.4539452875012,9.45335105965915,230.411297897184,42,1.1,1e-4,14,249.3186123871661
1260,1.736240792349e-5,0,0,0,0,0,0,0,0,0,0,9.04643095228778,9.04587502626897,231.288271673633,43,1.1,1e-4,14,249.38059501459767
1290,1.6644647883999e-5,0,0,0,0,0,0,0,0,0,0,8.67163530415507,8.67111379276851,232.091844544661,44,1.1,1e-4,14,249.43461028623247
1320,1.59824360105329e-5,0,0,0,0,0,0,0,0,0,0,8.32584747081007,8.3253570113043,232.830733400089,45,1.1,1e-4,14,249.4819538646394
1350,1.53696840259669e-5,0,0,0,0,0,0,0,0,0,0,8.00588791330693,8.00542558067495,233.512341477132,46,1.1,1e-4,14,249.5236703407979
1380,1.48011480429473e-5,0,0,0,0,0,0,0,0,0,0,7.7090180891515,7.70858132617545,234.14299486535,47,1.1,1e-4,14,249.560609081825
1410,1.42722891919347e-5,0,0,0,0,0,0,0,0,0,0,7.4328676593171,7.43245421969408,234.728130025412,48,1.1,1e-4,14,249.59346617671238
1440,1.37791605856399e-5,0,0,0,0,0,0,0,0,0,0,7.17537545128951,7.17498335306519,235.272443698871,49,1.1,1e-4,14,249.62281628238628
1470,1.33183150737751e-5,0,0,0,0,0,0,0,0,0,0,6.93474128115268,6.93436876834113,235.780013677623,50,1.1,1e-4,14,249.6491370454319
1500,1.28867295176876e-5,0,0,0,0,0,0,0,0,0,0,6.70938640409541,6.70903191484896,236.254396800235,51,1.1,1e-4,14,249.6728280059089
1530,1.24817422746986e-5,0,0,0,0,0,0,0,0,0,0,6.4979208643323,6.4975830043883,236.698709007512,52,1.1,1e-4,14,249.6942253579749
1560,1.21010013095339e-5,0,0,0,0,0,0,0,0,0,0,6.29911639547951,6.29879391588693,237.11569115733,53,1.1,1e-4,14,249.71361356969774
1590,1.1742420905074e-5,0,0,0,0,0,0,0,0,0,0,6.1118838122473,6.11157559058573,237.50776345521,54,1.1,1e-4,14,249.73123460046395
1620,1.14041453704998e-5,0,0,0,0,0,0,0,0,0,0,5.93525405674869,5.93495908121414,237.877070723215,55,1.1,1e-4,14,249.7472952653232
1650,1.10845184738109e-5,0,0,0,0,0,0,0,0,0,0,5.76836223452123,5.7680795903782,238.225520249227,56,1.1,1e-4,14,249.7619731586449
1680,1.07820575812936e-5,0,0,0,0,0,0,0,0,0,0,5.61043410886155,5.61016296685865,238.554813591559,57,1.1,1e-4,14,249.7754214493368
1710,1.04954316863129e-5,0,0,0,0,0,0,0,0,0,0,5.46077462643526,5.4605142328583,238.86647343123,58,1.1,1e-4,14,249.78777278595524
1740,1.02234426669105e-5,0,0,0,0,0,0,0,0,0,0,5.31875812917903,5.31850779727609,239.161866345168,59,1.1,1e-4,14,249.79914249506578
1770,9.96500923588984e-6,0,0,0,0,0,0,0,0,0,0,5.18381997238616,5.18357907494758,239.442222202513,60,1.1,1e-4,14,249.80963121485598
1800,9.71915314580731e-6,0,0,0,0,0,0,0,0,0,0,5.05544932043478,5.05521728334927,239.708650751892,61,1.1,1e-4,14,249.8193270748292
1830,9.48498729017093e-6,0,0,0,0,0,0,0,0,0,0,4.93318293282003,4.93295922945943,239.962155861295,62,1.1,1e-4,14,249.82830750856175
1860,9.2617054054977e-6,0,0,0,0,0,0,0,0,0,0,4.81659978623737,4.81638393254742,240.203647787763,63,1.1,1e-4,14,249.8366407682532
1890,9.04857312999071e-6,0,0,0,0,0,0,0,0,0,0,4.70531640515887,4.7051079553539,240.43395378658,64,1.1,1e-4,14,249.8443871956659
1920,8.84492021602828e-6,0,0,0,0,0,0,0,0,0,0,4.59898279498334,4.59878133775922,240.653827315476,65,1.1,1e-4,14,249.85160029313877
1950,8.6501337273908e-6,0,0,0,0,0,0,0,0,0,0,4.49727888945898,4.49708404465256,240.863956045441,66,1.1,1e-4,14,249.85832762968627
1980,8.46365207973462e-6,0,0,0,0,0,0,0,0,0,0,4.39991143848399,4.39972285411825,241.064968854276,67,1.1,1e-4,14,249.86461161053032
0,250,0,0,0,0,0,0,0,0,0,0,0,0,0,1,1.1,1e-4,15,250
30,250.000322400697,0,0,0,0,0,0,0,0,0,0,0,0,0,2,1.1,1e-4,15,250.000322400697
60,250.000090984018,0,0,0,0,0,0,0,0,0,0,0,0,0,3,1.1,1e-4,15,250.000090984018
90,250.000018876751,0,0,0,0,0,0,0,0,0,0,0,0,0,4,1.1,1e-4,15,250.000018876751
120,208.982706943909,0,0,0,0,0,0,0,0,0,0,50.1832494369235,50.1832494369235,0.012229954920345,5,1.1,1e-4,15,309.3614357726763
150,119.937563960995,0,0,0,0,0,0,0,0,0,0,83.3486367622837,83.3473387079533,0.0380771721431862,6,1.1,1e-4,15,286.6716166033752
180,63.6737915421799,0,0,0,0,0,0,0,0,0,0,89.1012440590866,89.0986737662205,0.0785569381224658,7,1.1,1e-4,15,241.95226630560947
210,30.2774292786647,0,0,0,0,0,0,0,0,0,0,82.7492543224762,82.7462589501618,0.139796239963274,8,1.1,1e-4,15,195.91273879126598
240,12.1505965215754,0,0,0,0,0,0,0,0,0,0,71.1287458134931,71.1262167238942,0.230360162564821,9,1.1,1e-4,15,154.63591922152753
270,3.86601004537931,0,0,0,0,0,0,0,0,0,0,59.2954450225805,59.2938416558433,0.362016824255709,10,1.1,1e-4,15,122.81731354805882
300,0.929062357763215,0,0,0,0,0,0,0,0,0,0,50.9731627056297,50.9723832005608,0.548441930657722,11,1.1,1e-4,15,103.42305019461143
330,0.178327852533245,0,0,0,0,0,0,0,0,0,0,47.184092873956,47.1837243107945,0.807949617178478,12,1.1,1e-4,15,95.35409465446222
360,0.0352371343543122,0,0,0,0,0,0,0,0,0,0,46.422545301415,46.4222482356415,1.17286172697079,13,1.1,1e-4,15,94.0528923983816
390,0.00841150550419856,0,0,0,0,0,0,0,0,0,0,46.8920086510481,46.891633454106604,1.69019152234102,14,1.1,1e-4,15,95.48224513299992
420,0.00226395832935148,0,0,0,0,0,0,0,0,0,0,47.8506893148103,47.8501727666245,2.41865764981325,15,1.1,1e-4,15,98.12178368957741
450,6.6890024974022e-4,0,0,0,0,0,0,0,0,0,0,49.1783252106673,49.1776176553887,3.43540938949911,16,1.1,1e-4,15,101.79202115580486
480,2.1799865693608e-4,0,0,0,0,0,0,0,0,0,0,50.9017735834752,50.9008224202646,4.83926462256074,17,1.1,1e-4,15,106.64207862495748
510,7.76832291209265e-5,0,0,0,0,0,0,0,0,0,0,53.056238783268,53.054989401441,6.74336557238901,18,1.1,1e-4,15,112.85467144032712
540,2.99520635752713e-5,0,0,0,0,0,0,0,0,0,0,55.6379828225416,55.6363859389517,9.2566024502516,19,1.1,1e-4,15,120.53100116380847
570,2.15766112873642e-5,0,0,0,0,0,0,0,0,0,0,30.2356670063359,30.2314128262741,10.9692936178712,20,1.1,1e-4,15,71.43639502709249
600,2.10671604344638e-5,0,0,0,0,0,0,0,0,0,0,32.2666730499136,32.2608648605498,37.2687755011856,21,1.1,1e-4,15,101.79633447880944
630,2.91368808182766e-5,0,0,0,0,0,0,0,0,0,0,43.4781065153946,43.4703141623348,69.6240003106396,22,1.1,1e-4,15,156.57245012524982
660,2.9263268202954e-5,0,0,0,0,0,0,0,0,0,0,43.8723152237856,43.8649864598625,106.421680508479,23,1.1,1e-4,15,194.1590114553953
690,2.71616153713151e-5,0,0,0,0,0,0,0,0,0,0,40.6692477006838,40.6630464412874,134.89894756212,24,1.1,1e-4,15,216.23126886570657
720,2.44593845082341e-5,0,0,0,0,0,0,0,0,0,0,36.6306980297762,36.6256079469219,155.401661780125,25,1.1,1e-4,15,228.65799221620762
750,2.17571632799855e-5,0,0,0,0,0,0,0,0,0,0,32.5781421469169,32.5739892215868,170.537184336391,26,1.1,1e-4,15,235.68933746205798
780,1.94049820099907e-5,0,0,0,0,0,0,0,0,0,0,29.0537750905539,29.0503497643462,181.801187255639,27,1.1,1e-4,15,239.9053315155211
810,1.74012577539476e-5,0,0,0,0,0,0,0,0,0,0,26.0511094932456,26.0482458702999,190.466890553847,28,1.1,1e-4,15,242.56626331865027
840,1.57128694547129e-5,0,0,0,0,0,0,0,0,0,0,23.5212104346088,23.518782475404,197.291994253185,29,1.1,1e-4,15,244.33200287606726
870,1.42862605341359e-5,0,0,0,0,0,0,0,0,0,0,21.3836122698944,21.381526704287,202.788741290992,30,1.1,1e-4,15,245.55389455143393
900,1.30736625650965e-5,0,0,0,0,0,0,0,0,0,0,19.5667344366799,19.5649218803753,207.298256365246,31,1.1,1e-4,15,246.42992575596378
930,1.20350819092503e-5,0,0,0,0,0,0,0,0,0,0,18.0106255392983,18.0090338275226,211.057243407784,32,1.1,1e-4,15,247.0769148096868
960,1.11384777568839e-5,0,0,0,0,0,0,0,0,0,0,16.6672651582951,16.6658545204183,214.233774010763,33,1.1,1e-4,15,247.56690482795415
990,1.03584299268228e-5,0,0,0,0,0,0,0,0,0,0,15.4985567468206,15.4972964232256,216.95018371078,34,1.1,1e-4,15,247.94604723925613
1020,9.67479926433038e-6,0,0,0,0,0,0,0,0,0,0,14.4743198100642,14.4731856762261,219.297389965608,35,1.1,1e-4,15,248.24490512669757
1050,9.07156491299863e-6,0,0,0,0,0,0,0,0,0,0,13.5705463391123,13.5695192245075,221.344236040471,36,1.1,1e-4,15,248.4843106756557
1080,8.53590096822577e-6,0,0,0,0,0,0,0,0,0,0,12.7680166632807,12.7670811476322,223.14372013306,37,1.1,1e-4,15,248.67882647987386
1110,8.05746276864438e-6,0,0,0,0,0,0,0,0,0,0,12.0512296328537,12.050373172779,224.737250556108,38,1.1,1e-4,15,248.83886141920345
1140,7.62784168173479e-6,0,0,0,0,0,0,0,0,0,0,11.4075854324225,11.4067977192355,226.157612930401,39,1.1,1e-4,15,248.9720037099007
1170,7.24014939042095e-6,0,0,0,0,0,0,0,0,0,0,10.8267625271835,10.8260350084451,227.431078796089,40,1.1,1e-4,15,249.08388357186698
1200,6.88870010092999e-6,0,0,0,0,0,0,0,0,0,0,10.3002413896713,10.2995669082429,228.578929847194,41,1.1,1e-4,15,249.1787450338083
1230,6.56876636440288e-6,0,0,0,0,0,0,0,0,0,0,9.82093856341482,9.8203110819151,229.61857698011,42,1.1,1e-4,15,249.25983319420627
1260,6.27639025890531e-6,0,0,0,0,0,0,0,0,0,0,9.3829237001095,9.38233808821535,230.564393583023,43,1.1,1e-4,15,249.3296616477381
1290,6.00823635280643e-6,0,0,0,0,0,0,0,0,0,0,8.98119921569305,8.98065108423409,231.428344138001,44,1.1,1e-4,15,249.3902004461645
1320,5.76147637054897e-6,0,0,0,0,0,0,0,0,0,0,8.61152745811066,8.61101302839759,232.220464099984,45,1.1,1e-4,15,249.44301034796862
1350,5.53369806570483e-6,0,0,0,0,0,0,0,0,0,0,8.27029415300776,8.26981015297202,232.94923028631,46,1.1,1e-4,15,249.48934012598787
1380,5.32283270436311e-6,0,0,0,0,0,0,0,0,0,0,7.95439973888494,7.9539433198243,233.621849675962,47,1.1,1e-4,15,249.53019805750395
1410,5.12709695630224e-6,0,0,0,0,0,0,0,0,0,0,7.66117229332405,7.6607409626334,234.244486721184,48,1.1,1e-4,15,249.56640510423838
1440,4.94494601870011e-6,0,0,0,0,0,0,0,0,0,0,7.38829729164887,7.38788885806109,234.822443834604,49,1.1,1e-4,15,249.59863492926
1470,4.7750355574464e-6,0,0,0,0,0,0,0,0,0,0,7.13376057892103,7.13337310761947,235.360305869923,50,1.1,1e-4,15,249.62744433149905
1500,4.61619061696527e-6,0,0,0,0,0,0,0,0,0,0,6.89580178422094,6.89543355980219,235.862056662525,51,1.1,1e-4,15,249.65329662273874
1530,4.46738007315416e-6,0,0,0,0,0,0,0,0,0,0,6.67287604115516,6.67252553688062,236.331173704619,52,1.1,1e-4,15,249.67657975003485
1560,4.3276955233379e-6,0,0,0,0,0,0,0,0,0,0,6.46362235704466,6.46328820916472,236.770705572263,53,1.1,1e-4,15,249.6976204661679
1590,4.19633374932192e-6,0,0,0,0,0,0,0,0,0,0,6.2668373361916,6.26651832238833,237.183335644642,54,1.1,1e-4,15,249.71669549955567
1620,4.07258207451905e-6,0,0,0,0,0,0,0,0,0,0,6.08145323970072,6.08114826089489,237.571434852604,55,1.1,1e-4,15,249.73404042578167
1650,3.9558060781827e-6,0,0,0,0,0,0,0,0,0,0,5.90651957721601,5.90622764213848,237.937105588678,56,1.1,1e-4,15,249.74985676383858
1680,3.84543923961269e-6,0,0,0,0,0,0,0,0,0,0,5.74118759052491,5.74090780257188,238.282218451855,57,1.1,1e-4,15,249.764317690391
1710,3.74097417063824e-6,0,0,0,0,0,0,0,0,0,0,5.58469711701433,5.58442866299941,238.608443149293,58,1.1,1e-4,15,249.77757267028093
1740,3.6419551615388e-6,0,0,0,0,0,0,0,0,0,0,5.436365421148,5.43610756163741,238.917274606444,59,1.1,1e-4,15,249.7897512311846
1770,3.54797181817911e-6,0,0,0,0,0,0,0,0,0,0,5.2955776609787,5.29532972195408,239.210055127086,60,1.1,1e-4,15,249.8009660579906
1800,3.45865360977236e-6,0,0,0,0,0,0,0,0,0,0,5.16177871910307,5.16154008474249,239.487993280524,61,1.1,1e-4,15,249.81131554302317
1830,3.37366517981289e-6,0,0,0,0,0,0,0,0,0,0,5.03446617710563,5.03423628351067,239.752180064203,62,1.1,1e-4,15,249.82088589848448
1860,3.29270229921029e-6,0,0,0,0,0,0,0,0,0,0,4.91318425223509,4.91296258196133,240.003602787759,63,1.1,1e-4,15,249.82975291465772
1890,3.21548836194706e-6,0,0,0,0,0,0,0,0,0,0,4.7975185469571,4.79730462422973,240.243157043314,64,1.1,1e-4,15,249.83798342998918
1920,3.14177134077348e-6,0,0,0,0,0,0,0,0,0,0,4.68709148778818,4.68688487430392,240.471657061749,65,1.1,1e-4,15,249.84563656561244
1950,3.07132113439882e-6,0,0,0,0,0,0,0,0,0,0,4.58155835071214,4.58135864194479,240.689844702372,66,1.1,1e-4,15,249.85276476635008
1980,3.00392724900185e-6,0,0,0,0,0,0,0,0,0,0,4.4806037875071,4.48041060944696,240.898397281154,67,1.1,1e-4,15,249.8594146820353
0,250,0,0,0,0,0,0,0,0,0,0,0,0,0,1,1.1,1e-4,16,250
30,250.000322400697,0,0,0,0,0,0,0,0,0,0,0,0,0,2,1.1,1e-4,16,250.000322400697
60,250.000090984018,0,0,0,0,0,0,0,0,0,0,0,0,0,3,1.1,1e-4,16,250.000090984018
90,250.000018876751,0,0,0,0,0,0,0,0,0,0,0,0,0,4,1.1,1e-4,16,250.000018876751
120,208.982706943909,0,0,0,0,0,0,0,0,0,0,50.1832494369235,50.1832494369235,0.012229954920345,5,1.1,1e-4,16,309.3614357726763
150,119.937563960995,0,0,0,0,0,0,0,0,0,0,83.3486367622837,83.3473387079533,0.0380771721431862,6,1.1,1e-4,16,286.6716166033752
180,63.6737915421799,0,0,0,0,0,0,0,0,0,0,89.1012440590866,89.0986737662205,0.0785569381224658,7,1.1,1e-4,16,241.95226630560947
210,30.2774292786647,0,0,0,0,0,0,0,0,0,0,82.7492543224762,82.7462589501618,0.139796239963274,8,1.1,1e-4,16,195.91273879126598
240,12.1505965215754,0,0,0,0,0,0,0,0,0,0,71.1287458134931,71.1262167238942,0.230360162564821,9,1.1,1e-4,16,154.63591922152753
270,3.86601004537931,0,0,0,0,0,0,0,0,0,0,59.2954450225805,59.2938416558433,0.362016824255709,10,1.1,1e-4,16,122.81731354805882
300,0.929062357763215,0,0,0,0,0,0,0,0,0,0,50.9731627056297,50.9723832005608,0.548441930657722,11,1.1,1e-4,16,103.42305019461143
330,0.178327852533245,0,0,0,0,0,0,0,0,0,0,47.184092873956,47.1837243107945,0.807949617178478,12,1.1,1e-4,16,95.35409465446222
360,0.0352371343543122,0,0,0,0,0,0,0,0,0,0,46.422545301415,46.4222482356415,1.17286172697079,13,1.1,1e-4,16,94.0528923983816
390,0.00841150550419856,0,0,0,0,0,0,0,0,0,0,46.8920086510481,46.891633454106604,1.69019152234102,14,1.1,1e-4,16,95.48224513299992
420,0.00226395832935148,0,0,0,0,0,0,0,0,0,0,47.8506893148103,47.8501727666245,2.41865764981325,15,1.1,1e-4,16,98.12178368957741
450,6.6890024974022e-4,0,0,0,0,0,0,0,0,0,0,49.1783252106673,49.1776176553887,3.43540938949911,16,1.1,1e-4,16,101.79202115580486
480,2.1799865693608e-4,0,0,0,0,0,0,0,0,0,0,50.9017735834752,50.9008224202646,4.83926462256074,17,1.1,1e-4,16,106.64207862495748
510,7.76832291209265e-5,0,0,0,0,0,0,0,0,0,0,53.056238783268,53.054989401441,6.74336557238901,18,1.1,1e-4,16,112.85467144032712
540,2.99520635752713e-5,0,0,0,0,0,0,0,0,0,0,55.6379828225416,55.6363859389517,9.2566024502516,19,1.1,1e-4,16,120.53100116380847
570,1.23442388068775e-5,0,0,0,0,0,0,0,0,0,0,58.578657360089,58.5766794551591,12.4497930226715,20,1.1,1e-4,16,129.6051421821584
600,9.03828147576678e-6,0,0,0,0,0,0,0,0,0,0,34.3096622151075,34.3048793040873,14.8120408870645,21,1.1,1e-4,16,83.42659144454078
630,8.64143529507049e-6,0,0,0,0,0,0,0,0,0,0,35.1920948150516,35.1858725851773,43.9554275573564,22,1.1,1e-4,16,114.3334035990206
660,1.11219696282227e-5,0,0,0,0,0,0,0,0,0,0,44.3854786249411,44.3776933363698,76.529782259055,23,1.1,1e-4,16,165.29296534233552
690,1.08636907081352e-5,0,0,0,0,0,0,0,0,0,0,43.5196561290274,43.5125483547881,112.042161852535,24,1.1,1e-4,16,199.07437720004123
720,1.00086623586099e-5,0,0,0,0,0,0,0,0,0,0,40.0508764965033,40.044904969435,138.835664824325,25,1.1,1e-4,16,218.93145629892567
750,8.97580048911301e-6,0,0,0,0,0,0,0,0,0,0,35.9233341697077,35.9184451532164,158.293230968495,26,1.1,1e-4,16,230.1350192672196
780,7.98448432513575e-6,0,0,0,0,0,0,0,0,0,0,31.9506953792749,31.9466994682539,172.654733023506,27,1.1,1e-4,16,236.5521358555191
810,7.12623060913653e-6,0,0,0,0,0,0,0,0,0,0,28.5139483926608,28.5106447447043,183.412956155746,28,1.1,1e-4,16,240.43755641934172
840,6.39760365271342e-6,0,0,0,0,0,0,0,0,0,0,25.5959616431744,25.5931926030049,191.723761968062,29,1.1,1e-4,16,242.91292261184498
870,5.78361705666172e-6,0,0,0,0,0,0,0,0,0,0,23.137275537514,23.1349221186699,198.296015317456,30,1.1,1e-4,16,244.56821875725697
900,5.26441672961076e-6,0,0,0,0,0,0,0,0,0,0,21.0582047893399,21.0561788725984,203.606698216231,31,1.1,1e-4,16,245.72108714258601
930,4.82256468150525e-6,0,0,0,0,0,0,0,0,0,0,19.2889127978591,19.2871487099257,207.976008179466,32,1.1,1e-4,16,246.55207450981547
960,4.44362080851396e-6,0,0,0,0,0,0,0,0,0,0,17.7715527356032,17.7700009747327,211.627013762893,33,1.1,1e-4,16,247.16857191684971
990,4.11604746726985e-6,0,0,0,0,0,0,0,0,0,0,16.4599129915845,16.4585357174061,214.718811483234,34,1.1,1e-4,16,247.63726430827205
1020,3.83069836047616e-6,0,0,0,0,0,0,0,0,0,0,15.3173613251999,15.3161291956133,217.367630699134,35,1.1,1e-4,16,248.00112505064556
1050,3.58032414324012e-6,0,0,0,0,0,0,0,0,0,0,14.314864438292,14.3137543849425,219.660136607061,36,1.1,1e-4,16,248.28875901061963
1080,3.35915244906954e-6,0,0,0,0,0,0,0,0,0,0,13.4293050199574,13.4282986706929,221.662143999693,37,1.1,1e-4,16,248.51975104949574
1110,3.16255652723113e-6,0,0,0,0,0,0,0,0,0,0,12.6421542622672,12.641236808736,223.42445148007,38,1.1,1e-4,16,248.70784571362972
1140,2.98679986774081e-6,0,0,0,0,0,0,0,0,0,0,11.9384488603354,11.9376082343403,224.986841282182,39,1.1,1e-4,16,248.86290136365758
1170,2.82884126862002e-6,0,0,0,0,0,0,0,0,0,0,11.306010194791,11.3052364611687,226.380877663379,40,1.1,1e-4,16,248.99212714817997
1200,2.68618617679281e-6,0,0,0,0,0,0,0,0,0,0,10.7348488963208,10.7341337995796,227.631901490815,41,1.1,1e-4,16,249.10088687290158
1230,2.55677296329498e-6,0,0,0,0,0,0,0,0,0,0,10.2167093537502,10.2160459753059,228.760475960506,42,1.1,1e-4,16,249.19323384633506
1260,2.43888545412514e-6,0,0,0,0,0,0,0,0,0,0,9.7447193930179,9.74410188899841,229.783450622234,43,1.1,1e-4,16,249.27227434313576
1290,2.33108521464964e-6,0,0,0,0,0,0,0,0,0,0,9.31311907818056,9.31254247664681,230.714755484925,44,1.1,1e-4,16,249.3404193708376
1320,2.23215875428193e-6,0,0,0,0,0,0,0,0,0,0,8.9170492726319,8.91650931513017,231.566001300687,45,1.1,1e-4,16,249.3995621206078
1350,2.1410760636274e-6,0,0,0,0,0,0,0,0,0,0,8.55238558882545,8.55187860538442,232.346938699503,46,1.1,1e-4,16,249.45120503478893
1380,2.05695781453674e-6,0,0,0,0,0,0,0,0,0,0,8.21560703352156,8.21512984314513,233.065813191414,47,1.1,1e-4,16,249.4965521250385
1410,1.97904922788708e-6,0,0,0,0,0,0,0,0,0,0,7.90369135710802,7.90324118789616,233.729642419217,48,1.1,1e-4,16,249.5365769432704
1440,1.90669910947596e-6,0,0,0,0,0,0,0,0,0,0,7.61403110065496,7.61360552517531,234.344434712092,49,1.1,1e-4,16,249.57207324462138
1470,1.83934291975604e-6,0,0,0,0,0,0,0,0,0,0,7.34436579777924,7.34396268039197,234.915362863194,50,1.1,1e-4,16,249.60369318070812
1500,1.77648901376914e-6,0,0,0,0,0,0,0,0,0,0,7.09272687238489,7.09234432601274,235.446903422043,51,1.1,1e-4,16,249.63197639692964
1530,1.71770738924821e-6,0,0,0,0,0,0,0,0,0,0,6.85739258086154,6.85702893128105,235.942949188105,52,1.1,1e-4,16,249.65737241795497
1560,1.66262043197977e-6,0,0,0,0,0,0,0,0,0,0,6.63685095260533,6.63650470877062,236.406900703311,53,1.1,1e-4,16,249.6802580273074
1590,1.61089526152818e-6,0,0,0,0,0,0,0,0,0,0,6.42976913934716,6.42943896858541,236.841741157027,54,1.1,1e-4,16,249.70095087585483
1620,1.56223736699312e-6,0,0,0,0,0,0,0,0,0,0,6.23496793048971,6.23465263765617,237.250098092357,55,1.1,1e-4,16,249.71972022274025
1650,1.51638528863332e-6,0,0,0,0,0,0,0,0,0,0,6.05140045663136,6.05109896650235,237.634294537078,56,1.1,1e-4,16,249.736795476597
1680,1.47310615207815e-6,0,0,0,0,0,0,0,0,0,0,5.87813430725836,5.87784564958735,237.996391605501,57,1.1,1e-4,16,249.75237303545288
1710,1.43219190123399e-6,0,0,0,0,0,0,0,0,0,0,5.71433644631959,5.71405974309555,238.338224178928,58,1.1,1e-4,16,249.76662180053503
1740,1.39345610666083e-6,0,0,0,0,0,0,0,0,0,0,5.55926043221949,5.55899488675583,238.661430936466,59,1.1,1e-4,16,249.7796876488974
1770,1.3567312502161e-6,0,0,0,0,0,0,0,0,0,0,5.41223554496506,5.41198043251787,238.967479748696,60,1.1,1e-4,16,249.7916970829102
1800,1.32186640568548e-6,0,0,0,0,0,0,0,0,0,0,5.27265749898345,5.27241215865294,239.257689245252,61,1.1,1e-4,16,249.8027602247548
1830,1.28872525010904e-6,0,0,0,0,0,0,0,0,0,0,5.13998048014943,5.13974430786334,239.533247209743,62,1.1,1e-4,16,249.81297328648103
1860,1.25718435244568e-6,0,0,0,0,0,0,0,0,0,0,5.01371029335805,5.0134827357708,239.795226331401,63,1.1,1e-4,16,249.82242061771422
1890,1.22713169577162e-6,0,0,0,0,0,0,0,0,0,0,4.89339844523094,4.89317899440113,240.044597744559,64,1.1,1e-4,16,249.8311764113228
1920,1.19846539689164e-6,0,0,0,0,0,0,0,0,0,0,4.77863701731207,4.7784252060442,240.282242708805,65,1.1,1e-4,16,249.83930613062665
1950,1.17109259345073e-6,0,0,0,0,0,0,0,0,0,0,4.66905420997284,4.66884960772778,240.508962719982,66,1.1,1e-4,16,249.84686770877522
1980,1.14492847367414e-6,0,0,0,0,0,0,0,0,0,0,4.56431045743113,4.56411266672523,240.725488291708,67,1.1,1e-4,16,249.85391256079282
0,250,0,0,0,0,0,0,0,0,0,0,0,0,0,1,1.1,1e-4,6,250
30,250.000322400697,0,0,0,0,0,0,0,0,0,0,0,0,0,2,1.1,1e-4,6,250.000322400697
60,250.000090984018,0,0,0,0,0,0,0,0,0,0,0,0,0,3,1.1,1e-4,6,250.000090984018
90,250.000018876751,0,0,0,0,0,0,0,0,0,0,0,0,0,4,1.1,1e-4,6,250.000018876751
120,208.982706943909,0,0,0,0,0,0,0,0,0,0,50.1832494369235,50.1832494369235,0.012229954920345,5,1.1,1e-4,6,309.3614357726763
150,119.937563960995,0,0,0,0,0,0,0,0,0,0,83.3486367622837,83.3473387079533,0.0380771721431862,6,1.1,1e-4,6,286.6716166033752
180,63.6737915421799,0,0,0,0,0,0,0,0,0,0,89.1012440590866,89.0986737662205,0.0785569381224658,7,1.1,1e-4,6,241.95226630560947
210,30.2774292786647,0,0,0,0,0,0,0,0,0,0,82.7492543224762,82.7462589501618,0.139796239963274,8,1.1,1e-4,6,195.91273879126598
240,12.1505965215754,0,0,0,0,0,0,0,0,0,0,71.1287458134931,71.1262167238942,0.230360162564821,9,1.1,1e-4,6,154.63591922152753
270,3.86601004537931,0,0,0,0,0,0,0,0,0,0,59.2954450225805,59.2938416558433,0.362016824255709,10,1.1,1e-4,6,122.81731354805882
300,1.49785862107043,0,0,0,0,0,0,0,0,0,0,14.7568024634425,14.7552213552492,0.453425222389833,11,1.1,1e-4,6,31.463307662151962
330,1.09027301383055,0,0,0,0,0,0,0,0,0,0,12.6733433682612,12.6711320917041,2.01130826424518,12,1.1,1e-4,6,28.44605673804103
360,1.94708070161324,0,0,0,0,0,0,0,0,0,0,20.7137587708056,20.7098346168508,8.35168608187083,13,1.1,1e-4,6,51.722360171140465
390,3.18798931731741,0,0,0,0,0,0,0,0,0,0,33.7841399646483,33.7778249367142,31.0017982224345,14,1.1,1e-4,6,101.7517524411144
420,4.06867718567182,0,0,0,0,0,0,0,0,0,0,42.2176568336672,42.2101313067409,67.2963237036672,15,1.1,1e-4,6,155.79278902974713
450,4.25866552367582,0,0,0,0,0,0,0,0,0,0,43.6171369235752,43.6099475914976,102.651754324686,16,1.1,1e-4,6,194.13750436343463
480,3.9939126895611,0,0,0,0,0,0,0,0,0,0,40.4674531162393,40.4613624730486,131.297887800623,17,1.1,1e-4,6,216.220616079472
510,3.61857365017239,0,0,0,0,0,0,0,0,0,0,36.3566916019354,36.3516999559726,152.267266333683,18,1.1,1e-4,6,228.5942315417634
540,3.23964670132921,0,0,0,0,0,0,0,0,0,0,32.3259617763106,32.3218874319355,167.76890036163,19,1.1,1e-4,6,235.6563962712053
570,2.9023639720155,0,0,0,0,0,0,0,0,0,0,28.7946025866586,28.7912438674329,179.405099056661,20,1.1,1e-4,6,239.893309482768
600,2.61269951406684,0,0,0,0,0,0,0,0,0,0,25.7941024297061,25.7912956495647,188.372484965936,21,1.1,1e-4,6,242.57058255927365
630,2.36675194824562,0,0,0,0,0,0,0,0,0,0,23.2667235465472,23.2643448592035,195.447928324004,22,1.1,1e-4,6,244.34574867800032
660,2.15784518069454,0,0,0,0,0,0,0,0,0,0,21.1335455350493,21.1315031025077,201.14973205602,23,1.1,1e-4,6,245.57262587427155
690,1.97952239083754,0,0,0,0,0,0,0,0,0,0,19.3221753652642,19.3204008960232,205.828761984028,24,1.1,1e-4,6,246.45086063615295
720,1.82626522693286,0,0,0,0,0,0,0,0,0,0,17.7723284035594,17.7707705687336,209.729074802867,25,1.1,1e-4,6,247.09843900209285
750,1.69357589155718,0,0,0,0,0,0,0,0,0,0,16.4356491244913,16.4342688122301,213.024617989268,26,1.1,1e-4,6,247.58811181754658
780,1.5778487050607,0,0,0,0,0,0,0,0,0,0,15.2738057092779,15.2725726872973,215.842225347689,27,1.1,1e-4,6,247.96645244932492
810,1.47620458746197,0,0,0,0,0,0,0,0,0,0,14.2564497677614,14.2553403394795,218.276276133981,28,1.1,1e-4,6,248.2642708286839
840,1.38633962866366,0,0,0,0,0,0,0,0,0,0,13.3594596651264,13.358455011129,220.398287902603,29,1.1,1e-4,6,248.50254220752205
870,1.30640067477296,0,0,0,0,0,0,0,0,0,0,12.5635413540923,12.5626263449171,222.263342462616,30,1.1,1e-4,6,248.69591083639835
900,1.23488732103921,0,0,0,0,0,0,0,0,0,0,11.8531473792965,11.8523097144614,223.914486510072,31,1.1,1e-4,6,248.85483092486913
930,1.17057603580686,0,0,0,0,0,0,0,0,0,0,11.2156512774056,11.2148808526448,225.385806341804,32,1.1,1e-4,6,248.98691450766125
960,1.11246174774549,0,0,0,0,0,0,0,0,0,0,10.6407184519392,10.6400068880429,226.704615829601,33,1.1,1e-4,6,249.0978029173286
990,1.05971286156621,0,0,0,0,0,0,0,0,0,0,10.1198255686493,10.1191658562151,227.893039570305,34,1.1,1e-4,6,249.19174385673563
1020,1.01163649157837,0,0,0,0,0,0,0,0,0,0,9.64589155944561,9.64527778783348,228.969175989972,35,1.1,1e-4,6,249.27198182882947
1050,0.967651449317378,0,0,0,0,0,0,0,0,0,0,9.2129925105322,9.21241965874934,229.947963856736,36,1.1,1e-4,6,249.34102747533493
1080,0.927267124874115,0,0,0,0,0,0,0,0,0,0,8.81613981659973,8.81560359027277,230.841836158871,37,1.1,1e-4,6,249.4008466906176
1110,0.890066865750215,0,0,0,0,0,0,0,0,0,0,8.45110630449427,8.45060300752613,231.661219384212,38,1.1,1e-4,6,249.4529955619826
1140,0.855694806126327,0,0,0,0,0,0,0,0,0,0,8.11428895800645,8.11381539061298,232.414918930025,39,1.1,1e-4,6,249.49871808477076
1170,0.823845359298148,0,0,0,0,0,0,0,0,0,0,7.80259976006905,7.80215313708019,233.110419629521,40,1.1,1e-4,6,249.5390178859684
1200,0.794254778883225,0,0,0,0,0,0,0,0,0,0,7.51337828667788,7.51295617155167,233.754122293795,41,1.1,1e-4,6,249.5747115309078
1230,0.76669433761884,0,0,0,0,0,0,0,0,0,0,7.24432124634288,7.24392149747116,234.35153152022,42,1.1,1e-4,6,249.60646860165286
1260,0.740964779255791,0,0,0,0,0,0,0,0,0,0,6.99342531232647,6.9930460390356,234.907406023003,43,1.1,1e-4,6,249.63484215362087
1290,0.716891778877518,0,0,0,0,0,0,0,0,0,0,6.75894045278228,6.75857997904081,235.425879880759,44,1.1,1e-4,6,249.6602920914596
1320,0.69432220701691,0,0,0,0,0,0,0,0,0,0,6.53933160582586,6.53898844012361,235.910561024236,45,1.1,1e-4,6,249.68320327720238
1350,0.673121038366596,0,0,0,0,0,0,0,0,0,0,6.33324702998201,6.33291984018561,236.364611770994,46,1.1,1e-4,6,249.7038996795282
1380,0.653168780448223,0,0,0,0,0,0,0,0,0,0,6.13949202687632,6.13917961912362,236.790815092995,47,1.1,1e-4,6,249.72265551944315
1410,0.634359324075886,0,0,0,0,0,0,0,0,0,0,5.95700701259053,5.95670831348323,237.191629466654,48,1.1,1e-4,6,249.73970411680367
1440,0.616598137839642,0,0,0,0,0,0,0,0,0,0,5.7848491287513,5.78456317025689,237.56923452533,49,1.1,1e-4,6,249.7552449621778
1470,0.599800744637199,0,0,0,0,0,0,0,0,0,0,5.62217675027505,5.6219026568666,237.925569256321,50,1.1,1e-4,6,249.76944940809986
1500,0.583891430600146,0,0,0,0,0,0,0,0,0,0,5.46823637562721,5.46797335328101,238.26236411877,51,1.1,1e-4,6,249.78246527827835
1530,0.568802146418558,0,0,0,0,0,0,0,0,0,0,5.32235148628581,5.32209881302948,238.58116817714,52,1.1,1e-4,6,249.79442062287384
1560,0.55447156868153,0,0,0,0,0,0,0,0,0,0,5.18391304140817,5.18367005916851,238.883372126082,53,1.1,1e-4,6,249.80542679534022
1590,0.540844294885925,0,0,0,0,0,0,0,0,0,0,5.0523713364248,5.05213744397023,239.170227911667,54,1.1,1e-4,6,249.81558098694796
1620,0.527870150573969,0,0,0,0,0,0,0,0,0,0,4.92722900416151,4.92700365097039,239.442865519482,55,1.1,1e-4,6,249.82496832518788
1650,0.515503590910649,0,0,0,0,0,0,0,0,0,0,4.80803497695577,4.80781765787073,239.702307393751,56,1.1,1e-4,6,249.83366361948814
1680,0.503703182110246,0,0,0,0,0,0,0,0,0,0,4.69437926025345,4.69416951080608,239.949480867019,57,1.1,1e-4,6,249.84173282018878
1710,0.492431150626114,0,0,0,0,0,0,0,0,0,0,4.58588839401705,4.58568578632594,240.18522891226,58,1.1,1e-4,6,249.8492342432291
1740,0.481652990052066,0,0,0,0,0,0,0,0,0,0,4.48222149923039,4.4820256383917,240.410319474739,59,1.1,1e-4,6,249.85621960241315
1770,0.471337117342875,0,0,0,0,0,0,0,0,0,0,4.38306682385099,4.38287734475337,240.625453597034,60,1.1,1e-4,6,249.86273488298124
1800,0.461454571320465,0,0,0,0,0,0,0,0,0,0,4.28813871651965,4.28795528102588,240.831272514817,61,1.1,1e-4,6,249.86882108368297
1830,0.451978747549946,0,0,0,0,0,0,0,0,0,0,4.19717496779988,4.19699726224657,241.028363871818,62,1.1,1e-4,6,249.8745148494144
1860,0.442885164592437,0,0,0,0,0,0,0,0,0,0,4.10993446817213,4.10976220114614,241.217267178553,63,1.1,1e-4,6,249.8798490124637
1890,0.434151257406292,0,0,0,0,0,0,0,0,0,0,4.02619513983106,4.02602804018708,241.398478619661,64,1.1,1e-4,6,249.88485305708545
1920,0.425756194304346,0,0,0,0,0,0,0,0,0,0,3.94575210583275,3.94558992092196,241.572455298487,65,1.1,1e-4,6,249.88955351954607
1950,0.417680714405664,0,0,0,0,0,0,0,0,0,0,3.86841606555742,3.86825855964118,241.739618994057,66,1.1,1e-4,6,249.89397433366125
1980,0.409906982964835,0,0,0,0,0,0,0,0,0,0,3.79401184998542,3.79385880281169,241.90035949436,67,1.1,1e-4,6,249.89813713012194
0,250,0,0,0,0,0,0,0,0,0,0,0,0,0,1,1.1,1e-4,7,250
30,250.000322400697,0,0,0,0,0,0,0,0,0,0,0,0,0,2,1.1,1e-4,7,250.000322400697
60,250.000090984018,0,0,0,0,0,0,0,0,0,0,0,0,0,3,1.1,1e-4,7,250.000090984018
90,250.000018876751,0,0,0,0,0,0,0,0,0,0,0,0,0,4,1.1,1e-4,7,250.000018876751
120,208.982706943909,0,0,0,0,0,0,0,0,0,0,50.1832494369235,50.1832494369235,0.012229954920345,5,1.1,1e-4,7,309.3614357726763
150,119.937563960995,0,0,0,0,0,0,0,0,0,0,83.3486367622837,83.3473387079533,0.0380771721431862,6,1.1,1e-4,7,286.6716166033752
180,63.6737915421799,0,0,0,0,0,0,0,0,0,0,89.1012440590866,89.0986737662205,0.0785569381224658,7,1.1,1e-4,7,241.95226630560947
210,30.2774292786647,0,0,0,0,0,0,0,0,0,0,82.7492543224762,82.7462589501618,0.139796239963274,8,1.1,1e-4,7,195.91273879126598
240,12.1505965215754,0,0,0,0,0,0,0,0,0,0,71.1287458134931,71.1262167238942,0.230360162564821,9,1.1,1e-4,7,154.63591922152753
270,3.86601004537931,0,0,0,0,0,0,0,0,0,0,59.2954450225805,59.2938416558433,0.362016824255709,10,1.1,1e-4,7,122.81731354805882
300,0.929062357763215,0,0,0,0,0,0,0,0,0,0,50.9731627056297,50.9723832005608,0.548441930657722,11,1.1,1e-4,7,103.42305019461143
330,0.301244951849127,0,0,0,0,0,0,0,0,0,0,8.70654573272431,8.70566930520807,0.583183118686233,12,1.1,1e-4,7,18.29664310846774
360,0.241524521701826,0,0,0,0,0,0,0,0,0,0,9.06490850207216,9.06325922051129,3.10239605063963,13,1.1,1e-4,7,21.472088294924905
390,0.690500549741496,0,0,0,0,0,0,0,0,0,0,23.0888949934599,23.0844196407446,15.0516476468142,14,1.1,1e-4,7,61.91546283076019
420,1.11668857935867,0,0,0,0,0,0,0,0,0,0,38.1279104704146,38.1207499615543,48.1929372465505,15,1.1,1e-4,7,125.55828625787807
450,1.26601710839713,0,0,0,0,0,0,0,0,0,0,42.7411018213459,42.7335940443415,89.5554580317346,16,1.1,1e-4,7,176.29617100581913
480,1.2556268291071,0,0,0,0,0,0,0,0,0,0,42.2954498518471,42.2886787738202,121.54474610404,17,1.1,1e-4,7,207.3845015588144
510,1.14114972717179,0,0,0,0,0,0,0,0,0,0,38.315275507642,38.3096943222581,146.100613943848,18,1.1,1e-4,7,223.8667335009199
540,1.02176396812793,0,0,0,0,0,0,0,0,0,0,34.229473393283,34.2249188641508,163.522218034626,19,1.1,1e-4,7,232.99837426018775
570,0.911048549096762,0,0,0,0,0,0,0,0,0,0,30.4611323897531,30.4573987826343,176.45235368431,20,1.1,1e-4,7,238.28193340579415
600,0.815835841990232,0,0,0,0,0,0,0,0,0,0,27.2332120925778,27.2301113142574,186.252639754017,21,1.1,1e-4,7,241.53179900284243
630,0.735168110732029,0,0,0,0,0,0,0,0,0,0,24.5057521036145,24.5031401177383,193.896236861895,22,1.1,1e-4,7,243.64029719397985
660,0.66700883028666,0,0,0,0,0,0,0,0,0,0,22.2060954957375,22.2038650569225,199.995794607674,23,1.1,1e-4,7,245.07276399062064
690,0.60916245472903,0,0,0,0,0,0,0,0,0,0,20.2577339902735,20.2558056668317,204.961356860839,24,1.1,1e-4,7,246.08405897267323
720,0.559732107635065,0,0,0,0,0,0,0,0,0,0,18.5952363841518,18.5935508143895,209.072796260579,25,1.1,1e-4,7,246.82131556675537
750,0.517167822182976,0,0,0,0,0,0,0,0,0,0,17.1654387847691,17.1639510223,212.526971026002,26,1.1,1e-4,7,247.3735286552541
780,0.480231873674699,0,0,0,0,0,0,0,0,0,0,15.9260509579329,15.9247264769069,215.465762686946,27,1.1,1e-4,7,247.7967719954605
810,0.447941391962957,0,0,0,0,0,0,0,0,0,0,14.8435857413636,14.8423976392095,217.993722952408,28,1.1,1e-4,7,248.12764772494407
840,0.419514674227709,0,0,0,0,0,0,0,0,0,0,13.8914692481757,13.8903962760158,220.189411573878,29,1.1,1e-4,7,248.3907917722972
870,0.394326816023717,0,0,0,0,0,0,0,0,0,0,13.0484965673136,13.0475217283376,222.11289041277,30,1.1,1e-4,7,248.60323552444493
900,0.371874862830103,0,0,0,0,0,0,0,0,0,0,12.2976270246646,12.2967365637711,223.810794766813,31,1.1,1e-4,7,248.7770332180788
930,0.351750974240524,0,0,0,0,0,0,0,0,0,0,11.6250606931397,11.6242433587463,225.319840701172,32,1.1,1e-4,7,248.92089572729853
960,0.333621894637882,0,0,0,0,0,0,0,0,0,0,11.0195343138492,11.0187808113121,226.669298523484,33,1.1,1e-4,7,249.0412355432832
990,0.317213245994126,0,0,0,0,0,0,0,0,0,0,10.4717840168726,10.4710865985471,227.882768304845,34,1.1,1e-4,7,249.14285216625882
1020,0.302297465950516,0,0,0,0,0,0,0,0,0,0,9.9741336129127,9.9734857669258,228.979475051807,35,1.1,1e-4,7,249.229391897596
1050,0.288684493569908,0,0,0,0,0,0,0,0,0,0,9.520177237198,9.51957344843652,229.97522744293,36,1.1,1e-4,7,249.30366262213442
1080,0.276214529701427,0,0,0,0,0,0,0,0,0,0,9.10453305471497,9.10396861929031,230.883137114344,37,1.1,1e-4,7,249.36785331805072
1110,0.264752370413954,0,0,0,0,0,0,0,0,0,0,8.72265073628464,8.72212161605355,231.7141649921,38,1.1,1e-4,7,249.42368971485215
1140,0.254182939951051,0,0,0,0,0,0,0,0,0,0,8.37065986547509,8.37016257289293,232.477540996376,39,1.1,1e-4,7,249.47254637469507
1170,0.244407744228119,0,0,0,0,0,0,0,0,0,0,8.04524970982215,8.044781216001,233.181089866353,40,1.1,1e-4,7,249.51552853640428
1200,0.23534203555915,0,0,0,0,0,0,0,0,0,0,7.74357319305365,7.74313085374439,233.831486573557,41,1.1,1e-4,7,249.55353265591418
1230,0.22691253067848,0,0,0,0,0,0,0,0,0,0,7.46316967247663,7.46275116802161,234.434458353729,42,1.1,1e-4,7,249.58729172490573
1260,0.21905556214377,0,0,0,0,0,0,0,0,0,0,7.20190243068221,7.20150571695005,234.994945861212,43,1.1,1e-4,7,249.61740957098803
1290,0.211715571478732,0,0,0,0,0,0,0,0,0,0,6.9579077592622,6.95753102728495,235.517232727376,44,1.1,1e-4,7,249.6443870854019
1320,0.204843873556281,0,0,0,0,0,0,0,0,0,0,6.72955323531871,6.72919487787676,236.005050483218,45,1.1,1e-4,7,249.66864246996977
1350,0.198397637629427,0,0,0,0,0,0,0,0,0,0,6.51540333479445,6.51506191858794,236.461664115551,46,1.1,1e-4,7,249.69052700656283
1380,0.1923390424606,0,0,0,0,0,0,0,0,0,0,6.31419093743523,6.3138651797777,236.889942281993,47,1.1,1e-4,7,249.71033744166652
1410,0.186634572176563,0,0,0,0,0,0,0,0,0,0,6.12479359084345,6.12448234003894,237.292415285505,48,1.1,1e-4,7,249.72832578856395
1440,0.18125442651278,0,0,0,0,0,0,0,0,0,0,5.94621364057466,5.94591585931362,237.671323216079,49,1.1,1e-4,7,249.74470714248005
1470,0.176172024540483,0,0,0,0,0,0,0,0,0,0,5.77756151785286,5.77727626909565,238.028656142939,50,1.1,1e-4,7,249.75966595442802
1500,0.171363585184799,0,0,0,0,0,0,0,0,0,0,5.61804161968574,5.61776805460721,238.366187840945,51,1.1,1e-4,7,249.77336110042276
1530,0.166807771133963,0,0,0,0,0,0,0,0,0,0,5.46694032791009,5.46667767556066,238.685504227839,52,1.1,1e-4,7,249.7859300024437
1560,0.162485385325193,0,0,0,0,0,0,0,0,0,0,5.32361580140818,5.32336335981098,238.988027451383,53,1.1,1e-4,7,249.79749199792735
1590,0.158379111234916,0,0,0,0,0,0,0,0,0,0,5.1874892449671,5.18724637342245,239.275036380281,54,1.1,1e-4,7,249.80815110990545
1620,0.154473289822744,0,0,0,0,0,0,0,0,0,0,5.05803741319523,5.05780352560443,239.547684107609,55,1.1,1e-4,7,249.8179983362314
1650,0.150753727273041,0,0,0,0,0,0,0,0,0,0,4.93478615174132,4.9345607107945,239.807012960891,56,1.1,1e-4,7,249.82711355069986
1680,0.147207528716446,0,0,0,0,0,0,0,0,0,0,4.81730481320525,4.81708732530478,240.053967422024,57,1.1,1e-4,7,249.83556708925047
1710,0.143822953950825,0,0,0,0,0,0,0,0,0,0,4.70520141344435,4.7049914242567,240.289405287675,58,1.1,1e-4,7,249.84342107932687
1740,0.140589291859088,0,0,0,0,0,0,0,0,0,0,4.59811841689969,4.597915507446,240.514107342496,59,1.1,1e-4,7,249.85073055870077
1770,0.137496750772845,0,0,0,0,0,0,0,0,0,0,4.49572905820285,4.49553284141324,240.728785770521,60,1.1,1e-4,7,249.85754442090993
1800,0.134536362481471,0,0,0,0,0,0,0,0,0,0,4.39773412254347,4.39754424021154,240.934091492056,61,1.1,1e-4,7,249.86390621729248
1830,0.131699897955784,0,0,0,0,0,0,0,0,0,0,4.30385911975863,4.30367523984262,241.130620582284,62,1.1,1e-4,7,249.86985483984103
1860,0.128979793160075,0,0,0,0,0,0,0,0,0,0,4.2138517973811,4.21367361160613,241.318919902537,63,1.1,1e-4,7,249.8754251046843
1890,0.126369083577984,0,0,0,0,0,0,0,0,0,0,4.12747994637735,4.12730716809994,241.499492054262,64,1.1,1e-4,7,249.88064825231726
1920,0.123861346286657,0,0,0,0,0,0,0,0,0,0,4.0445294603527,4.04436182265446,241.672799748547,65,1.1,1e-4,7,249.8855523778408
1950,0.121450648587684,0,0,0,0,0,0,0,0,0,0,3.96480261486847,3.96463986885056,241.839269669885,66,1.1,1e-4,7,249.89016280219172
1980,0.119131502348785,0,0,0,0,0,0,0,0,0,0,3.88811653841796,3.88795845167182,241.999295900937,67,1.1,1e-4,7,249.89450239337557
0,250,0,0,0,0,0,0,0,0,0,0,0,0,0,1,1.1,1e-4,8,250
30,250.000322400697,0,0,0,0,0,0,0,0,0,0,0,0,0,2,1.1,1e-4,8,250.000322400697
60,250.000090984018,0,0,0,0,0,0,0,0,0,0,0,0,0,3,1.1,1e-4,8,250.000090984018
90,250.000018876751,0,0,0,0,0,0,0,0,0,0,0,0,0,4,1.1,1e-4,8,250.000018876751
120,208.982706943909,0,0,0,0,0,0,0,0,0,0,50.1832494369235,50.1832494369235,0.012229954920345,5,1.1,1e-4,8,309.3614357726763
150,119.937563960995,0,0,0,0,0,0,0,0,0,0,83.3486367622837,83.3473387079533,0.0380771721431862,6,1.1,1e-4,8,286.6716166033752
180,63.6737915421799,0,0,0,0,0,0,0,0,0,0,89.1012440590866,89.0986737662205,0.0785569381224658,7,1.1,1e-4,8,241.95226630560947
210,30.2774292786647,0,0,0,0,0,0,0,0,0,0,82.7492543224762,82.7462589501618,0.139796239963274,8,1.1,1e-4,8,195.91273879126598
240,12.1505965215754,0,0,0,0,0,0,0,0,0,0,71.1287458134931,71.1262167238942,0.230360162564821,9,1.1,1e-4,8,154.63591922152753
270,3.86601004537931,0,0,0,0,0,0,0,0,0,0,59.2954450225805,59.2938416558433,0.362016824255709,10,1.1,1e-4,8,122.81731354805882
300,0.929062357763215,0,0,0,0,0,0,0,0,0,0,50.9731627056297,50.9723832005608,0.548441930657722,11,1.1,1e-4,8,103.42305019461143
330,0.178327852533245,0,0,0,0,0,0,0,0,0,0,47.184092873956,47.1837243107945,0.807949617178478,12,1.1,1e-4,8,95.35409465446222
360,0.0652020853496645,0,0,0,0,0,0,0,0,0,0,8.0099590154349,8.00910667710842,0.791732806963989,13,1.1,1e-4,8,16.876000584856975
390,0.0572038237553949,0,0,0,0,0,0,0,0,0,0,9.55427722499435,9.55249768791712,4.93230782639853,14,1.1,1e-4,8,24.096286563065394
420,0.180823855181119,0,0,0,0,0,0,0,0,0,0,26.5195709665948,26.5144076250025,22.008066395587502,15,1.1,1e-4,8,75.22286884236593
450,0.271023072032994,0,0,0,0,0,0,0,0,0,0,40.9240357732337,40.9164177024132,59.2395314552909,16,1.1,1e-4,8,141.3510080029708
480,0.28501789033499503,0,0,0,0,0,0,0,0,0,0,42.6665034929658,42.659133659209,100.938713224296,17,1.1,1e-4,8,186.5493682668058
510,0.276107348975946,0,0,0,0,0,0,0,0,0,0,41.3728273168193,41.3663435681617,130.180964426279,18,1.1,1e-4,8,213.19624266023592
540,0.248152713684698,0,0,0,0,0,0,0,0,0,0,37.1431170232916,37.1378194540533,152.550083199635,19,1.1,1e-4,8,227.0791723906646
570,0.221485048085492,0,0,0,0,0,0,0,0,0,0,33.1357029259479,33.131378371484,168.351507078582,20,1.1,1e-4,8,234.8400734240994
600,0.197414088934598,0,0,0,0,0,0,0,0,0,0,29.5195633773521,29.5160066192971,180.161897496264,21,1.1,1e-4,8,239.3948815818478
630,0.176928420305883,0,0,0,0,0,0,0,0,0,0,26.4451744514118,26.4422082742749,189.176012426731,22,1.1,1e-4,8,242.24032357272358
660,0.159629831329281,0,0,0,0,0,0,0,0,0,0,23.8505226649415,23.8480137538849,196.254499007869,23,1.1,1e-4,8,244.11266525802466
690,0.145020286707506,0,0,0,0,0,0,0,0,0,0,21.6602557936074,21.6581052328087,201.936897295692,24,1.1,1e-4,8,245.40027860881563
720,0.132610847121534,0,0,0,0,0,0,0,0,0,0,19.8005416044323,19.7986760260638,206.586920488853,25,1.1,1e-4,8,246.31874896647062
750,0.12199212819232,0,0,0,0,0,0,0,0,0,0,18.2097080781991,18.2080724614163,210.454455839109,26,1.1,1e-4,8,246.9942285069167
780,0.112833839923621,0,0,0,0,0,0,0,0,0,0,16.8380529158716,16.8366054278169,213.71647830872,27,1.1,1e-4,8,247.50397049233214
810,0.104873653995793,0,0,0,0,0,0,0,0,0,0,15.6461342065103,15.6448425758495,216.50133739246,28,1.1,1e-4,8,247.8971878288156
840,0.0979036568606283,0,0,0,0,0,0,0,0,0,0,14.6027108415689,14.6015498187446,218.904151416891,29,1.1,1e-4,8,248.20631573406513
870,0.0917585177250143,0,0,0,0,0,0,0,0,0,0,13.6829525357245,13.6819021001801,220.99675833634,30,1.1,1e-4,8,248.4533714899696
900,0.0863059694861928,0,0,0,0,0,0,0,0,0,0,12.867002797815701,12.8660468777133,222.834334914048,31,1.1,1e-4,8,248.6536905590632
930,0.0814394253968748,0,0,0,0,0,0,0,0,0,0,12.1388659108899,12.1379914566326,224.45990243292,32,1.1,1e-4,8,248.81819922583935
960,0.0770723275804126,0,0,0,0,0,0,0,0,0,0,11.4855558163226,11.4847521209737,225.907459955059,33,1.1,1e-4,8,248.95484021993573
990,0.0731338355350278,0,0,0,0,0,0,0,0,0,0,10.8964472813548,10.8957054755074,227.204205159645,34,1.1,1e-4,8,249.06949175204224
1020,0.0695655304506194,0,0,0,0,0,0,0,0,0,0,10.3627802244508,10.3620928959751,228.372135936022,35,1.1,1e-4,8,249.16657458689852
1050,0.06631888410788,0,0,0,0,0,0,0,0,0,0,9.8772792165211,9.87664012086406,229.429223692423,36,1.1,1e-4,8,249.24946191391604
1080,0.0633533029447768,0,0,0,0,0,0,0,0,0,0,9.43385956467886,9.43326340165111,230.390285321044,37,1.1,1e-4,8,249.32076159031874
1110,0.0606346061298852,0,0,0,0,0,0,0,0,0,0,9.02739869254729,9.02684093251703,231.267639776148,38,1.1,1e-4,8,249.3825140073422
1140,0.0581338327875052,0,0,0,0,0,0,0,0,0,0,8.6535570186958,8.65303376591278,232.071608465919,39,1.1,1e-4,8,249.4363330833151
1170,0.0558263003916641,0,0,0,0,0,0,0,0,0,0,8.30863659122788,8.3081444753519,232.81090087218,40,1.1,1e-4,8,249.48350823915146
1200,0.0536908561108497,0,0,0,0,0,0,0,0,0,0,7.98946871721266,7.98900480648289,233.49291478955,41,1.1,1e-4,8,249.52507916935642
1230,0.0517092774113266,0,0,0,0,0,0,0,0,0,0,7.69332401462489,7.69288574579138,234.123972322964,42,1.1,1e-4,8,249.56189136079158
1260,0.0498657889283858,0,0,0,0,0,0,0,0,0,0,7.41783992611924,7.41742504747354,234.709507036092,43,1.1,1e-4,8,249.59463779861315
1290,0.0481466705325927,0,0,0,0,0,0,0,0,0,0,7.16096192577651,7.16056845050492,235.254213588583,44,1.1,1e-4,8,249.62389063539703
1320,0.0465399374076863,0,0,0,0,0,0,0,0,0,0,6.92089553610856,6.92052170384372,235.762168303397,45,1.1,1e-4,8,249.65012548075697
1350,0.0450350773641132,0,0,0,0,0,0,0,0,0,0,6.6960669354864,6.69571118041889,236.236927012213,46,1.1,1e-4,8,249.6737402054824
1380,0.0436228339311714,0,0,0,0,0,0,0,0,0,0,6.48509043518466,6.48475135945995,236.681604997632,47,1.1,1e-4,8,249.69506962620778
1410,0.0422950262863653,0,0,0,0,0,0,0,0,0,0,6.28674148336101,6.2864178347632,237.098942722364,48,1.1,1e-4,8,249.71439706677458
1440,0.041044398999621,0,0,0,0,0,0,0,0,0,0,6.09993414166966,6.09962479480344,237.491360194823,49,1.1,1e-4,8,249.7319635302957
1470,0.0398644960433602,0,0,0,0,0,0,0,0,0,0,5.92370220155973,5.92340614190413,237.861002188523,50,1.1,1e-4,8,249.74797502803023
1500,0.0387495546577072,0,0,0,0,0,0,0,0,0,0,5.75718327828401,5.75689958861659,238.209776053496,51,1.1,1e-4,8,249.76260847505432
1530,0.0376944155448911,0,0,0,0,0,0,0,0,0,0,5.59960535351683,5.59933320230504,238.539383491904,52,1.1,1e-4,8,249.77601646327076
1560,0.0366944465587516,0,0,0,0,0,0,0,0,0,0,5.45027534136021,5.45001397279315,238.851347388048,53,1.1,1e-4,8,249.7883311487601
1590,0.0357454775993483,0,0,0,0,0,0,0,0,0,0,5.30856933419797,5.30831805959288,239.14703456445,54,1.1,1e-4,8,249.7996674358402
1620,0.0348437448529525,0,0,0,0,0,0,0,0,0,0,5.17392424944205,5.17368243980781,239.427675165007,55,1.1,1e-4,8,249.81012559910982
1650,0.033985842859784,0,0,0,0,0,0,0,0,0,0,5.04583064955578,5.04559772913461,239.694379232167,56,1.1,1e-4,8,249.81979345371718
1680,0.0331686831652531,0,0,0,0,0,0,0,0,0,0,4.92382654876306,4.92360198940238,239.948150939065,57,1.1,1e-4,8,249.8287481603957
1710,0.0323894585300324,0,0,0,0,0,0,0,0,0,0,4.80749205279633,4.80727536902826,240.189900853304,58,1.1,1e-4,8,249.83705773365864
1740,0.0316456118514822,0,0,0,0,0,0,0,0,0,0,4.69644470461992,4.69623544934576,240.420456541679,59,1.1,1e-4,8,249.84478230749616
1770,0.0309348090926105,0,0,0,0,0,0,0,0,0,0,4.59033543061342,4.59013319130766,240.640571770993,60,1.1,1e-4,8,249.85197520200668
1800,0.0302549156317311,0,0,0,0,0,0,0,0,0,0,4.48884499924706,4.48864939460877,240.85093451637,61,1.1,1e-4,8,249.85868382585755
1830,0.0296039755416616,0,0,0,0,0,0,0,0,0,0,4.39168091862875,4.39149159561952,241.052173952965,62,1.1,1e-4,8,249.86495044275495
1860,0.0289801933858651,0,0,0,0,0,0,0,0,0,0,4.29857471108431,4.29839134230131,241.244866578011,63,1.1,1e-4,8,249.8708128247825
1890,0.0283819181837172,0,0,0,0,0,0,0,0,0,0,4.20927951264494,4.20910179398541,241.429541586427,64,1.1,1e-4,8,249.87630481124108
1920,0.0278076292506884,0,0,0,0,0,0,0,0,0,0,4.12356795335367,4.12339560193326,241.606685603735,65,1.1,1e-4,8,249.88145678827263
1950,0.0272559236637634,0,0,0,0,0,0,0,0,0,0,4.04123028097818,4.04106303327163,241.776746863885,66,1.1,1e-4,8,249.88629610179856
1980,0.0267255051395389,0,0,0,0,0,0,0,0,0,0,3.96207269628264,3.96191030645896,241.940138906252,67,1.1,1e-4,8,249.89084741413313
0,250,0,0,0,0,0,0,0,0,0,0,0,0,0,1,1.1,1e-4,9,250
30,250.000322400697,0,0,0,0,0,0,0,0,0,0,0,0,0,2,1.1,1e-4,9,250.000322400697
60,250.000090984018,0,0,0,0,0,0,0,0,0,0,0,0,0,3,1.1,1e-4,9,250.000090984018
90,250.000018876751,0,0,0,0,0,0,0,0,0,0,0,0,0,4,1.1,1e-4,9,250.000018876751
120,208.982706943909,0,0,0,0,0,0,0,0,0,0,50.1832494369235,50.1832494369235,0.012229954920345,5,1.1,1e-4,9,309.3614357726763
150,119.937563960995,0,0,0,0,0,0,0,0,0,0,83.3486367622837,83.3473387079533,0.0380771721431862,6,1.1,1e-4,9,286.6716166033752
180,63.6737915421799,0,0,0,0,0,0,0,0,0,0,89.1012440590866,89.0986737662205,0.0785569381224658,7,1.1,1e-4,9,241.95226630560947
210,30.2774292786647,0,0,0,0,0,0,0,0,0,0,82.7492543224762,82.7462589501618,0.139796239963274,8,1.1,1e-4,9,195.91273879126598
240,12.1505965215754,0,0,0,0,0,0,0,0,0,0,71.1287458134931,71.1262167238942,0.230360162564821,9,1.1,1e-4,9,154.63591922152753
270,3.86601004537931,0,0,0,0,0,0,0,0,0,0,59.2954450225805,59.2938416558433,0.362016824255709,10,1.1,1e-4,9,122.81731354805882
300,0.929062357763215,0,0,0,0,0,0,0,0,0,0,50.9731627056297,50.9723832005608,0.548441930657722,11,1.1,1e-4,9,103.42305019461143
330,0.178327852533245,0,0,0,0,0,0,0,0,0,0,47.184092873956,47.1837243107945,0.807949617178478,12,1.1,1e-4,9,95.35409465446222
360,0.0352371343543122,0,0,0,0,0,0,0,0,0,0,46.422545301415,46.4222482356415,1.17286172697079,13,1.1,1e-4,9,94.0528923983816
390,0.0163891920091978,0,0,0,0,0,0,0,0,0,0,9.49318479702921,9.49207010074776,1.15805812914745,14,1.1,1e-4,9,20.159702218933617
420,0.0149670719835468,0,0,0,0,0,0,0,0,0,0,11.897421028372,11.8951877196081,7.4841595743233,15,1.1,1e-4,9,31.291735394286945
450,0.0427276148340575,0,0,0,0,0,0,0,0,0,0,29.8703840993535,29.8645906583168,28.5659292549001,16,1.1,1e-4,9,88.34363162740446
480,0.0590575613519274,0,0,0,0,0,0,0,0,0,0,42.4555649931401,42.4477505331282,67.1328793297036,17,1.1,1e-4,9,152.09525241732382
510,0.0597797505458791,0,0,0,0,0,0,0,0,0,0,42.6676705433723,42.6604141165157,107.395267006577,18,1.1,1e-4,9,192.78313141701088
540,0.0569443573056625,0,0,0,0,0,0,0,0,0,0,40.7017037352282,40.6954287279199,134.981094302059,19,1.1,1e-4,9,216.43517112251277
570,0.0509686619996112,0,0,0,0,0,0,0,0,0,0,36.4087472946126,36.4036353466585,155.976559027546,20,1.1,1e-4,9,228.8399103308167
600,0.0454404748951561,0,0,0,0,0,0,0,0,0,0,32.4562167365334,32.4520407342492,170.894522655521,21,1.1,1e-4,9,235.84822060119876
630,0.0405217889197256,0,0,0,0,0,0,0,0,0,0,28.9373756116562,28.9339330802176,182.098230331816,22,1.1,1e-4,9,240.01006081260954
660,0.0363515595303122,0,0,0,0,0,0,0,0,0,0,25.9551836091152,25.9523052112457,190.693148269985,23,1.1,1e-4,9,242.6369886498762
690,0.0328331896808902,0,0,0,0,0,0,0,0,0,0,23.4394249600035,23.4369841735753,197.471423325973,24,1.1,1e-4,9,244.3806656492327
720,0.0298602479081664,0,0,0,0,0,0,0,0,0,0,21.3139410577462,21.3118441077933,202.932862482173,25,1.1,1e-4,9,245.58850789562067
750,0.0273323903326524,0,0,0,0,0,0,0,0,0,0,19.5068416982664,19.5050189270713,207.41609837021,26,1.1,1e-4,9,246.45529138588034
780,0.02516663875614,0,0,0,0,0,0,0,0,0,0,17.9587318146767,17.9571308598781,211.154975723882,27,1.1,1e-4,9,247.09600503719292
810,0.0232963732279964,0,0,0,0,0,0,0,0,0,0,16.621935425716998,16.6205163706614,214.315857638781,28,1.1,1e-4,9,247.5816058083874
840,0.0216687670856446,0,0,0,0,0,0,0,0,0,0,15.4586563094946,15.4573882800485,217.019881728256,29,1.1,1e-4,9,247.95759508488473
870,0.0202419555525174,0,0,0,0,0,0,0,0,0,0,14.4389458836772,14.4378046629127,219.357141382418,30,1.1,1e-4,9,248.25413388456042
900,0.0189826267505279,0,0,0,0,0,0,0,0,0,0,13.5389770677517,13.5379434089905,221.395895089795,31,1.1,1e-4,9,248.49179819328774
930,0.0178641037532715,0,0,0,0,0,0,0,0,0,0,12.7396705864752,12.7387290057687,223.188718909048,32,1.1,1e-4,9,248.68498260504515
960,0.016864863729264,0,0,0,0,0,0,0,0,0,0,12.0256347341043,12.0247726342564,224.776710734048,33,1.1,1e-4,9,248.843982966138
990,0.015967406489911,0,0,0,0,0,0,0,0,0,0,11.3843554972411,11.3835625236931,226.192424237092,34,1.1,1e-4,9,248.97630966451612
1020,0.0151573916804247,0,0,0,0,0,0,0,0,0,0,10.8055790864029,10.8048466473325,227.461955085877,35,1.1,1e-4,9,249.08753821129284
1050,0.0144229790408565,0,0,0,0,0,0,0,0,0,0,10.2808398654414,10.2801607696879,228.606449841041,36,1.1,1e-4,9,249.18187345521116
1080,0.0137543213496501,0,0,0,0,0,0,0,0,0,0,9.80309757644424,9.80246575707351,229.643214304905,37,1.1,1e-4,9,249.2625319597724
1110,0.0131431722120342,0,0,0,0,0,0,0,0,0,0,9.36645675988832,9.36586706077731,230.586539224899,38,1.1,1e-4,9,249.33200621777667
1140,0.012582580545761,0,0,0,0,0,0,0,0,0,0,8.96594821573552,8.96539622508607,231.448323435991,39,1.1,1e-4,9,249.39225045735836
1170,0.0120666508683357,0,0,0,0,0,0,0,0,0,0,8.59735754667485,8.59683946586661,232.238549756007,40,1.1,1e-4,9,249.4448134194168
1200,0.0115903538433663,0,0,0,0,0,0,0,0,0,0,8.25708965899895,8.25660219833698,232.965652431358,41,1.1,1e-4,9,249.4909346425373
1230,0.0111493754767868,0,0,0,0,0,0,0,0,0,0,7.94206091289901,7.94160120803389,233.636803735288,42,1.1,1e-4,9,249.53161523169769
1260,0.0107399962435907,0,0,0,0,0,0,0,0,0,0,7.64961268284712,7.64917822723397,234.258139615852,43,1.1,1e-4,9,249.56767052217668
1290,0.0103589935552882,0,0,0,0,0,0,0,0,0,0,7.37744161306863,7.37703020297986,234.834938912837,44,1.1,1e-4,9,249.59976972244078
1320,0.0100035625548195,0,0,0,0,0,0,0,0,0,0,7.12354298141822,7.12315267086342,235.371766859452,45,1.1,1e-4,9,249.62846607428847
1350,0.00967125139926161,0,0,0,0,0,0,0,0,0,0,6.88616442482781,6.88579348835329,235.872590861711,46,1.1,1e-4,9,249.65422002629134
1380,0.00935990806969096,0,0,0,0,0,0,0,0,0,0,6.6637679084784,6.66341481027985,236.340874576811,47,1.1,1e-4,9,249.67741720363892
1410,0.00906763641016882,0,0,0,0,0,0,0,0,0,0,6.45499829493229,6.45466166306016,236.779654868679,48,1.1,1e-4,9,249.6983824630816
1440,0.00879275960052932,0,0,0,0,0,0,0,0,0,0,6.25865722912206,6.25833583382225,237.191605152066,49,1.1,1e-4,9,249.71739097461082
1470,0.00853378965154242,0,0,0,0,0,0,0,0,0,0,6.07368132972211,6.07337406515514,237.57908784047,50,1.1,1e-4,9,249.7346770249988
1500,0.00828940180605156,0,0,0,0,0,0,0,0,0,0,5.89912388847458,5.89882975721095,237.944198013733,51,1.1,1e-4,9,249.7504410612246
1530,0.0080584129578449,0,0,0,0,0,0,0,0,0,0,5.73413944224373,5.73385754205335,238.288799966162,52,1.1,1e-4,9,249.76485536341693
1560,0.00783976337754288,0,0,0,0,0,0,0,0,0,0,5.57797070955027,5.57770022209705,238.61455794774,53,1.1,1e-4,9,249.77806864276485
1590,0.00763250117372931,0,0,0,0,0,0,0,0,0,0,5.42993748271365,5.42967766384069,238.922962142603,54,1.1,1e-4,9,249.7902097903311
1620,0.00743576902692548,0,0,0,0,0,0,0,0,0,0,5.28942714495437,5.28917731630282,239.21535072048,55,1.1,1e-4,9,249.8013909507641
1650,0.00724879282057782,0,0,0,0,0,0,0,0,0,0,5.15588654372084,5.15564608547242,239.492928633927,56,1.1,1e-4,9,249.81171005594084
1680,0.00707087186211788,0,0,0,0,0,0,0,0,0,0,5.02881500077085,5.02858334534096,239.756783706013,57,1.1,1e-4,9,249.82125292398695
1710,0.0069013704422539,0,0,0,0,0,0,0,0,0,0,4.90775827894094,4.90753490547913,240.007900451722,58,1.1,1e-4,9,249.83009500658434
1740,0.0067397105249422,0,0,0,0,0,0,0,0,0,0,4.79230335720776,4.79208778678685,240.247171995634,59,1.1,1e-4,9,249.83830285015355
1770,0.00658536539625713,0,0,0,0,0,0,0,0,0,0,4.68207389122419,4.68186568261863,240.475410383827,60,1.1,1e-4,9,249.8459353230661
1800,0.00643785412939947,0,0,0,0,0,0,0,0,0,0,4.57672625726473,4.57652500323513,240.693355535995,61,1.1,1e-4,9,249.85304465062427
1830,0.0062967367467345,0,0,0,0,0,0,0,0,0,0,4.47594609442558,4.47575141843948,240.901683041778,62,1.1,1e-4,9,249.8596772913898
1860,0.00616160997910639,0,0,0,0,0,0,0,0,0,0,4.37944527376485,4.37925682709466,241.101010971109,63,1.1,1e-4,9,249.86587468194762
1890,0.00603210353858132,0,0,0,0,0,0,0,0,0,0,4.2869592344406,4.28677669358869,241.291905840619,64,1.1,1e-4,9,249.87167387218688
1920,0.00590787683389417,0,0,0,0,0,0,0,0,0,0,4.1982446362866,4.19806770069491,241.474887855219,65,1.1,1e-4,9,249.87710806903442
1950,0.00578861606874051,0,0,0,0,0,0,0,0,0,0,4.11307728603516,4.11290567604305,241.650435525233,66,1.1,1e-4,9,249.88220710337995
1980,0.00567403167208832,0,0,0,0,0,0,0,0,0,0,4.03125030085404,4.03108375587337,241.818989743939,67,1.1,1e-4,9,249.8869978323385
0,250,0,0,0,0,0,0,0,0,0,0,0,0,0,1,1.2,0,10,250
30,250.000322400697,0,0,0,0,0,0,0,0,0,0,0,0,0,2,1.2,0,10,250.000322400697
60,250.000090984018,0,0,0,0,0,0,0,0,0,0,0,0,0,3,1.2,0,10,250.000090984018
90,250.000018876751,0,0,0,0,0,0,0,0,0,0,0,0,0,4,1.2,0,10,250.000018876751
120,206.489898347579,0,0,0,0,0,0,0,0,0,0,54.0649456892475,54.0649456892475,0,5,1.2,0,10,314.619789726074
150,113.924585888169,0,0,0,0,0,0,0,0,0,0,88.0322586007008,88.0322586007008,0,6,1.2,0,10,289.9891030895706
180,57.3637259211397,0,0,0,0,0,0,0,0,0,0,92.3729472716762,92.3729472716762,0,7,1.2,0,10,242.10962046449208
210,25.4101507754709,0,0,0,0,0,0,0,0,0,0,84.2657107293029,84.2657107293029,0,8,1.2,0,10,193.9415722340767
240,9.26165944321778,0,0,0,0,0,0,0,0,0,0,71.60411585148,71.60411585148,0,9,1.2,0,10,152.4698911461778
270,2.57698609157044,0,0,0,0,0,0,0,0,0,0,59.9132030402306,59.9132030402306,0,10,1.2,0,10,122.40339217203163
300,0.506691034493494,0,0,0,0,0,0,0,0,0,0,52.4773470912542,52.4773470912542,0,11,1.2,0,10,105.4613852170019
330,0.0685152032730446,0,0,0,0,0,0,0,0,0,0,49.3436954341508,49.3436954341508,0,12,1.2,0,10,98.75590607157466
360,0.00691123608241753,0,0,0,0,0,0,0,0,0,0,48.512751474539,48.512751474539,0,13,1.2,0,10,97.03241418516042
390,5.8655945685449e-4,0,0,0,0,0,0,0,0,0,0,48.3690216280163,48.3690216280163,0,14,1.2,0,10,96.73862981548945
420,5.39828501509342e-5,0,0,0,0,0,0,0,0,0,0,2.8580665951351,2.8580665951351,0,15,1.2,0,10,5.716187173120351
450,8.1007690770048e-6,0,0,0,0,0,0,0,0,0,0,0.169521460273854,0.169521460273854,0,16,1.2,0,10,0.339051021316785
480,9.68929336427133e-7,0,0,0,0,0,0,0,0,0,0,0.0101841323101479,0.0101841323101479,0,17,1.2,0,10,0.02036923354963223
510,8.86338965053058e-8,0,0,0,0,0,0,0,0,0,0,6.2293624681367e-4,6.2293624681367e-4,0,18,1.2,0,10,0.0012459611275238453
540,7.13286930248732e-9,0,0,0,0,0,0,0,0,0,0,3.87573385816533e-5,3.87573385816533e-5,0,19,1.2,0,10,7.75218100326091e-5
570,5.36444665742394e-10,0,0,0,0,0,0,0,0,0,0,2.44718831979638e-6,2.44718831979638e-6,0,20,1.2,0,10,4.8949130842585025e-06
600,3.8729559518522396e-11,0,0,0,0,0,0,0,0,0,0,1.56421654778553e-7,1.56421654778553e-7,0,21,1.2,0,10,3.128820391166245e-7
630,2.7221119523204e-12,0,0,0,0,0,0,0,0,0,0,1.0096463100872e-8,1.0096463100872e-8,0,22,1.2,0,10,2.0195648313696317e-8
660,1.87796243324379e-13,0,0,0,0,0,0,0,0,0,0,6.56602502737019e-10,6.56602502737019e-10,0,23,1.2,0,10,1.3133928017173624e-9
690,1.2783676666527301e-14,0,0,0,0,0,0,0,0,0,0,4.2938690700117194e-11,4.2938690700117194e-11,0,24,1.2,0,10,8.589016507690091e-11
720,8.61671312085994e-16,0,0,0,0,0,0,0,0,0,0,2.8190870502537297e-12,2.8190870502537297e-12,0,25,1.2,0,10,5.639035771819546e-12
750,5.76526364078222e-17,0,0,0,0,0,0,0,0,0,0,1.85577449058988e-13,1.85577449058988e-13,0,26,1.2,0,10,3.712125507543838e-13
780,3.83591121151647e-18,0,0,0,0,0,0,0,0,0,0,1.22368579771614e-14,1.22368579771614e-14,0,27,1.2,0,10,2.4477551865534316e-14
810,2.5413829460543395e-19,0,0,0,0,0,0,0,0,0,0,8.07645869938674e-16,8.07645869938674e-16,0,28,1.2,0,10,1.6155458781719534e-15
840,1.67827678135399e-20,0,0,0,0,0,0,0,0,0,0,5.3326584712208104e-17,5.3326584712208104e-17,0,29,1.2,0,10,1.0666995219222975e-16
870,1.10557097489992e-21,0,0,0,0,0,0,0,0,0,0,3.5210510114808495e-18,3.5210510114808495e-18,0,30,1.2,0,10,7.0432075939366e-18
900,7.26943964106791e-23,0,0,0,0,0,0,0,0,0,0,2.3243070652473197e-19,2.3243070652473197e-19,0,31,1.2,0,10,4.649341074458747e-19
930,4.77320941645039e-24,0,0,0,0,0,0,0,0,0,0,1.53367795112381e-20,1.53367795112381e-20,0,32,1.2,0,10,3.0678332231892647e-20
960,3.13093959959897e-25,0,0,0,0,0,0,0,0,0,0,1.01146498104599e-21,1.01146498104599e-21,0,33,1.2,0,10,2.02324305605194e-21
990,2.05219228388394e-26,0,0,0,0,0,0,0,0,0,0,6.66686531990803e-23,6.66686531990803e-23,0,34,1.2,0,10,1.3335782832099943e-22
1020,1.34442792468786e-27,0,0,0,0,0,0,0,0,0,0,4.391776681299799e-24,4.391776681299799e-24,0,35,1.2,0,10,8.784897790524287e-24
1050,8.80457004637793e-29,0,0,0,0,0,0,0,0,0,0,2.89141783244697e-25,2.89141783244697e-25,0,36,1.2,0,10,5.783716121898578e-25
1080,5.764843094963969e-30,0,0,0,0,0,0,0,0,0,0,1.9025889904280098e-26,1.9025889904280098e-26,0,37,1.2,0,10,3.805754465165516e-26
1110,3.7741497510026096e-31,0,0,0,0,0,0,0,0,0,0,1.2512918841789e-27,1.2512918841789e-27,0,38,1.2,0,10,2.5029611833329003e-27
1140,2.47078814879397e-32,0,0,0,0,0,0,0,0,0,0,8.22565309757441e-29,8.22565309757441e-29,0,39,1.2,0,10,1.6453776983297614e-28
1170,1.61755935586572e-33,0,0,0,0,0,0,0,0,0,0,5.4050538439692596e-30,5.4050538439692596e-30,0,40,1.2,0,10,1.0811725247294385e-29
1200,1.0590339194968e-34,0,0,0,0,0,0,0,0,0,0,3.5503196220434595e-31,3.5503196220434595e-31,0,41,1.2,0,10,7.1016982780064155e-31
1230,6.934187044524679e-36,0,0,0,0,0,0,0,0,0,0,2.33126722376035e-32,2.33126722376035e-32,0,42,1.2,0,10,4.6632278662251523e-32
1260,4.54071383012925e-37,0,0,0,0,0,0,0,0,0,0,1.53035511352459e-33,1.53035511352459e-33,0,43,1.2,0,10,3.0611642984321928e-33
1290,2.97371417430423e-38,0,0,0,0,0,0,0,0,0,0,1.00434984666569e-34,1.00434984666569e-34,0,44,1.2,0,10,2.0089970647488104e-34
1320,1.94769971806266e-39,0,0,0,0,0,0,0,0,0,0,6.590009980883299e-36,6.590009980883299e-36,0,45,1.2,0,10,1.318196766148466e-35
1350,1.27582721186829e-40,0,0,0,0,0,0,0,0,0,0,4.32324123666106e-37,4.32324123666106e-37,0,46,1.2,0,10,8.647758300533987e-37
1380,8.358087855975829e-42,0,0,0,0,0,0,0,0,0,0,2.8357488365523903e-38,2.8357488365523903e-38,0,47,1.2,0,10,5.672333481890379e-38
1410,5.476013289719709e-43,0,0,0,0,0,0,0,0,0,0,1.85982471795973e-39,1.85982471795973e-39,0,48,1.2,0,10,3.720197037248432e-39
1440,3.5880731970710895e-44,0,0,0,0,0,0,0,0,0,0,1.2196406307811799e-40,1.2196406307811799e-40,0,49,1.2,0,10,2.439640068882067e-40
1470,2.3512228785131197e-45,0,0,0,0,0,0,0,0,0,0,7.997526978021549e-42,7.997526978021549e-42,0,50,1.2,0,10,1.599740517892161e-41
1500,1.54084295049391e-46,0,0,0,0,0,0,0,0,0,0,5.2438547258765995e-43,5.2438547258765995e-43,0,51,1.2,0,10,1.0489250294703692e-42
1530,1.00983735560004e-47,0,0,0,0,0,0,0,0,0,0,3.4381336992963993e-44,3.4381336992963993e-44,0,52,1.2,0,10,6.877277235948398e-44
1560,6.61865147067428e-49,0,0,0,0,0,0,0,0,0,0,2.2541205549443197e-45,2.2541205549443197e-45,0,53,1.2,0,10,4.508902975035707e-45
1590,4.33819795525189e-50,0,0,0,0,0,0,0,0,0,0,1.4778080537458502e-46,1.4778080537458502e-46,0,54,1.2,0,10,2.9560499272872254e-46
1620,2.84359658942197e-51,0,0,0,0,0,0,0,0,0,0,9.68833008330842e-48,9.68833008330842e-48,0,55,1.2,0,10,1.937950376320626e-47
1650,1.8639859401914803e-52,0,0,0,0,0,0,0,0,0,0,6.351447059967229e-49,6.351447059967229e-49,0,56,1.2,0,10,1.270475810587465e-48
1680,1.22188644276993e-53,0,0,0,0,0,0,0,0,0,0,4.16381658571541e-50,4.16381658571541e-50,0,57,1.2,0,10,8.328855057873589e-50
1710,8.009961693430049e-55,0,0,0,0,0,0,0,0,0,0,2.72965320374608e-51,2.72965320374608e-51,0,58,1.2,0,10,5.460107403661503e-51
1740,5.25096940543437e-56,0,0,0,0,0,0,0,0,0,0,1.7894590263578e-52,1.7894590263578e-52,0,59,1.2,0,10,3.579443149656144e-52
1770,3.4423602540179996e-57,0,0,0,0,0,0,0,0,0,0,1.17310135689665e-53,1.17310135689665e-53,0,60,1.2,0,10,2.346546949818702e-53
1800,2.25672940968005e-58,0,0,0,0,0,0,0,0,0,0,7.69041239220182e-55,7.69041239220182e-55,0,61,1.2,0,10,1.538308151381332e-54
1830,1.47947545957209e-59,0,0,0,0,0,0,0,0,0,0,5.04155640144824e-56,5.04155640144824e-56,0,62,1.2,0,10,1.008459227835605e-55
1860,9.69929364852506e-61,0,0,0,0,0,0,0,0,0,0,3.3050722273178996e-57,3.3050722273178996e-57,0,63,1.2,0,10,6.611114384000652e-57
1890,6.35880697212913e-62,0,0,0,0,0,0,0,0,0,0,2.16670044959369e-58,2.16670044959369e-58,0,64,1.2,0,10,4.334036779884593e-58
1920,4.16882479237324e-63,0,0,0,0,0,0,0,0,0,0,1.42042577188899e-59,1.42042577188899e-59,0,65,1.2,0,10,2.841268426257217e-59
1950,2.73308738067573e-64,0,0,0,0,0,0,0,0,0,0,9.31193712352943e-61,9.31193712352943e-61,0,66,1.2,0,10,1.8626607334439535e-60
1980,1.79182165574329e-65,0,0,0,0,0,0,0,0,0,0,6.104686302132089e-62,6.104686302132089e-62,0,67,1.2,0,10,1.2211164425919922e-61
0,250,0,0,0,0,0,0,0,0,0,0,0,0,0,1,1.2,0,11,250
30,250.000322400697,0,0,0,0,0,0,0,0,0,0,0,0,0,2,1.2,0,11,250.000322400697
60,250.000090984018,0,0,0,0,0,0,0,0,0,0,0,0,0,3,1.2,0,11,250.000090984018
90,250.000018876751,0,0,0,0,0,0,0,0,0,0,0,0,0,4,1.2,0,11,250.000018876751
120,206.489898347579,0,0,0,0,0,0,0,0,0,0,54.0649456892475,54.0649456892475,0,5,1.2,0,11,314.619789726074
150,113.924585888169,0,0,0,0,0,0,0,0,0,0,88.0322586007008,88.0322586007008,0,6,1.2,0,11,289.9891030895706
180,57.3637259211397,0,0,0,0,0,0,0,0,0,0,92.3729472716762,92.3729472716762,0,7,1.2,0,11,242.10962046449208
210,25.4101507754709,0,0,0,0,0,0,0,0,0,0,84.2657107293029,84.2657107293029,0,8,1.2,0,11,193.9415722340767
240,9.26165944321778,0,0,0,0,0,0,0,0,0,0,71.60411585148,71.60411585148,0,9,1.2,0,11,152.4698911461778
270,2.57698609157044,0,0,0,0,0,0,0,0,0,0,59.9132030402306,59.9132030402306,0,10,1.2,0,11,122.40339217203163
300,0.506691034493494,0,0,0,0,0,0,0,0,0,0,52.4773470912542,52.4773470912542,0,11,1.2,0,11,105.4613852170019
330,0.0685152032730446,0,0,0,0,0,0,0,0,0,0,49.3436954341508,49.3436954341508,0,12,1.2,0,11,98.75590607157466
360,0.00691123608241753,0,0,0,0,0,0,0,0,0,0,48.512751474539,48.512751474539,0,13,1.2,0,11,97.03241418516042
390,5.8655945685449e-4,0,0,0,0,0,0,0,0,0,0,48.3690216280163,48.3690216280163,0,14,1.2,0,11,96.73862981548945
420,4.52615768771055e-5,0,0,0,0,0,0,0,0,0,0,48.3507203957733,48.3507203957733,0,15,1.2,0,11,96.70148605312347
450,3.81609026230799e-6,0,0,0,0,0,0,0,0,0,0,2.85538623363245,2.85538623363245,0,16,1.2,0,11,5.7107762833551625
480,5.1531528805574e-7,0,0,0,0,0,0,0,0,0,0,0.168670654850863,0.168670654850863,0,17,1.2,0,11,0.33734182501701404
510,5.92736960419865e-8,0,0,0,0,0,0,0,0,0,0,0.00997150068700937,0.00997150068700937,0,18,1.2,0,11,0.019943060647714783
540,5.32961196960174e-9,0,0,0,0,0,0,0,0,0,0,5.9016331227024e-4,5.9016331227024e-4,0,19,1.2,0,11,0.0011803319541524497
570,4.23407373259867e-10,0,0,0,0,0,0,0,0,0,0,3.49693681399947e-5,3.49693681399947e-5,0,20,1.2,0,11,6.993915968736267e-5
600,3.14341304330885e-11,0,0,0,0,0,0,0,0,0,0,2.07444647172594e-6,2.07444647172594e-6,0,21,1.2,0,11,4.148924377582313e-6
630,2.236900512857e-12,0,0,0,0,0,0,0,0,0,0,1.23199648384891e-7,1.23199648384891e-7,0,22,1.2,0,11,2.4640153367029485e-7
660,1.54636377356881e-13,0,0,0,0,0,0,0,0,0,0,7.324908726285921e-9,7.324908726285921e-9,0,23,1.2,0,11,1.4649972088949198e-8
690,1.04673749656546e-14,0,0,0,0,0,0,0,0,0,0,4.3598541848554803e-10,4.3598541848554803e-10,0,24,1.2,0,11,8.719813043460618e-10
720,6.97316665924178e-16,0,0,0,0,0,0,0,0,0,0,2.5978198137962198e-11,2.5978198137962198e-11,0,25,1.2,0,11,5.195709359259032e-11
750,4.5876100951836905e-17,0,0,0,0,0,0,0,0,0,0,1.5495394534067399e-12,1.5495394534067399e-12,0,26,1.2,0,11,3.0991247829144315e-12
780,2.98793711277666e-18,0,0,0,0,0,0,0,0,0,0,9.252116060689181e-14,9.252116060689181e-14,0,27,1.2,0,11,1.850453091508964e-13
810,1.93004869400652e-19,0,0,0,0,0,0,0,0,0,0,5.52982931024925e-15,5.52982931024925e-15,0,28,1.2,0,11,1.1059851625367901e-14
840,1.2381415070464399e-20,0,0,0,0,0,0,0,0,0,0,3.30827227475362e-16,3.30827227475362e-16,0,29,1.2,0,11,6.616668363657945e-16
870,7.89655571776237e-22,0,0,0,0,0,0,0,0,0,0,1.98105088203234e-17,1.98105088203234e-17,0,30,1.2,0,11,3.962180729621858e-17
900,5.01111833289281e-23,0,0,0,0,0,0,0,0,0,0,1.1873543547508699e-18,1.1873543547508699e-18,0,31,1.2,0,11,2.3747588206850687e-18
930,3.1663156367883702e-24,0,0,0,0,0,0,0,0,0,0,7.1226310578619e-20,7.1226310578619e-20,0,32,1.2,0,11,1.4245578747287478e-19
960,1.9931303409719098e-25,0,0,0,0,0,0,0,0,0,0,4.27622610636655e-21,4.27622610636655e-21,0,33,1.2,0,11,8.552651525767197e-21
990,1.2504811647395799e-26,0,0,0,0,0,0,0,0,0,0,2.5693632177163697e-22,2.5693632177163697e-22,0,34,1.2,0,11,5.138851483549213e-22
1020,7.822475955281149e-28,0,0,0,0,0,0,0,0,0,0,1.5449676095406498e-23,1.5449676095406498e-23,0,35,1.2,0,11,3.0900134438408524e-23
1050,4.88064193851073e-29,0,0,0,0,0,0,0,0,0,0,9.296654019172439e-25,9.296654019172439e-25,0,36,1.2,0,11,1.8593796102538727e-24
1080,3.0380481657771298e-30,0,0,0,0,0,0,0,0,0,0,5.59798605021924e-26,5.59798605021924e-26,0,37,1.2,0,11,1.1196275905255058e-25
1110,1.8871219035930898e-31,0,0,0,0,0,0,0,0,0,0,3.37302363987941e-27,3.37302363987941e-27,0,38,1.2,0,11,6.74623599194918e-27
1140,1.16998870250845e-32,0,0,0,0,0,0,0,0,0,0,2.0336404463687897e-28,2.0336404463687897e-28,0,39,1.2,0,11,4.06739789160783e-28
1170,7.24131085129336e-34,0,0,0,0,0,0,0,0,0,0,1.2268210539112399e-29,1.2268210539112399e-29,0,40,1.2,0,11,2.4537145209309928e-29
1200,4.4748076586559196e-35,0,0,0,0,0,0,0,0,0,0,7.40501439024464e-31,7.40501439024464e-31,0,41,1.2,0,11,1.4810476261255146e-30
1230,2.7612963305079397e-36,0,0,0,0,0,0,0,0,0,0,4.47191944234996e-32,4.47191944234996e-32,0,42,1.2,0,11,8.944115014332971e-32
1260,1.70171213185199e-37,0,0,0,0,0,0,0,0,0,0,2.70191426397492e-33,2.70191426397492e-33,0,43,1.2,0,11,5.403998699163025e-33
1290,1.04746797362066e-38,0,0,0,0,0,0,0,0,0,0,1.63322219927216e-34,1.63322219927216e-34,0,44,1.2,0,11,3.266549145341682e-34
1320,6.440493130635849e-40,0,0,0,0,0,0,0,0,0,0,9.87647932239594e-36,9.87647932239594e-36,0,45,1.2,0,11,1.9753602694104942e-35
1350,3.95602474097323e-41,0,0,0,0,0,0,0,0,0,0,5.9748878832017404e-37,5.9748878832017404e-37,0,46,1.2,0,11,1.1950171368877578e-36
1380,2.4276966741255798e-42,0,0,0,0,0,0,0,0,0,0,3.6158975968743e-38,3.6158975968743e-38,0,47,1.2,0,11,7.232037963416013e-38
1410,1.4885250471271896e-43,0,0,0,0,0,0,0,0,0,0,2.18902035626078e-39,2.18902035626078e-39,0,48,1.2,0,11,4.378189565026273e-39
1440,9.11952128746621e-45,0,0,0,0,0,0,0,0,0,0,1.32562248771758e-40,1.32562248771758e-40,0,49,1.2,0,11,2.6513361706480346e-40
1470,5.58299761358169e-46,0,0,0,0,0,0,0,0,0,0,8.030006498598989e-42,8.030006498598989e-42,0,50,1.2,0,11,1.6060571296959336e-41
1500,3.41558770008283e-47,0,0,0,0,0,0,0,0,0,0,4.8655058862104e-43,4.8655058862104e-43,0,51,1.2,0,11,9.731353331190808e-43
1530,2.0882723501088498e-48,0,0,0,0,0,0,0,0,0,0,2.9488099820041996e-44,2.9488099820041996e-44,0,52,1.2,0,11,5.89782879124341e-44
1560,1.2760034861188499e-49,0,0,0,0,0,0,0,0,0,0,1.7875712556112098e-45,1.7875712556112098e-45,0,53,1.2,0,11,3.575270111571031e-45
1590,7.79250968165644e-51,0,0,0,0,0,0,0,0,0,0,1.08385035486805e-46,1.08385035486805e-46,0,54,1.2,0,11,2.1677786348329165e-46
1620,4.7564170485514104e-52,0,0,0,0,0,0,0,0,0,0,6.572895814162419e-48,6.572895814162419e-48,0,55,1.2,0,11,1.3146267270029694e-47
1650,2.90184781260659e-53,0,0,0,0,0,0,0,0,0,0,3.9867423945797096e-49,3.9867423945797096e-49,0,56,1.2,0,11,7.97377497394068e-49
1680,1.76960099577532e-54,0,0,0,0,0,0,0,0,0,0,2.41850277301654e-50,2.41850277301654e-50,0,57,1.2,0,11,4.837182506132657e-50
1710,1.0786857417124199e-55,0,0,0,0,0,0,0,0,0,0,1.46735573681495e-51,1.46735573681495e-51,0,58,1.2,0,11,2.9348193422040714e-51
1740,6.572722312015589e-57,0,0,0,0,0,0,0,0,0,0,8.903863314212671e-53,8.903863314212671e-53,0,59,1.2,0,11,1.7808383900656544e-52
1770,4.00347787332115e-58,0,0,0,0,0,0,0,0,0,0,5.40343628558496e-54,5.40343628558496e-54,0,60,1.2,0,11,1.0807272918957252e-53
1800,2.43770775805207e-59,0,0,0,0,0,0,0,0,0,0,3.2794777016388395e-55,3.2794777016388395e-55,0,61,1.2,0,11,6.5591991740534845e-55
1830,1.4838412716820002e-60,0,0,0,0,0,0,0,0,0,0,1.99056978490818e-56,1.99056978490818e-56,0,62,1.2,0,11,3.9812879539435283e-56
1860,9.02950078233632e-62,0,0,0,0,0,0,0,0,0,0,1.20832438036016e-57,1.20832438036016e-57,0,63,1.2,0,11,2.4167390557281435e-57
1890,5.49311645576479e-63,0,0,0,0,0,0,0,0,0,0,7.33531438430755e-59,7.33531438430755e-59,0,64,1.2,0,11,1.4671178080260676e-58
1920,3.34087617859028e-64,0,0,0,0,0,0,0,0,0,0,4.45326930082966e-60,4.45326930082966e-60,0,65,1.2,0,11,8.906872689277178e-60
1950,2.03140111849462e-65,0,0,0,0,0,0,0,0,0,0,2.7037123534462603e-61,2.7037123534462603e-61,0,66,1.2,0,11,5.40762784700437e-61
1980,1.23489913529089e-66,0,0,0,0,0,0,0,0,0,0,1.64157170673912e-62,1.64157170673912e-62,0,67,1.2,0,11,3.2832669033917688e-62
0,250,0,0,0,0,0,0,0,0,0,0,0,0,0,1,1.2,0,12,250
30,250.000322400697,0,0,0,0,0,0,0,0,0,0,0,0,0,2,1.2,0,12,250.000322400697
60,250.000090984018,0,0,0,0,0,0,0,0,0,0,0,0,0,3,1.2,0,12,250.000090984018
90,250.000018876751,0,0,0,0,0,0,0,0,0,0,0,0,0,4,1.2,0,12,250.000018876751
120,206.489898347579,0,0,0,0,0,0,0,0,0,0,54.0649456892475,54.0649456892475,0,5,1.2,0,12,314.619789726074
150,113.924585888169,0,0,0,0,0,0,0,0,0,0,88.0322586007008,88.0322586007008,0,6,1.2,0,12,289.9891030895706
180,57.3637259211397,0,0,0,0,0,0,0,0,0,0,92.3729472716762,92.3729472716762,0,7,1.2,0,12,242.10962046449208
210,25.4101507754709,0,0,0,0,0,0,0,0,0,0,84.2657107293029,84.2657107293029,0,8,1.2,0,12,193.9415722340767
240,9.26165944321778,0,0,0,0,0,0,0,0,0,0,71.60411585148,71.60411585148,0,9,1.2,0,12,152.4698911461778
270,2.57698609157044,0,0,0,0,0,0,0,0,0,0,59.9132030402306,59.9132030402306,0,10,1.2,0,12,122.40339217203163
300,0.506691034493494,0,0,0,0,0,0,0,0,0,0,52.4773470912542,52.4773470912542,0,11,1.2,0,12,105.4613852170019
330,0.0685152032730446,0,0,0,0,0,0,0,0,0,0,49.3436954341508,49.3436954341508,0,12,1.2,0,12,98.75590607157466
360,0.00691123608241753,0,0,0,0,0,0,0,0,0,0,48.512751474539,48.512751474539,0,13,1.2,0,12,97.03241418516042
390,5.8655945685449e-4,0,0,0,0,0,0,0,0,0,0,48.3690216280163,48.3690216280163,0,14,1.2,0,12,96.73862981548945
420,4.52615768771055e-5,0,0,0,0,0,0,0,0,0,0,48.3507203957733,48.3507203957733,0,15,1.2,0,12,96.70148605312347
450,3.30077961129259e-6,0,0,0,0,0,0,0,0,0,0,48.3487981226147,48.3487981226147,0,16,1.2,0,12,96.69759954600902
480,2.62438794901119e-7,0,0,0,0,0,0,0,0,0,0,2.85514988902544,2.85514988902544,0,17,1.2,0,12,5.710300040489675
510,3.26201281233858e-8,0,0,0,0,0,0,0,0,0,0,0.16860858958959,0.16860858958959,0,18,1.2,0,12,0.3372172117993081
540,3.6289787700612504e-9,0,0,0,0,0,0,0,0,0,0,0.00995753284266305,0.00995753284266305,0,19,1.2,0,12,0.01991506931430487
570,3.22220072788281e-10,0,0,0,0,0,0,0,0,0,0,5.8810249844284e-4,5.8810249844284e-4,0,20,1.2,0,12,0.001176205319105753
600,2.5432181982432896e-11,0,0,0,0,0,0,0,0,0,0,3.47363626316165e-5,3.47363626316165e-5,0,21,1.2,0,12,6.947275069541498e-5
630,1.8801780145368e-12,0,0,0,0,0,0,0,0,0,0,2.05185013868449e-6,2.05185013868449e-6,0,22,1.2,0,12,4.103702157546994e-6
660,1.3337524105572799e-13,0,0,0,0,0,0,0,0,0,0,1.21209563323811e-7,1.21209563323811e-7,0,23,1.2,0,12,2.4241926002286305e-7
690,9.195981623758451e-15,0,0,0,0,0,0,0,0,0,0,7.160742522261271e-9,7.160742522261271e-9,0,24,1.2,0,12,1.4321494240504166e-8
720,6.2100297447366095e-16,0,0,0,0,0,0,0,0,0,0,4.23066970465072e-10,4.23066970465072e-10,0,25,1.2,0,12,8.461345619331185e-10
750,4.12765341828687e-17,0,0,0,0,0,0,0,0,0,0,2.4997123557639497e-11,2.4997123557639497e-11,0,26,1.2,0,12,4.9994288391813174e-11
780,2.70948412345834e-18,0,0,0,0,0,0,0,0,0,0,1.47706893699905e-12,1.47706893699905e-12,0,27,1.2,0,12,2.954140583482223e-12
810,1.7606941433716297e-19,0,0,0,0,0,0,0,0,0,0,8.72853298852444e-14,8.72853298852444e-14,0,28,1.2,0,12,1.7457083583990312e-13
840,1.1346512604255599e-20,0,0,0,0,0,0,0,0,0,0,5.158357797281211e-15,5.158357797281211e-15,0,29,1.2,0,12,1.0316726941075026e-14
870,7.261130909129929e-22,0,0,0,0,0,0,0,0,0,0,3.04867635759004e-16,3.04867635759004e-16,0,30,1.2,0,12,6.097359976310989e-16
900,4.6191471536262697e-23,0,0,0,0,0,0,0,0,0,0,1.80194186697842e-17,1.80194186697842e-17,0,31,1.2,0,12,3.6038883531039934e-17
930,2.92343429371224e-24,0,0,0,0,0,0,0,0,0,0,1.0651229805500699e-18,1.0651229805500699e-18,0,32,1.2,0,12,2.1302488845344335e-18
960,1.84199153455109e-25,0,0,0,0,0,0,0,0,0,0,6.296340231056379e-20,6.296340231056379e-20,0,33,1.2,0,12,1.2592698882028104e-19
990,1.15606101530686e-26,0,0,0,0,0,0,0,0,0,0,3.7222539322078804e-21,3.7222539322078804e-21,0,34,1.2,0,12,7.444519425025914e-21
1020,7.23049795323591e-28,0,0,0,0,0,0,0,0,0,0,2.20066077420849e-22,2.20066077420849e-22,0,35,1.2,0,12,4.401328778914933e-22
1050,4.50830914910815e-29,0,0,0,0,0,0,0,0,0,0,1.3011561427866e-23,1.3011561427866e-23,0,36,1.2,0,12,2.602316793882349e-23
1080,2.8032101625496397e-30,0,0,0,0,0,0,0,0,0,0,7.6936929193261e-25,7.6936929193261e-25,0,37,1.2,0,12,1.5387413870753826e-24
1110,1.73865039927663e-31,0,0,0,0,0,0,0,0,0,0,4.54955900712773e-26,4.54955900712773e-26,0,38,1.2,0,12,9.099135400759453e-26
1140,1.07593276494675e-32,0,0,0,0,0,0,0,0,0,0,2.69049802719932e-27,2.69049802719932e-27,0,39,1.2,0,12,5.3810068137262896e-27
1170,6.64450011589429e-34,0,0,0,0,0,0,0,0,0,0,1.59120036881291e-28,1.59120036881291e-28,0,40,1.2,0,12,3.182407382125936e-28
1200,4.095628838515e-35,0,0,0,0,0,0,0,0,0,0,9.41121665519829e-30,9.41121665519829e-30,0,41,1.2,0,12,1.8822474266684965e-29
1230,2.5201554935538997e-36,0,0,0,0,0,0,0,0,0,0,5.56666730433986e-31,5.56666730433986e-31,0,42,1.2,0,12,1.1133359810234655e-30
1260,1.5482531678557201e-37,0,0,0,0,0,0,0,0,0,0,3.29285977699632e-32,3.29285977699632e-32,0,43,1.2,0,12,6.585735036524319e-32
1290,9.497672737411041e-39,0,0,0,0,0,0,0,0,0,0,1.94795787997663e-33,1.94795787997663e-33,0,44,1.2,0,12,3.8959252576259974e-33
1320,5.818351322177649e-40,0,0,0,0,0,0,0,0,0,0,1.15242883043339e-34,1.15242883043339e-34,0,45,1.2,0,12,2.304863479218102e-34
1350,3.55985396842036e-41,0,0,0,0,0,0,0,0,0,0,6.81831033303414e-36,6.81831033303414e-36,0,46,1.2,0,12,1.3636656264607964e-35
1380,2.17546266830394e-42,0,0,0,0,0,0,0,0,0,0,4.03429243849553e-37,4.03429243849553e-37,0,47,1.2,0,12,8.068606631617743e-37
1410,1.3279823192400397e-43,0,0,0,0,0,0,0,0,0,0,2.38718354640188e-38,2.38718354640188e-38,0,48,1.2,0,12,4.774380372626953e-38
1440,8.098133078575379e-45,0,0,0,0,0,0,0,0,0,0,1.41264140162517e-39,1.41264140162517e-39,0,49,1.2,0,12,2.8252909013834188e-39
1470,4.93352570376006e-46,0,0,0,0,0,0,0,0,0,0,8.359986650143729e-41,8.359986650143729e-41,0,50,1.2,0,12,1.6720022635544497e-40
1500,3.00286051006814e-47,0,0,0,0,0,0,0,0,0,0,4.9477371918726796e-42,4.9477371918726796e-42,0,51,1.2,0,12,9.89550441235046e-42
1530,1.82617080668815e-48,0,0,0,0,0,0,0,0,0,0,2.928430320402919e-43,2.928430320402919e-43,0,52,1.2,0,12,5.8568789025139056e-43
1560,1.10967893108714e-49,0,0,0,0,0,0,0,0,0,0,1.73336587248181e-44,1.73336587248181e-44,0,53,1.2,0,12,3.466742841752931e-44
1590,6.7378676931840606e-51,0,0,0,0,0,0,0,0,0,0,1.0260593998575099e-45,1.0260593998575099e-45,0,54,1.2,0,12,2.052125537582713e-45
1620,4.08822450346397e-52,0,0,0,0,0,0,0,0,0,0,6.07409410418244e-47,6.07409410418244e-47,0,55,1.2,0,12,1.2148229090609915e-46
1650,2.47885225316977e-53,0,0,0,0,0,0,0,0,0,0,3.59597871650088e-48,3.59597871650088e-48,0,56,1.2,0,12,7.191982221524292e-48
1680,1.50205372275122e-54,0,0,0,0,0,0,0,0,0,0,2.1290169683991697e-49,2.1290169683991697e-49,0,57,1.2,0,12,4.258048957335567e-49
1710,9.09606063348106e-56,0,0,0,0,0,0,0,0,0,0,1.26057117842313e-50,1.26057117842313e-50,0,58,1.2,0,12,2.521151452906893e-50
1740,5.50512772902656e-57,0,0,0,0,0,0,0,0,0,0,7.46417284283033e-52,7.46417284283033e-52,0,59,1.2,0,12,1.492840073693795e-51
1770,3.3299661167883305e-58,0,0,0,0,0,0,0,0,0,0,4.41999610221101e-53,4.41999610221101e-53,0,60,1.2,0,12,8.840025504083188e-53
1800,2.01317689776638e-59,0,0,0,0,0,0,0,0,0,0,2.61750661351313e-54,2.61750661351313e-54,0,61,1.2,0,12,5.235033358795238e-54
1830,1.2164782606418699e-60,0,0,0,0,0,0,0,0,0,0,1.5501695670868199e-55,1.5501695670868199e-55,0,62,1.2,0,12,3.100351298956246e-55
1860,7.3471167382477494e-62,0,0,0,0,0,0,0,0,0,0,9.18112616967185e-57,9.18112616967185e-57,0,63,1.2,0,12,1.8362325810511082e-56
1890,4.43536073888459e-63,0,0,0,0,0,0,0,0,0,0,5.4379829907348106e-58,5.4379829907348106e-58,0,64,1.2,0,12,1.087601033507701e-57
1920,2.67638776143178e-64,0,0,0,0,0,0,0,0,0,0,3.22110351500913e-59,3.22110351500913e-59,0,65,1.2,0,12,6.442233793895874e-59
1950,1.61430401606637e-65,0,0,0,0,0,0,0,0,0,0,1.9080786475628498e-60,1.9080786475628498e-60,0,66,1.2,0,12,3.81617343816586e-60
1980,9.732971582267631e-67,0,0,0,0,0,0,0,0,0,0,1.1303486429816201e-61,1.1303486429816201e-61,0,67,1.2,0,12,2.2607070189348225e-61
0,250,0,0,0,0,0,0,0,0,0,0,0,0,0,1,1.2,0,13,250
30,250.000322400697,0,0,0,0,0,0,0,0,0,0,0,0,0,2,1.2,0,13,250.000322400697
60,250.000090984018,0,0,0,0,0,0,0,0,0,0,0,0,0,3,1.2,0,13,250.000090984018
90,250.000018876751,0,0,0,0,0,0,0,0,0,0,0,0,0,4,1.2,0,13,250.000018876751
120,206.489898347579,0,0,0,0,0,0,0,0,0,0,54.0649456892475,54.0649456892475,0,5,1.2,0,13,314.619789726074
150,113.924585888169,0,0,0,0,0,0,0,0,0,0,88.0322586007008,88.0322586007008,0,6,1.2,0,13,289.9891030895706
180,57.3637259211397,0,0,0,0,0,0,0,0,0,0,92.3729472716762,92.3729472716762,0,7,1.2,0,13,242.10962046449208
210,25.4101507754709,0,0,0,0,0,0,0,0,0,0,84.2657107293029,84.2657107293029,0,8,1.2,0,13,193.9415722340767
240,9.26165944321778,0,0,0,0,0,0,0,0,0,0,71.60411585148,71.60411585148,0,9,1.2,0,13,152.4698911461778
270,2.57698609157044,0,0,0,0,0,0,0,0,0,0,59.9132030402306,59.9132030402306,0,10,1.2,0,13,122.40339217203163
300,0.506691034493494,0,0,0,0,0,0,0,0,0,0,52.4773470912542,52.4773470912542,0,11,1.2,0,13,105.4613852170019
330,0.0685152032730446,0,0,0,0,0,0,0,0,0,0,49.3436954341508,49.3436954341508,0,12,1.2,0,13,98.75590607157466
360,0.00691123608241753,0,0,0,0,0,0,0,0,0,0,48.512751474539,48.512751474539,0,13,1.2,0,13,97.03241418516042
390,5.8655945685449e-4,0,0,0,0,0,0,0,0,0,0,48.3690216280163,48.3690216280163,0,14,1.2,0,13,96.73862981548945
420,4.52615768771055e-5,0,0,0,0,0,0,0,0,0,0,48.3507203957733,48.3507203957733,0,15,1.2,0,13,96.70148605312347
450,3.30077961129259e-6,0,0,0,0,0,0,0,0,0,0,48.3487981226147,48.3487981226147,0,16,1.2,0,13,96.69759954600902
480,2.32006588551374e-7,0,0,0,0,0,0,0,0,0,0,48.3486193386666,48.3486193386666,0,17,1.2,0,13,96.69723890933979
510,1.76878401507563e-8,0,0,0,0,0,0,0,0,0,0,2.85513040250514,2.85513040250514,0,18,1.2,0,13,5.71026082269812
540,2.05563985812547e-9,0,0,0,0,0,0,0,0,0,0,0.168604172938022,0.168604172938022,0,19,1.2,0,13,0.33720834793168386
570,2.21936311186536e-10,0,0,0,0,0,0,0,0,0,0,0.00995662138634722,0.00995662138634722,0,20,1.2,0,13,0.01991324299463075
600,1.94784304605996e-11,0,0,0,0,0,0,0,0,0,0,5.8797302387576e-4,5.8797302387576e-4,0,21,1.2,0,13,0.0011759460672299503
630,1.52838829520106e-12,0,0,0,0,0,0,0,0,0,0,3.47219881847846e-5,3.47219881847846e-5,0,22,1.2,0,13,6.94439778979575e-5
660,1.1259208289328e-13,0,0,0,0,0,0,0,0,0,0,2.05047057441081e-6,2.05047057441081e-6,0,23,1.2,0,13,4.100941261413703e-6
690,7.967950569740371e-15,0,0,0,0,0,0,0,0,0,0,1.21088881973493e-7,1.21088881973493e-7,0,24,1.2,0,13,2.421777719149366e-7
720,5.48426091970052e-16,0,0,0,0,0,0,0,0,0,0,7.15083519526139e-9,7.15083519526139e-9,0,25,1.2,0,13,1.4301670938948872e-8
750,3.69861759725115e-17,0,0,0,0,0,0,0,0,0,0,4.22290236188862e-10,4.22290236188862e-10,0,26,1.2,0,13,8.445805093639e-10
780,2.4557903851300598e-18,0,0,0,0,0,0,0,0,0,0,2.4938313646675297e-11,2.4938313646675297e-11,0,27,1.2,0,13,4.987662974914098e-11
810,1.61063536545957e-19,0,0,0,0,0,0,0,0,0,0,1.4727359779296899e-12,1.4727359779296899e-12,0,28,1.2,0,13,2.9454721169229165e-12
840,1.04586150607435e-20,0,0,0,0,0,0,0,0,0,0,8.69730061299023e-14,8.69730061299023e-14,0,29,1.2,0,13,1.7394602271841967e-13
870,6.735563785947219e-22,0,0,0,0,0,0,0,0,0,0,5.1362462468525204e-15,5.1362462468525204e-15,0,30,1.2,0,13,1.027249316726142e-14
900,4.30792448849756e-23,0,0,0,0,0,0,0,0,0,0,3.03325528693739e-16,3.03325528693739e-16,0,31,1.2,0,13,6.066511004667229e-16
930,2.73905786592212e-24,0,0,0,0,0,0,0,0,0,0,1.7913228262031502e-17,1.7913228262031502e-17,0,32,1.2,0,13,3.582645926312087e-17
960,1.7327107549427197e-25,0,0,0,0,0,0,0,0,0,0,1.05789003677081e-18,1.05789003677081e-18,0,33,1.2,0,13,2.1157802468126953e-18
990,1.09125743845559e-26,0,0,0,0,0,0,0,0,0,0,6.247538827130129e-20,6.247538827130129e-20,0,34,1.2,0,13,1.2495078745517698e-19
1020,6.84600972342377e-28,0,0,0,0,0,0,0,0,0,0,3.68959902135266e-21,3.68959902135266e-21,0,35,1.2,0,13,7.379198727306292e-21
1050,4.28006087981223e-29,0,0,0,0,0,0,0,0,0,0,2.1789694753256897e-22,2.1789694753256897e-22,0,36,1.2,0,13,4.357939378657468e-22
1080,2.66763405505217e-30,0,0,0,0,0,0,0,0,0,0,1.2868410055322499e-23,1.2868410055322499e-23,0,37,1.2,0,13,2.573682277827905e-23
1110,1.6580717086376098e-31,0,0,0,0,0,0,0,0,0,0,7.599769232401449e-25,7.599769232401449e-25,0,38,1.2,0,13,1.5199540122874607e-24
1140,1.0280115269955901e-32,0,0,0,0,0,0,0,0,0,0,4.48825669327167e-26,4.48825669327167e-26,0,39,1.2,0,13,8.976514414554867e-26
1170,6.3593226390734195e-34,0,0,0,0,0,0,0,0,0,0,2.65067655836343e-27,2.65067655836343e-27,0,40,1.2,0,13,5.3013537526591235e-27
1200,3.9258085690701e-35,0,0,0,0,0,0,0,0,0,0,1.56544406757833e-28,1.56544406757833e-28,0,41,1.2,0,13,3.130888527737517e-28
1230,2.41896079049537e-36,0,0,0,0,0,0,0,0,0,0,9.245281522870249e-30,9.245281522870249e-30,0,42,1.2,0,13,1.849056546470129e-29
1260,1.48791030753638e-37,0,0,0,0,0,0,0,0,0,0,5.460148972594829e-31,5.460148972594829e-31,0,43,1.2,0,13,1.0920299433099966e-30
1290,9.13759290233241e-39,0,0,0,0,0,0,0,0,0,0,3.22470959776638e-32,3.22470959776638e-32,0,44,1.2,0,13,6.44942010929205e-32
1320,5.60333053135054e-40,0,0,0,0,0,0,0,0,0,0,1.90448911295026e-33,1.90448911295026e-33,0,45,1.2,0,13,3.8089787862335735e-33
1350,3.43136264722884e-41,0,0,0,0,0,0,0,0,0,0,1.1247814464787799e-34,1.1247814464787799e-34,0,46,1.2,0,13,2.2495632360938243e-34
1380,2.0986238380094e-42,0,0,0,0,0,0,0,0,0,0,6.64292820173294e-36,6.64292820173294e-36,0,47,1.2,0,13,1.3285858502089718e-35
1410,1.2819987992673598e-43,0,0,0,0,0,0,0,0,0,0,3.9233110145647904e-37,3.9233110145647904e-37,0,48,1.2,0,13,7.84662331112838e-37
1440,7.82274946470371e-45,0,0,0,0,0,0,0,0,0,0,2.3171154899383e-38,2.3171154899383e-38,0,49,1.2,0,13,4.6342317621515463e-38
1470,4.76848643403201e-46,0,0,0,0,0,0,0,0,0,0,1.3684986925414101e-39,1.3684986925414101e-39,0,50,1.2,0,13,2.7369978619314635e-39
1500,2.90388044423747e-47,0,0,0,0,0,0,0,0,0,0,8.08244682403155e-41,8.08244682403155e-41,0,51,1.2,0,13,1.6164896551943543e-40
1530,1.76676670685891e-48,0,0,0,0,0,0,0,0,0,0,4.7735677128827496e-42,4.7735677128827496e-42,0,52,1.2,0,13,9.547137192532206e-42
1560,1.0740018412608e-49,0,0,0,0,0,0,0,0,0,0,2.8193245978064694e-43,2.8193245978064694e-43,0,53,1.2,0,13,5.63865026961478e-43
1590,6.52344933206511e-51,0,0,0,0,0,0,0,0,0,0,1.6651326422821098e-44,1.6651326422821098e-44,0,54,1.2,0,13,3.330265936909153e-44
1620,3.95927238341185e-52,0,0,0,0,0,0,0,0,0,0,9.83454674752319e-46,9.83454674752319e-46,0,55,1.2,0,13,1.9669097454318765e-45
1650,2.40124851785889e-53,0,0,0,0,0,0,0,0,0,0,5.808468297046571e-47,5.808468297046571e-47,0,56,1.2,0,13,1.161693899534166e-46
1680,1.4553214015166398e-54,0,0,0,0,0,0,0,0,0,0,3.43060452904627e-48,3.43060452904627e-48,0,57,1.2,0,13,6.861210513413941e-48
1710,8.81446559531236e-56,0,0,0,0,0,0,0,0,0,0,2.02619597529542e-49,2.02619597529542e-49,0,58,1.2,0,13,4.0523928320374e-49
1740,5.335343511536969e-57,0,0,0,0,0,0,0,0,0,0,1.19672399177261e-50,1.19672399177261e-50,0,59,1.2,0,13,2.393448517079571e-50
1770,3.22753649641749e-58,0,0,0,0,0,0,0,0,0,0,7.06819144762962e-52,7.06819144762962e-52,0,60,1.2,0,13,1.4136386122795738e-51
1800,1.95134671252257e-59,0,0,0,0,0,0,0,0,0,0,4.17469130010855e-53,4.17469130010855e-53,0,61,1.2,0,13,8.349384551563813e-53
1830,1.1791349592474599e-60,0,0,0,0,0,0,0,0,0,0,2.4657110701220798e-54,2.4657110701220798e-54,0,62,1.2,0,13,4.9314233193791187e-54
1860,7.12145798730412e-62,0,0,0,0,0,0,0,0,0,0,1.4563365788494599e-55,1.4563365788494599e-55,0,63,1.2,0,13,2.9126738698447185e-55
1890,4.2989310642893e-63,0,0,0,0,0,0,0,0,0,0,8.60167609273408e-57,8.60167609273408e-57,0,64,1.2,0,13,1.7203356484399223e-56
1920,2.5938652566763e-64,0,0,0,0,0,0,0,0,0,0,5.0804965932837806e-58,5.0804965932837806e-58,0,65,1.2,0,13,1.0160995780432818e-57
1950,1.56436586824547e-65,0,0,0,0,0,0,0,0,0,0,3.00075816622098e-59,3.00075816622098e-59,0,66,1.2,0,13,6.001517896807828e-59
1980,9.430643536026461e-67,0,0,0,0,0,0,0,0,0,0,1.77238301825912e-60,1.77238301825912e-60,0,67,1.2,0,13,3.5447669795825937e-60
0,250,0,0,0,0,0,0,0,0,0,0,0,0,0,1,1.2,0,14,250
30,250.000322400697,0,0,0,0,0,0,0,0,0,0,0,0,0,2,1.2,0,14,250.000322400697
60,250.000090984018,0,0,0,0,0,0,0,0,0,0,0,0,0,3,1.2,0,14,250.000090984018
90,250.000018876751,0,0,0,0,0,0,0,0,0,0,0,0,0,4,1.2,0,14,250.000018876751
120,206.489898347579,0,0,0,0,0,0,0,0,0,0,54.0649456892475,54.0649456892475,0,5,1.2,0,14,314.619789726074
150,113.924585888169,0,0,0,0,0,0,0,0,0,0,88.0322586007008,88.0322586007008,0,6,1.2,0,14,289.9891030895706
180,57.3637259211397,0,0,0,0,0,0,0,0,0,0,92.3729472716762,92.3729472716762,0,7,1.2,0,14,242.10962046449208
210,25.4101507754709,0,0,0,0,0,0,0,0,0,0,84.2657107293029,84.2657107293029,0,8,1.2,0,14,193.9415722340767
240,9.26165944321778,0,0,0,0,0,0,0,0,0,0,71.60411585148,71.60411585148,0,9,1.2,0,14,152.4698911461778
270,2.57698609157044,0,0,0,0,0,0,0,0,0,0,59.9132030402306,59.9132030402306,0,10,1.2,0,14,122.40339217203163
300,0.506691034493494,0,0,0,0,0,0,0,0,0,0,52.4773470912542,52.4773470912542,0,11,1.2,0,14,105.4613852170019
330,0.0685152032730446,0,0,0,0,0,0,0,0,0,0,49.3436954341508,49.3436954341508,0,12,1.2,0,14,98.75590607157466
360,0.00691123608241753,0,0,0,0,0,0,0,0,0,0,48.512751474539,48.512751474539,0,13,1.2,0,14,97.03241418516042
390,5.8655945685449e-4,0,0,0,0,0,0,0,0,0,0,48.3690216280163,48.3690216280163,0,14,1.2,0,14,96.73862981548945
420,4.52615768771055e-5,0,0,0,0,0,0,0,0,0,0,48.3507203957733,48.3507203957733,0,15,1.2,0,14,96.70148605312347
450,3.30077961129259e-6,0,0,0,0,0,0,0,0,0,0,48.3487981226147,48.3487981226147,0,16,1.2,0,14,96.69759954600902
480,2.32006588551374e-7,0,0,0,0,0,0,0,0,0,0,48.3486193386666,48.3486193386666,0,17,1.2,0,14,96.69723890933979
510,1.5890720178949e-8,0,0,0,0,0,0,0,0,0,0,48.3486040064694,48.3486040064694,0,18,1.2,0,14,96.69720802882952
540,1.17384812596717e-9,0,0,0,0,0,0,0,0,0,0,2.85512887088391,2.85512887088391,0,19,1.2,0,14,5.710257742941668
570,1.29028859948392e-10,0,0,0,0,0,0,0,0,0,0,0.168603864538889,0.168603864538889,0,20,1.2,0,14,0.33720772920680686
600,1.3556987619426098e-11,0,0,0,0,0,0,0,0,0,0,0.00995656225741235,0.00995656225741235,0,21,1.2,0,14,0.01991312452838169
630,1.17688959514386e-12,0,0,0,0,0,0,0,0,0,0,5.8796490670147e-4,5.8796490670147e-4,0,22,1.2,0,14,0.0011759298145798296
660,9.18282642217478e-14,0,0,0,0,0,0,0,0,0,0,3.47211021299163e-5,3.47211021299163e-5,0,23,1.2,0,14,6.944220435166087e-5
690,6.741730938085781e-15,0,0,0,0,0,0,0,0,0,0,2.05038635802086e-6,2.05038635802086e-6,0,24,1.2,0,14,4.100772722783451e-6
720,4.76011427397446e-16,0,0,0,0,0,0,0,0,0,0,1.21081560555501e-7,1.21081560555501e-7,0,25,1.2,0,14,2.4216312158701346e-7
750,3.27096619394032e-17,0,0,0,0,0,0,0,0,0,0,7.15023672560148e-9,7.15023672560148e-9,0,26,1.2,0,14,1.4300473483912622e-8
780,2.20323321895137e-18,0,0,0,0,0,0,0,0,0,0,4.22243463953901e-10,4.22243463953901e-10,0,27,1.2,0,14,8.444869301110352e-10
810,1.4614807090353199e-19,0,0,0,0,0,0,0,0,0,0,2.4934780853970697e-11,2.4934780853970697e-11,0,28,1.2,0,14,4.9869561854089467e-11
840,9.57772410721847e-21,0,0,0,0,0,0,0,0,0,0,1.47247618757357e-12,1.47247618757357e-12,0,29,1.2,0,14,2.944952384724864e-12
870,6.21530839982387e-22,0,0,0,0,0,0,0,0,0,0,8.695430924547381e-14,8.695430924547381e-14,0,30,1.2,0,14,1.7390861911247845e-13
900,4.0006538880024895e-23,0,0,0,0,0,0,0,0,0,0,5.134924273690291e-15,5.134924273690291e-15,0,31,1.2,0,14,1.0269848587387121e-14
930,2.55757471557342e-24,0,0,0,0,0,0,0,0,0,0,3.03233432337747e-16,3.03233432337747e-16,0,32,1.2,0,14,6.064668672330687e-16
960,1.6255185084041698e-25,0,0,0,0,0,0,0,0,0,0,1.79068924368177e-17,1.79068924368177e-17,0,33,1.2,0,14,3.5813785036187255e-17
990,1.02794295250704e-26,0,0,0,0,0,0,0,0,0,0,1.05745884127668e-18,1.05745884127668e-18,0,34,1.2,0,14,2.1149176928327894e-18
1020,6.4720228747001495e-28,0,0,0,0,0,0,0,0,0,0,6.24463163744434e-20,6.24463163744434e-20,0,35,1.2,0,14,1.2489263339608908e-19
1050,4.0591464972305697e-29,0,0,0,0,0,0,0,0,0,0,3.68765498569008e-21,3.68765498569008e-21,0,36,1.2,0,14,7.375310011971626e-21
1080,2.5371351257063598e-30,0,0,0,0,0,0,0,0,0,0,2.1776789023179397e-22,2.1776789023179397e-22,0,37,1.2,0,14,4.35535783000723e-22
1110,1.5809802824697098e-31,0,0,0,0,0,0,0,0,0,0,1.28598975838802e-23,1.28598975838802e-23,0,38,1.2,0,14,2.5719795325858426e-23
1140,9.82468461331951e-33,0,0,0,0,0,0,0,0,0,0,7.594186890107379e-25,7.594186890107379e-25,0,39,1.2,0,14,1.5188373878461604e-24
1170,6.0902581621591e-34,0,0,0,0,0,0,0,0,0,0,4.48461490762992e-26,4.48461490762992e-26,0,40,1.2,0,14,8.969229876162421e-26
1200,3.76684073482745e-35,0,0,0,0,0,0,0,0,0,0,2.64831192670526e-27,2.64831192670526e-27,0,41,1.2,0,14,5.2966238910789274e-27
1230,2.32503566018485e-36,0,0,0,0,0,0,0,0,0,0,1.56391527369583e-28,1.56391527369583e-28,0,42,1.2,0,14,3.1278305706420166e-28
1260,1.43241262211236e-37,0,0,0,0,0,0,0,0,0,0,9.235436157748109e-30,9.235436157748109e-30,0,43,1.2,0,14,1.847087245873748e-29
1290,8.80965674212793e-39,0,0,0,0,0,0,0,0,0,0,5.453831355503059e-31,5.453831355503059e-31,0,44,1.2,0,14,1.0907662799102686e-30
1320,5.40954293946262e-40,0,0,0,0,0,0,0,0,0,0,3.22066907412626e-32,3.22066907412626e-32,0,45,1.2,0,14,6.441338202347949e-32
1350,3.31684149937391e-41,0,0,0,0,0,0,0,0,0,0,1.9019128219278e-33,1.9019128219278e-33,0,46,1.2,0,14,3.803825677024015e-33
1380,2.0309424392603498e-42,0,0,0,0,0,0,0,0,0,0,1.12314341222017e-34,1.12314341222017e-34,0,47,1.2,0,14,2.2462868447497642e-34
1410,1.2419971683565698e-43,0,0,0,0,0,0,0,0,0,0,6.632540743848329e-36,6.632540743848329e-36,0,48,1.2,0,14,1.3265081611896375e-35
1440,7.58631453541983e-45,0,0,0,0,0,0,0,0,0,0,3.91674000277497e-37,3.91674000277497e-37,0,49,1.2,0,14,7.833480081413085e-37
1470,4.62872995234007e-46,0,0,0,0,0,0,0,0,0,0,2.31296821790345e-38,2.31296821790345e-38,0,50,1.2,0,14,4.6259364820941996e-38
1500,2.8212653360624603e-47,0,0,0,0,0,0,0,0,0,0,1.36588674811784e-39,1.36588674811784e-39,0,51,1.2,0,14,2.7317735244483333e-39
1530,1.71792678170891e-48,0,0,0,0,0,0,0,0,0,0,8.06602980361943e-41,8.06602980361943e-41,0,52,1.2,0,14,1.6132059779031537e-40
1560,1.04512702071033e-49,0,0,0,0,0,0,0,0,0,0,4.7632684446767495e-42,4.7632684446767495e-42,0,53,1.2,0,14,9.526536993866201e-42
1590,6.35272588440527e-51,0,0,0,0,0,0,0,0,0,0,2.8128747714843095e-43,2.8128747714843095e-43,0,54,1.2,0,14,5.625749606495878e-43
1620,3.85832445763825e-52,0,0,0,0,0,0,0,0,0,0,1.66110024609843e-44,1.66110024609843e-44,0,55,1.2,0,14,3.322200530780104e-44
1650,2.34155423497493e-53,0,0,0,0,0,0,0,0,0,0,9.809376229969061e-46,9.809376229969061e-46,0,56,1.2,0,14,1.9618752694093546e-45
1680,1.42001935001594e-54,0,0,0,0,0,0,0,0,0,0,5.792780142027351e-47,5.792780142027351e-47,0,57,1.2,0,14,1.1585560426056637e-46
1710,8.605680373304109e-56,0,0,0,0,0,0,0,0,0,0,3.4208403336287396e-48,3.4208403336287396e-48,0,58,1.2,0,14,6.841680753314283e-48
1740,5.21185319516572e-57,0,0,0,0,0,0,0,0,0,0,2.0201269717522e-49,2.0201269717522e-49,0,59,1.2,0,14,4.040253995622932e-49
1770,3.15448988001667e-58,0,0,0,0,0,0,0,0,0,0,1.19295657404462e-50,1.19295657404462e-50,0,60,1.2,0,14,2.385913179634139e-50
1800,1.9081349420113901e-59,0,0,0,0,0,0,0,0,0,0,7.04483307320578e-52,7.04483307320578e-52,0,61,1.2,0,14,1.4089666337225053e-51
1830,1.15357033197462e-60,0,0,0,0,0,0,0,0,0,0,4.1602256159431303e-53,4.1602256159431303e-53,0,62,1.2,0,14,8.320451347243294e-53
1860,6.97020185451926e-62,0,0,0,0,0,0,0,0,0,0,2.4567624475054497e-54,2.4567624475054497e-54,0,63,1.2,0,14,4.913524964712918e-54
1890,4.20943100887168e-63,0,0,0,0,0,0,0,0,0,0,1.45080669512226e-55,1.45080669512226e-55,0,64,1.2,0,14,2.90161343233883e-55
1920,2.54090244329225e-64,0,0,0,0,0,0,0,0,0,0,8.56753804409675e-57,8.56753804409675e-57,0,65,1.2,0,14,1.7135076342283745e-56
1950,1.53302169272477e-65,0,0,0,0,0,0,0,0,0,0,5.0594421750199906e-58,5.0594421750199906e-58,0,66,1.2,0,14,1.011888450334215e-57
1980,9.245127553785881e-67,0,0,0,0,0,0,0,0,0,0,2.98778495688624e-59,2.98778495688624e-59,0,67,1.2,0,14,5.975570006223755e-59
0,250,0,0,0,0,0,0,0,0,0,0,0,0,0,1,1.2,0,15,250
30,250.000322400697,0,0,0,0,0,0,0,0,0,0,0,0,0,2,1.2,0,15,250.000322400697
60,250.000090984018,0,0,0,0,0,0,0,0,0,0,0,0,0,3,1.2,0,15,250.000090984018
90,250.000018876751,0,0,0,0,0,0,0,0,0,0,0,0,0,4,1.2,0,15,250.000018876751
120,206.489898347579,0,0,0,0,0,0,0,0,0,0,54.0649456892475,54.0649456892475,0,5,1.2,0,15,314.619789726074
150,113.924585888169,0,0,0,0,0,0,0,0,0,0,88.0322586007008,88.0322586007008,0,6,1.2,0,15,289.9891030895706
180,57.3637259211397,0,0,0,0,0,0,0,0,0,0,92.3729472716762,92.3729472716762,0,7,1.2,0,15,242.10962046449208
210,25.4101507754709,0,0,0,0,0,0,0,0,0,0,84.2657107293029,84.2657107293029,0,8,1.2,0,15,193.9415722340767
240,9.26165944321778,0,0,0,0,0,0,0,0,0,0,71.60411585148,71.60411585148,0,9,1.2,0,15,152.4698911461778
270,2.57698609157044,0,0,0,0,0,0,0,0,0,0,59.9132030402306,59.9132030402306,0,10,1.2,0,15,122.40339217203163
300,0.506691034493494,0,0,0,0,0,0,0,0,0,0,52.4773470912542,52.4773470912542,0,11,1.2,0,15,105.4613852170019
330,0.0685152032730446,0,0,0,0,0,0,0,0,0,0,49.3436954341508,49.3436954341508,0,12,1.2,0,15,98.75590607157466
360,0.00691123608241753,0,0,0,0,0,0,0,0,0,0,48.512751474539,48.512751474539,0,13,1.2,0,15,97.03241418516042
390,5.8655945685449e-4,0,0,0,0,0,0,0,0,0,0,48.3690216280163,48.3690216280163,0,14,1.2,0,15,96.73862981548945
420,4.52615768771055e-5,0,0,0,0,0,0,0,0,0,0,48.3507203957733,48.3507203957733,0,15,1.2,0,15,96.70148605312347
450,3.30077961129259e-6,0,0,0,0,0,0,0,0,0,0,48.3487981226147,48.3487981226147,0,16,1.2,0,15,96.69759954600902
480,2.32006588551374e-7,0,0,0,0,0,0,0,0,0,0,48.3486193386666,48.3486193386666,0,17,1.2,0,15,96.69723890933979
510,1.5890720178949e-8,0,0,0,0,0,0,0,0,0,0,48.3486040064694,48.3486040064694,0,18,1.2,0,15,96.69720802882952
540,1.06772281317707e-9,0,0,0,0,0,0,0,0,0,0,48.3486027647674,48.3486027647674,0,19,1.2,0,15,96.69720553060252
570,7.695645736614899e-11,0,0,0,0,0,0,0,0,0,0,2.85512875473565,2.85512875473565,0,20,1.2,0,15,5.710257509548256
600,8.07053917347068e-12,0,0,0,0,0,0,0,0,0,0,0.168603843327619,0.168603843327619,0,21,1.2,0,15,0.3372076866633085
630,8.27213349236061e-13,0,0,0,0,0,0,0,0,0,0,0.00995655844121921,0.00995655844121921,0,22,1.2,0,15,0.019913116883265632
660,7.10715755449494e-14,0,0,0,0,0,0,0,0,0,0,5.8796439886082e-4,5.8796439886082e-4,0,23,1.2,0,15,0.0011759287977927116
690,5.51560652390566e-15,0,0,0,0,0,0,0,0,0,0,3.4721047568866e-5,3.4721047568866e-5,0,24,1.2,0,15,6.944209514324761e-5
720,4.0360369313698597e-16,0,0,0,0,0,0,0,0,0,0,2.05038121997719e-6,2.05038121997719e-6,0,25,1.2,0,15,4.100762440357984e-6
750,2.84337554557265e-17,0,0,0,0,0,0,0,0,0,0,1.21081116539298e-7,1.21081116539298e-7,0,26,1.2,0,15,2.4216223310702975e-7
780,1.95072743275059e-18,0,0,0,0,0,0,0,0,0,0,7.150200581312191e-9,7.150200581312191e-9,0,27,1.2,0,15,1.4300401164575108e-8
810,1.31236794074258e-19,0,0,0,0,0,0,0,0,0,0,4.22240647771087e-10,4.22240647771087e-10,0,28,1.2,0,15,8.444812956734108e-10
840,8.69716447773608e-21,0,0,0,0,0,0,0,0,0,0,2.4934568637522498e-11,2.4934568637522498e-11,0,29,1.2,0,15,4.986913728374216e-11
870,5.69530856997266e-22,0,0,0,0,0,0,0,0,0,0,1.4724606104769799e-12,1.4724606104769799e-12,0,30,1.2,0,15,2.9449212215234906e-12
900,3.6935762594720996e-23,0,0,0,0,0,0,0,0,0,0,8.695318983747771e-14,8.695318983747771e-14,0,31,1.2,0,15,1.7390637971189117e-13
930,2.37623465652847e-24,0,0,0,0,0,0,0,0,0,0,5.1348452221329705e-15,5.1348452221329705e-15,0,32,1.2,0,15,1.0269690446642176e-14
960,1.5184307128511799e-25,0,0,0,0,0,0,0,0,0,0,3.03227930794512e-16,3.03227930794512e-16,0,33,1.2,0,15,6.064558617408671e-16
990,9.64703673791607e-27,0,0,0,0,0,0,0,0,0,0,1.79065142851435e-17,1.79065142851435e-17,0,34,1.2,0,15,3.581302857993404e-17
1020,6.0985710432692e-28,0,0,0,0,0,0,0,0,0,0,1.05743312486401e-18,1.05743312486401e-18,0,35,1.2,0,15,2.114866250337877e-18
1050,3.83860867159781e-29,0,0,0,0,0,0,0,0,0,0,6.24445836673176e-20,6.24445836673176e-20,0,36,1.2,0,15,1.248891673730213e-19
1080,2.40689870708404e-30,0,0,0,0,0,0,0,0,0,0,3.68753918633365e-21,3.68753918633365e-21,0,37,1.2,0,15,7.3750783750742e-21
1110,1.5040702993075999e-31,0,0,0,0,0,0,0,0,0,0,2.17760206660347e-22,2.17760206660347e-22,0,38,1.2,0,15,4.35520413471101e-22
1140,9.3704983919511e-33,0,0,0,0,0,0,0,0,0,0,1.2859391014791299e-23,1.2859391014791299e-23,0,39,1.2,0,15,2.5718782038953095e-23
1170,5.8220412158506495e-34,0,0,0,0,0,0,0,0,0,0,7.59385482591752e-25,7.59385482591752e-25,0,40,1.2,0,15,1.518770965765708e-24
1200,3.6084464361197696e-35,0,0,0,0,0,0,0,0,0,0,4.48439835690865e-26,4.48439835690865e-26,0,41,1.2,0,15,8.968796717425746e-26
1230,2.2314963844647497e-36,0,0,0,0,0,0,0,0,0,0,2.64817136626418e-27,2.64817136626418e-27,0,42,1.2,0,15,5.296342734759856e-27
1260,1.37717313485978e-37,0,0,0,0,0,0,0,0,0,0,1.56382442564983e-28,1.56382442564983e-28,0,43,1.2,0,15,3.127648852676833e-28
1290,8.48343980500715e-39,0,0,0,0,0,0,0,0,0,0,9.234851264567019e-30,9.234851264567019e-30,0,44,1.2,0,15,1.8469702537617477e-29
1320,5.21689487197876e-40,0,0,0,0,0,0,0,0,0,0,5.45345613569175e-31,5.45345613569175e-31,0,45,1.2,0,15,1.0906912276600394e-30
1350,3.2030724459895996e-41,0,0,0,0,0,0,0,0,0,0,3.22042915419296e-32,3.22042915419296e-32,0,46,1.2,0,15,6.440858311588992e-32
1380,1.9637554745227298e-42,0,0,0,0,0,0,0,0,0,0,1.90175987973135e-33,1.90175987973135e-33,0,47,1.2,0,15,3.8035197614264555e-33
1410,1.2023193905628797e-43,0,0,0,0,0,0,0,0,0,0,1.12304618994766e-34,1.12304618994766e-34,0,48,1.2,0,15,2.2460923810976393e-34
1440,7.351993566254779e-45,0,0,0,0,0,0,0,0,0,0,6.63192433567619e-36,6.63192433567619e-36,0,49,1.2,0,15,1.3263848678704372e-35
1470,4.49034893586051e-46,0,0,0,0,0,0,0,0,0,0,3.91635013889757e-37,3.91635013889757e-37,0,50,1.2,0,15,7.832700282285488e-37
1500,2.73954249093331e-47,0,0,0,0,0,0,0,0,0,0,2.31272219831488e-38,2.31272219831488e-38,0,51,1.2,0,15,4.6254443993693027e-38
1530,1.6696640286168498e-48,0,0,0,0,0,0,0,0,0,0,1.36573183014297e-39,1.36573183014297e-39,0,52,1.2,0,15,2.7314636619556038e-39
1560,1.01662455633484e-49,0,0,0,0,0,0,0,0,0,0,8.06505623443368e-41,8.06505623443368e-41,0,53,1.2,0,15,1.6130112479033605e-40
1590,6.18439861097834e-51,0,0,0,0,0,0,0,0,0,0,4.76265776006708e-42,4.76265776006708e-42,0,54,1.2,0,15,9.525315526318558e-42
1620,3.75891484619722e-52,0,0,0,0,0,0,0,0,0,0,2.812492387269979e-43,2.812492387269979e-43,0,55,1.2,0,15,5.624984778298873e-43
1650,2.2828453101945003e-53,0,0,0,0,0,0,0,0,0,0,1.6608612122659499e-44,1.6608612122659499e-44,0,56,1.2,0,15,3.321722426814745e-44
1680,1.38534711863998e-54,0,0,0,0,0,0,0,0,0,0,9.807884345361971e-46,9.807884345361971e-46,0,57,1.2,0,15,1.9615768704577413e-45
1710,8.40091268600031e-56,0,0,0,0,0,0,0,0,0,0,5.791850396058241e-47,5.791850396058241e-47,0,58,1.2,0,15,1.1583700800517394e-46
1740,5.0909206819622596e-57,0,0,0,0,0,0,0,0,0,0,3.42026173090539e-48,3.42026173090539e-48,0,59,1.2,0,15,6.840523466901702e-48
1770,3.08306873576406e-58,0,0,0,0,0,0,0,0,0,0,2.01976737560291e-49,2.01976737560291e-49,0,60,1.2,0,15,4.039534754288889e-49
1800,1.86595435165516e-59,0,0,0,0,0,0,0,0,0,0,1.19273337263291e-50,1.19273337263291e-50,0,61,1.2,0,15,2.3854667471317746e-50
1830,1.1286587859734599e-60,0,0,0,0,0,0,0,0,0,0,7.04344933786105e-52,7.04344933786105e-52,0,62,1.2,0,15,1.408689868700869e-51
1860,6.823075343497639e-62,0,0,0,0,0,0,0,0,0,0,4.1593687591155003e-53,4.1593687591155003e-53,0,63,1.2,0,15,8.318737525054076e-53
1890,4.12253827272385e-63,0,0,0,0,0,0,0,0,0,0,2.4562324353564598e-54,2.4562324353564598e-54,0,64,1.2,0,15,4.9124648748354576e-54
1920,2.48958342468628e-64,0,0,0,0,0,0,0,0,0,0,1.4504791981018499e-55,1.4504791981018499e-55,0,65,1.2,0,15,2.900958398693283e-55
1950,1.50271241428688e-65,0,0,0,0,0,0,0,0,0,0,8.56551645428278e-57,8.56551645428278e-57,0,66,1.2,0,15,1.7131032923592685e-56
1980,9.066118379552451e-67,0,0,0,0,0,0,0,0,0,0,5.05819547556629e-58,5.05819547556629e-58,0,67,1.2,0,15,1.0116390960198699e-57
0,250,0,0,0,0,0,0,0,0,0,0,0,0,0,1,1.2,0,16,250
30,250.000322400697,0,0,0,0,0,0,0,0,0,0,0,0,0,2,1.2,0,16,250.000322400697
60,250.000090984018,0,0,0,0,0,0,0,0,0,0,0,0,0,3,1.2,0,16,250.000090984018
90,250.000018876751,0,0,0,0,0,0,0,0,0,0,0,0,0,4,1.2,0,16,250.000018876751
120,206.489898347579,0,0,0,0,0,0,0,0,0,0,54.0649456892475,54.0649456892475,0,5,1.2,0,16,314.619789726074
150,113.924585888169,0,0,0,0,0,0,0,0,0,0,88.0322586007008,88.0322586007008,0,6,1.2,0,16,289.9891030895706
180,57.3637259211397,0,0,0,0,0,0,0,0,0,0,92.3729472716762,92.3729472716762,0,7,1.2,0,16,242.10962046449208
210,25.4101507754709,0,0,0,0,0,0,0,0,0,0,84.2657107293029,84.2657107293029,0,8,1.2,0,16,193.9415722340767
240,9.26165944321778,0,0,0,0,0,0,0,0,0,0,71.60411585148,71.60411585148,0,9,1.2,0,16,152.4698911461778
270,2.57698609157044,0,0,0,0,0,0,0,0,0,0,59.9132030402306,59.9132030402306,0,10,1.2,0,16,122.40339217203163
300,0.506691034493494,0,0,0,0,0,0,0,0,0,0,52.4773470912542,52.4773470912542,0,11,1.2,0,16,105.4613852170019
330,0.0685152032730446,0,0,0,0,0,0,0,0,0,0,49.3436954341508,49.3436954341508,0,12,1.2,0,16,98.75590607157466
360,0.00691123608241753,0,0,0,0,0,0,0,0,0,0,48.512751474539,48.512751474539,0,13,1.2,0,16,97.03241418516042
390,5.8655945685449e-4,0,0,0,0,0,0,0,0,0,0,48.3690216280163,48.3690216280163,0,14,1.2,0,16,96.73862981548945
420,4.52615768771055e-5,0,0,0,0,0,0,0,0,0,0,48.3507203957733,48.3507203957733,0,15,1.2,0,16,96.70148605312347
450,3.30077961129259e-6,0,0,0,0,0,0,0,0,0,0,48.3487981226147,48.3487981226147,0,16,1.2,0,16,96.69759954600902
480,2.32006588551374e-7,0,0,0,0,0,0,0,0,0,0,48.3486193386666,48.3486193386666,0,17,1.2,0,16,96.69723890933979
510,1.5890720178949e-8,0,0,0,0,0,0,0,0,0,0,48.3486040064694,48.3486040064694,0,18,1.2,0,16,96.69720802882952
540,1.06772281317707e-9,0,0,0,0,0,0,0,0,0,0,48.3486027647674,48.3486027647674,0,19,1.2,0,16,96.69720553060252
570,7.068944194558349e-11,0,0,0,0,0,0,0,0,0,0,48.348602668373,48.348602668373,0,20,1.2,0,16,96.69720533681668
600,4.99550907047932e-12,0,0,0,0,0,0,0,0,0,0,2.8551287461695,2.8551287461695,0,21,1.2,0,16,5.710257492343995
630,5.03222310617291e-13,0,0,0,0,0,0,0,0,0,0,0.168603841886718,0.168603841886718,0,22,1.2,0,16,0.3372076837739392
660,5.04221640809001e-14,0,0,0,0,0,0,0,0,0,0,0.00995655819604082,0.00995655819604082,0,23,1.2,0,16,0.01991311639213206
690,4.2898637577620805e-15,0,0,0,0,0,0,0,0,0,0,5.8796436714942e-4,5.8796436714942e-4,0,24,1.2,0,16,0.00117592873430313
720,3.31197560017867e-16,0,0,0,0,0,0,0,0,0,0,3.47210442124707e-5,3.47210442124707e-5,0,25,1.2,0,16,6.94420884252726e-5
750,2.41578794774229e-17,0,0,0,0,0,0,0,0,0,0,2.05038090669079e-6,2.05038090669079e-6,0,26,1.2,0,16,4.100761813405738e-6
780,1.6982239337303098e-18,0,0,0,0,0,0,0,0,0,0,1.21081089621854e-7,1.21081089621854e-7,0,27,1.2,0,16,2.4216217924540626e-7
810,1.1632570787087898e-19,0,0,0,0,0,0,0,0,0,0,7.150198398986651e-9,7.150198398986651e-9,0,28,1.2,0,16,1.4300396798089628e-8
840,7.81662028215282e-21,0,0,0,0,0,0,0,0,0,0,4.22240478240616e-10,4.22240478240616e-10,0,29,1.2,0,16,8.444809564890486e-10
870,5.17532088137763e-22,0,0,0,0,0,0,0,0,0,0,2.49345558914739e-11,2.49345558914739e-11,0,30,1.2,0,16,4.986911178346533e-11
900,3.38650795329113e-23,0,0,0,0,0,0,0,0,0,0,1.47245967657586e-12,1.47245967657586e-12,0,31,1.2,0,16,2.944919353185585e-12
930,2.19490160994901e-24,0,0,0,0,0,0,0,0,0,0,8.69531228228099e-14,8.69531228228099e-14,0,32,1.2,0,16,1.739062456478147e-13
960,1.4113481001884598e-25,0,0,0,0,0,0,0,0,0,0,5.13484049530893e-15,5.13484049530893e-15,0,33,1.2,0,16,1.0269680990758995e-14
990,9.01468167753969e-27,0,0,0,0,0,0,0,0,0,0,3.0322760216613004e-16,3.0322760216613004e-16,0,34,1.2,0,16,6.064552043412748e-16
1020,5.72514630966992e-28,0,0,0,0,0,0,0,0,0,0,1.79064917160863e-17,1.79064917160863e-17,0,35,1.2,0,16,3.581298343274512e-17
1050,3.61809008181965e-29,0,0,0,0,0,0,0,0,0,0,1.05743159117817e-18,1.05743159117817e-18,0,36,1.2,0,16,2.114863182392521e-18
1080,2.2766758014645497e-30,0,0,0,0,0,0,0,0,0,0,6.24444803979418e-20,6.24444803979418e-20,0,37,1.2,0,16,1.2488896079816026e-19
1110,1.4271697206740098e-31,0,0,0,0,0,0,0,0,0,0,3.68753228859051e-21,3.68753228859051e-21,0,38,1.2,0,16,7.375064577323738e-21
1140,8.916377075286469e-33,0,0,0,0,0,0,0,0,0,0,2.17759749207084e-22,2.17759749207084e-22,0,39,1.2,0,16,4.355194984230844e-22
1170,5.55386872448177e-34,0,0,0,0,0,0,0,0,0,0,1.2859360868864e-23,1.2859360868864e-23,0,40,1.2,0,16,2.5718721738283385e-23
1200,3.45008237668889e-35,0,0,0,0,0,0,0,0,0,0,7.593835072676929e-25,7.593835072676929e-25,0,41,1.2,0,16,1.5187670145698866e-24
1230,2.1379775493383398e-36,0,0,0,0,0,0,0,0,0,0,4.4843854797710097e-26,4.4843854797710097e-26,0,42,1.2,0,16,8.968770959755817e-26
1260,1.32194738538607e-37,0,0,0,0,0,0,0,0,0,0,2.64816301060225e-27,2.64816301060225e-27,0,43,1.2,0,16,5.296326021336695e-27
1290,8.15731471021264e-39,0,0,0,0,0,0,0,0,0,0,1.56381902676488e-28,1.56381902676488e-28,0,44,1.2,0,16,3.127638053611333e-28
1320,5.0243079059441596e-40,0,0,0,0,0,0,0,0,0,0,9.23481651520543e-30,9.23481651520543e-30,0,45,1.2,0,16,1.846963303091329e-29
1350,3.08934385963868e-41,0,0,0,0,0,0,0,0,0,0,5.4534338489019094e-31,5.4534338489019094e-31,0,46,1.2,0,16,1.0906867698112753e-30
1380,1.89659519890422e-42,0,0,0,0,0,0,0,0,0,0,3.22041490703887e-32,3.22041490703887e-32,0,47,1.2,0,16,6.440829814267399e-32
1410,1.1626591466135497e-43,0,0,0,0,0,0,0,0,0,0,1.90175079950411e-33,1.90175079950411e-33,0,48,1.2,0,16,3.803501599124486e-33
1440,7.117787371299429e-45,0,0,0,0,0,0,0,0,0,0,1.12304041896846e-34,1.12304041896846e-34,0,49,1.2,0,16,2.246080838008098e-34
1470,4.3520427947207805e-46,0,0,0,0,0,0,0,0,0,0,6.63188775325024e-36,6.63188775325024e-36,0,50,1.2,0,16,1.3263775506935683e-35
1500,2.6578683373952204e-47,0,0,0,0,0,0,0,0,0,0,3.91632700531496e-37,3.91632700531496e-37,0,51,1.2,0,16,7.832654010895707e-37
1530,1.6214328455232798e-48,0,0,0,0,0,0,0,0,0,0,2.31270760243627e-38,2.31270760243627e-38,0,52,1.2,0,16,4.6254152050346836e-38
1560,9.88142503595435e-50,0,0,0,0,0,0,0,0,0,0,1.3657226405255801e-39,1.3657226405255801e-39,0,53,1.2,0,16,2.7314452811499745e-39
1590,6.01620296130688e-51,0,0,0,0,0,0,0,0,0,0,8.06499849114713e-41,8.06499849114713e-41,0,54,1.2,0,16,1.612999698289588e-40
1620,3.6595899006609604e-52,0,0,0,0,0,0,0,0,0,0,4.7626215445783094e-42,4.7626215445783094e-42,0,55,1.2,0,16,9.525243089522578e-42
1650,2.22419071794868e-53,0,0,0,0,0,0,0,0,0,0,2.8124697135204293e-43,2.8124697135204293e-43,0,56,1.2,0,16,5.624939427263277e-43
1680,1.3507096763568398e-54,0,0,0,0,0,0,0,0,0,0,1.66084704024408e-44,1.66084704024408e-44,0,57,1.2,0,16,3.321694080623231e-44
1710,8.19636728275699e-56,0,0,0,0,0,0,0,0,0,0,9.80779590316858e-46,9.80779590316858e-46,0,58,1.2,0,16,1.9615591807156796e-45
1740,4.97012991193287e-57,0,0,0,0,0,0,0,0,0,0,5.79179528446486e-47,5.79179528446486e-47,0,59,1.2,0,16,1.1583590569426733e-46
1770,3.01173780421505e-58,0,0,0,0,0,0,0,0,0,0,3.42022743708364e-48,3.42022743708364e-48,0,60,1.2,0,16,6.840454874468453e-48
1800,1.82383107321697e-59,0,0,0,0,0,0,0,0,0,0,2.0197460643309098e-49,2.0197460643309098e-49,0,61,1.2,0,16,4.039492128844203e-49
1830,1.10378358718033e-60,0,0,0,0,0,0,0,0,0,0,1.19272014591113e-50,1.19272014591113e-50,0,62,1.2,0,16,2.385440291932638e-50
1860,6.6761789664031e-62,0,0,0,0,0,0,0,0,0,0,7.04336734592818e-52,7.04336734592818e-52,0,63,1.2,0,16,1.4086734692523978e-51
1890,4.0357910174818203e-63,0,0,0,0,0,0,0,0,0,0,4.1593179910172002e-53,4.1593179910172002e-53,0,64,1.2,0,16,8.31863598243798e-53
1920,2.43835623452984e-64,0,0,0,0,0,0,0,0,0,0,2.4562010349972497e-54,2.4562010349972497e-54,0,65,1.2,0,16,4.912402070238335e-54
1950,1.47246101506247e-65,0,0,0,0,0,0,0,0,0,0,1.45045979711568e-55,1.45045979711568e-55,0,66,1.2,0,16,2.900919594378606e-55
1980,8.88747351316917e-67,0,0,0,0,0,0,0,0,0,0,8.56539670344547e-57,8.56539670344547e-57,0,67,1.2,0,16,1.7130793407779687e-56
0,250,0,0,0,0,0,0,0,0,0,0,0,0,0,1,1.2,0,6,250
30,250.000322400697,0,0,0,0,0,0,0,0,0,0,0,0,0,2,1.2,0,6,250.000322400697
60,250.000090984018,0,0,0,0,0,0,0,0,0,0,0,0,0,3,1.2,0,6,250.000090984018
90,250.000018876751,0,0,0,0,0,0,0,0,0,0,0,0,0,4,1.2,0,6,250.000018876751
120,206.489898347579,0,0,0,0,0,0,0,0,0,0,54.0649456892475,54.0649456892475,0,5,1.2,0,6,314.619789726074
150,113.924585888169,0,0,0,0,0,0,0,0,0,0,88.0322586007008,88.0322586007008,0,6,1.2,0,6,289.9891030895706
180,57.3637259211397,0,0,0,0,0,0,0,0,0,0,92.3729472716762,92.3729472716762,0,7,1.2,0,6,242.10962046449208
210,25.4101507754709,0,0,0,0,0,0,0,0,0,0,84.2657107293029,84.2657107293029,0,8,1.2,0,6,193.9415722340767
240,9.26165944321778,0,0,0,0,0,0,0,0,0,0,71.60411585148,71.60411585148,0,9,1.2,0,6,152.4698911461778
270,2.57698609157044,0,0,0,0,0,0,0,0,0,0,59.9132030402306,59.9132030402306,0,10,1.2,0,6,122.40339217203163
300,0.800120798235337,0,0,0,0,0,0,0,0,0,0,10.3859693742868,10.3859693742868,0,11,1.2,0,6,21.572059546808937
330,0.40753325909272903,0,0,0,0,0,0,0,0,0,0,6.48781869903903,6.48781869903903,0,12,1.2,0,6,13.383170657170789
360,0.316406373751515,0,0,0,0,0,0,0,0,0,0,4.62729435310754,4.62729435310754,0,13,1.2,0,6,9.570995079966595
390,0.284480067723906,0,0,0,0,0,0,0,0,0,0,4.19923554292038,4.19923554292038,0,14,1.2,0,6,8.682951153564666
420,0.277821783163017,0,0,0,0,0,0,0,0,0,0,3.9953673139011,3.9953673139011,0,15,1.2,0,6,8.268556410965218
450,0.280881833769106,0,0,0,0,0,0,0,0,0,0,3.98732006995798,3.98732006995798,0,16,1.2,0,6,8.255521973685065
480,0.289906487487841,0,0,0,0,0,0,0,0,0,0,4.03985220565683,4.03985220565683,0,17,1.2,0,6,8.3696108988015
510,0.302048027943289,0,0,0,0,0,0,0,0,0,0,4.13872016678719,4.13872016678719,0,18,1.2,0,6,8.579488361517669
540,0.316448328584736,0,0,0,0,0,0,0,0,0,0,4.25907618112746,4.25907618112746,0,19,1.2,0,6,8.834600690839656
570,0.332462293918241,0,0,0,0,0,0,0,0,0,0,4.39499873750712,4.39499873750712,0,20,1.2,0,6,9.12245976893248
600,0.349888213242823,0,0,0,0,0,0,0,0,0,0,4.54117281967388,4.54117281967388,0,21,1.2,0,6,9.432233852590583
630,0.368619821321406,0,0,0,0,0,0,0,0,0,0,4.69580356143115,4.69580356143115,0,22,1.2,0,6,9.760226944183707
660,0.388663541184393,0,0,0,0,0,0,0,0,0,0,4.85785198572869,4.85785198572869,0,23,1.2,0,6,10.104367512641772
690,0.41006701674574503,0,0,0,0,0,0,0,0,0,0,5.02703667099777,5.02703667099777,0,24,1.2,0,6,10.464140358741286
720,0.432913525706282,0,0,0,0,0,0,0,0,0,0,5.20337574949464,5.20337574949464,0,25,1.2,0,6,10.839665024695561
750,0.457307280737416,0,0,0,0,0,0,0,0,0,0,5.3870816298094,5.3870816298094,0,26,1.2,0,6,11.231470540356217
780,0.483370867050948,0,0,0,0,0,0,0,0,0,0,5.5784743451658,5.5784743451658,0,27,1.2,0,6,11.640319557382547
810,0.511243017543689,0,0,0,0,0,0,0,0,0,0,5.77794340571728,5.77794340571728,0,28,1.2,0,6,12.06712982897825
840,0.541078889453726,0,0,0,0,0,0,0,0,0,0,5.98593051904288,5.98593051904288,0,29,1.2,0,6,12.512939927539486
870,0.573051025427514,0,0,0,0,0,0,0,0,0,0,6.20292092327693,6.20292092327693,0,30,1.2,0,6,12.978892871981374
900,0.607351058588965,0,0,0,0,0,0,0,0,0,0,6.42944162376778,6.42944162376778,0,31,1.2,0,6,13.466234306124525
930,0.644191899642484,0,0,0,0,0,0,0,0,0,0,6.66606183177867,6.66606183177867,0,32,1.2,0,6,13.976315563199824
960,0.683810389846697,0,0,0,0,0,0,0,0,0,0,6.91339542835731,6.91339542835731,0,33,1.2,0,6,14.510601246561317
990,0.726470424295937,0,0,0,0,0,0,0,0,0,0,7.17210429064028,7.17210429064028,0,34,1.2,0,6,15.070679005576498
1020,0.772466592814539,0,0,0,0,0,0,0,0,0,0,7.44290242572865,7.44290242572865,0,35,1.2,0,6,15.658271444271838
1050,0.822128413993286,0,0,0,0,0,0,0,0,0,0,7.72656069503854,7.72656069503854,0,36,1.2,0,6,16.275249804070366
1080,0.875825260403766,0,0,0,0,0,0,0,0,0,0,8.02391214312228,8.02391214312228,0,37,1.2,0,6,16.923649546648324
1110,0.933972099042588,0,0,0,0,0,0,0,0,0,0,8.33585793540323,8.33585793540323,0,38,1.2,0,6,17.605687969849047
1140,0.997036198637385,0,0,0,0,0,0,0,0,0,0,8.66337395817602,8.66337395817602,0,39,1.2,0,6,18.323784114989426
1170,1.06554498932873,0,0,0,0,0,0,0,0,0,0,9.00751814222139,9.00751814222139,0,40,1.2,0,6,19.080581273771507
1200,1.14009530110574,0,0,0,0,0,0,0,0,0,0,9.3694385860083,9.3694385860083,0,41,1.2,0,6,19.87897247312234
1230,1.22136425813596,0,0,0,0,0,0,0,0,0,0,9.75038256235496,9.75038256235496,0,42,1.2,0,6,20.72212938284588
1260,1.31012216929011,0,0,0,0,0,0,0,0,0,0,10.1517065001369,10.1517065001369,0,43,1.2,0,6,21.61353516956391
1290,1.40724783436019,0,0,0,0,0,0,0,0,0,0,10.5748870381735,10.5748870381735,0,44,1.2,0,6,22.557021910707192
1320,1.51374678519557,0,0,0,0,0,0,0,0,0,0,11.0215332517763,11.0215332517763,0,45,1.2,0,6,23.556813288748167
1350,1.63077310718013,0,0,0,0,0,0,0,0,0,0,11.4934001520918,11.4934001520918,0,46,1.2,0,6,24.61757341136373
1380,1.75965564690941,0,0,0,0,0,0,0,0,0,0,11.9924035523209,11.9924035523209,0,47,1.2,0,6,25.74446275155121
1410,1.90192961686899,0,0,0,0,0,0,0,0,0,0,12.5206363800405,12.5206363800405,0,48,1.2,0,6,26.94320237694999
1440,2.05937487098624,0,0,0,0,0,0,0,0,0,0,13.0803864866614,13.0803864866614,0,49,1.2,0,6,28.22014784430904
1470,2.23406246429569,0,0,0,0,0,0,0,0,0,0,13.6741559569023,13.6741559569023,0,50,1.2,0,6,29.58237437810029
1500,2.42841154997408,0,0,0,0,0,0,0,0,0,0,14.3046818434055,14.3046818434055,0,51,1.2,0,6,31.03777523678508
1530,2.64525924044985,0,0,0,0,0,0,0,0,0,0,14.9749581302096,14.9749581302096,0,52,1.2,0,6,32.595175500869054
1560,2.8879468105215,0,0,0,0,0,0,0,0,0,0,15.6882585432869,15.6882585432869,0,53,1.2,0,6,34.2644638970953
1590,3.16042660967151,0,0,0,0,0,0,0,0,0,0,16.4481595468933,16.4481595468933,0,54,1.2,0,6,36.05674570345811
1620,3.46739536018369,0,0,0,0,0,0,0,0,0,0,17.2585624474504,17.2585624474504,0,55,1.2,0,6,37.98452025508449
1650,3.81446125964137,0,0,0,0,0,0,0,0,0,0,18.1237129082194,18.1237129082194,0,56,1.2,0,6,40.06188707608017
1680,4.20835463499713,0,0,0,0,0,0,0,0,0,0,19.0482152643896,19.0482152643896,0,57,1.2,0,6,42.30478516377633
1710,4.65719502216981,0,0,0,0,0,0,0,0,0,0,20.0370376815453,20.0370376815453,0,58,1.2,0,6,44.73127038526041
1740,5.1708317600854,0,0,0,0,0,0,0,0,0,0,21.0955022178335,21.0955022178335,0,59,1.2,0,6,47.361836195752396
1770,5.7612808874528,0,0,0,0,0,0,0,0,0,0,22.2292509323992,22.2292509323992,0,60,1.2,0,6,50.2197827522512
1800,6.44328885115788,0,0,0,0,0,0,0,0,0,0,23.4441748893816,23.4441748893816,0,61,1.2,0,6,53.33163862992108
1830,7.2350639930966,0,0,0,0,0,0,0,0,0,0,24.7462865913884,24.7462865913884,0,62,1.2,0,6,56.727637175873404
1860,8.15923090681047,0,0,0,0,0,0,0,0,0,0,26.1415070957481,26.1415070957481,0,63,1.2,0,6,60.44224509830667
1890,9.24408169229753,0,0,0,0,0,0,0,0,0,0,27.6353254616941,27.6353254616941,0,64,1.2,0,6,64.51473261568573
1920,10.5252231609348,0,0,0,0,0,0,0,0,0,0,29.232268329201,29.232268329201,0,65,1.2,0,6,68.9897598193368
1950,12.0477512345977,0,0,0,0,0,0,0,0,0,0,30.9350887357928,30.9350887357928,0,66,1.2,0,6,73.9179287061833
1980,13.86912317507,0,0,0,0,0,0,0,0,0,0,32.7435424444004,32.7435424444004,0,67,1.2,0,6,79.3562080638708
0,250,0,0,0,0,0,0,0,0,0,0,0,0,0,1,1.2,0,7,250
30,250.000322400697,0,0,0,0,0,0,0,0,0,0,0,0,0,2,1.2,0,7,250.000322400697
60,250.000090984018,0,0,0,0,0,0,0,0,0,0,0,0,0,3,1.2,0,7,250.000090984018
90,250.000018876751,0,0,0,0,0,0,0,0,0,0,0,0,0,4,1.2,0,7,250.000018876751
120,206.489898347579,0,0,0,0,0,0,0,0,0,0,54.0649456892475,54.0649456892475,0,5,1.2,0,7,314.619789726074
150,113.924585888169,0,0,0,0,0,0,0,0,0,0,88.0322586007008,88.0322586007008,0,6,1.2,0,7,289.9891030895706
180,57.3637259211397,0,0,0,0,0,0,0,0,0,0,92.3729472716762,92.3729472716762,0,7,1.2,0,7,242.10962046449208
210,25.4101507754709,0,0,0,0,0,0,0,0,0,0,84.2657107293029,84.2657107293029,0,8,1.2,0,7,193.9415722340767
240,9.26165944321778,0,0,0,0,0,0,0,0,0,0,71.60411585148,71.60411585148,0,9,1.2,0,7,152.4698911461778
270,2.57698609157044,0,0,0,0,0,0,0,0,0,0,59.9132030402306,59.9132030402306,0,10,1.2,0,7,122.40339217203163
300,0.506691034493494,0,0,0,0,0,0,0,0,0,0,52.4773470912542,52.4773470912542,0,11,1.2,0,7,105.4613852170019
330,0.101379137902411,0,0,0,0,0,0,0,0,0,0,4.62837257333855,4.62837257333855,0,12,1.2,0,7,9.35812428457951
360,0.0327790930573955,0,0,0,0,0,0,0,0,0,0,1.49260868086488,1.49260868086488,0,13,1.2,0,7,3.0179964547871556
390,0.0136501890832321,0,0,0,0,0,0,0,0,0,0,0.671080651444344,0.671080651444344,0,14,1.2,0,7,1.3558114919719202
420,0.00743222126108355,0,0,0,0,0,0,0,0,0,0,0.348818867034521,0.348818867034521,0,15,1.2,0,7,0.7050699553301255
450,0.00432644840055743,0,0,0,0,0,0,0,0,0,0,0.20550578432908,0.20550578432908,0,16,1.2,0,7,0.4153380170587174
480,0.00268908639388008,0,0,0,0,0,0,0,0,0,0,0.126354509131631,0.126354509131631,0,17,1.2,0,7,0.2553981046571421
510,0.00172338992476548,0,0,0,0,0,0,0,0,0,0,0.0807703287544477,0.0807703287544477,0,18,1.2,0,7,0.16326404743366088
540,0.00113178210200648,0,0,0,0,0,0,0,0,0,0,0.0527480692809035,0.0527480692809035,0,19,1.2,0,7,0.10662792066381349
570,7.5540440634271e-4,0,0,0,0,0,0,0,0,0,0,0.0350454028295522,0.0350454028295522,0,20,1.2,0,7,0.07084621006544711
600,5.1070870209965e-4,0,0,0,0,0,0,0,0,0,0,0.0235754688357265,0.0235754688357265,0,21,1.2,0,7,0.04766164637355265
630,3.4881600221739e-4,0,0,0,0,0,0,0,0,0,0,0.0160234947180574,0.0160234947180574,0,22,1.2,0,7,0.03239580543833219
660,2.403256334649e-4,0,0,0,0,0,0,0,0,0,0,0.0109850430639672,0.0109850430639672,0,23,1.2,0,7,0.0222104117613993
690,1.6685569907997e-4,0,0,0,0,0,0,0,0,0,0,0.00758883841538937,0.00758883841538937,0,24,1.2,0,7,0.01534453252985871
720,1.1666522034269e-4,0,0,0,0,0,0,0,0,0,0,0.00527948992743869,0.00527948992743869,0,25,1.2,0,7,0.01067564507522007
750,8.21143573771059e-5,0,0,0,0,0,0,0,0,0,0,0.00369719591501098,0.00369719591501098,0,26,1.2,0,7,0.007476506187399066
780,5.81645686119444e-5,0,0,0,0,0,0,0,0,0,0,0.00260555505928501,0.00260555505928501,0,27,1.2,0,7,0.005269274687181964
810,4.14559611665005e-5,0,0,0,0,0,0,0,0,0,0,0.00184757854675285,0.00184757854675285,0,28,1.2,0,7,0.0037366130546722005
840,2.9727679530092e-5,0,0,0,0,0,0,0,0,0,0,0.00131806463759816,0.00131806463759816,0,29,1.2,0,7,0.002665856954726412
870,2.14465108775944e-5,0,0,0,0,0,0,0,0,0,0,9.4597056089101e-4,9.4597056089101e-4,0,30,1.2,0,7,0.0019133876326596145
900,1.55655101886921e-5,0,0,0,0,0,0,0,0,0,0,6.8299095696952e-4,6.8299095696952e-4,0,31,1.2,0,7,0.001381547424127732
930,1.13652715726535e-5,0,0,0,0,0,0,0,0,0,0,4.9607485885224e-4,4.9607485885224e-4,0,32,1.2,0,7,0.0010035149892771334
960,8.3485506869929e-6,0,0,0,0,0,0,0,0,0,0,3.6247604523305e-4,3.6247604523305e-4,0,33,1.2,0,7,7.333006411530928e-4
990,6.16973822530583e-6,0,0,0,0,0,0,0,0,0,0,2.6645300477498e-4,2.6645300477498e-4,0,34,1.2,0,7,5.390757477752658e-4
1020,4.5873252628878e-6,0,0,0,0,0,0,0,0,0,0,1.9705331037595e-4,1.9705331037595e-4,0,35,1.2,0,7,3.986939460147878e-4
1050,3.43166246346888e-6,0,0,0,0,0,0,0,0,0,0,1.4661673531347e-4,1.4661673531347e-4,0,36,1.2,0,7,2.9666513309040886e-4
1080,2.58296558722204e-6,0,0,0,0,0,0,0,0,0,0,1.0975811743654e-4,1.0975811743654e-4,0,37,1.2,0,7,2.2209920046030205e-4
1110,1.95622941354308e-6,0,0,0,0,0,0,0,0,0,0,8.26724732941579e-5,8.26724732941579e-5,0,38,1.2,0,7,1.6730117600185888e-4
1140,1.49082661951963e-6,0,0,0,0,0,0,0,0,0,0,6.26578175582869e-5,6.26578175582869e-5,0,39,1.2,0,7,1.2680646173609343e-4
1170,1.14330094087108e-6,0,0,0,0,0,0,0,0,0,0,4.77858502738127e-5,4.77858502738127e-5,0,40,1.2,0,7,9.671500148849649e-5
1200,8.82349385378294e-7,0,0,0,0,0,0,0,0,0,0,3.66735891182965e-5,3.66735891182965e-5,0,41,1.2,0,7,7.422952762197128e-5
1230,6.85311968069105e-7,0,0,0,0,0,0,0,0,0,0,2.83242509462926e-5,2.83242509462926e-5,0,42,1.2,0,7,5.7333813860654306e-5
1260,5.3570455546898e-7,0,0,0,0,0,0,0,0,0,0,2.20158644400389e-5,2.20158644400389e-5,0,43,1.2,0,7,4.456743343554678e-5
1290,4.21476823781083e-7,0,0,0,0,0,0,0,0,0,0,1.72229347061858e-5,1.72229347061858e-5,0,44,1.2,0,7,3.486734623615268e-5
1320,3.33776574452731e-7,0,0,0,0,0,0,0,0,0,0,1.35610993742203e-5,1.35610993742203e-5,0,45,1.2,0,7,2.745597532289333e-5
1350,2.66069235132078e-7,0,0,0,0,0,0,0,0,0,0,1.07478499000886e-5,1.07478499000886e-5,0,46,1.2,0,7,2.1761769035309277e-5
1380,2.13507613366726e-7,0,0,0,0,0,0,0,0,0,0,8.57452831275571e-6,8.57452831275571e-6,0,47,1.2,0,7,1.7362564238878145e-5
1410,1.72478747394256e-7,0,0,0,0,0,0,0,0,0,0,6.88627260791993e-6,6.88627260791993e-6,0,48,1.2,0,7,1.3945023963234117e-5
1440,1.40276631741962e-7,0,0,0,0,0,0,0,0,0,0,5.56759011229885e-6,5.56759011229885e-6,0,49,1.2,0,7,1.1275456856339661e-5
1470,1.1486479922752e-7,0,0,0,0,0,0,0,0,0,0,4.53193304120632e-6,4.53193304120632e-6,0,50,1.2,0,7,9.17873088164016e-6
1500,9.47033245352544e-8,0,0,0,0,0,0,0,0,0,0,3.71413244867981e-6,3.71413244867981e-6,0,51,1.2,0,7,7.522968221894875e-6
1530,7.86222126248339e-8,0,0,0,0,0,0,0,0,0,0,3.06488246147223e-6,3.06488246147223e-6,0,52,1.2,0,7,6.208387135569294e-6
1560,6.57283279621068e-8,0,0,0,0,0,0,0,0,0,0,2.54670146255989e-6,2.54670146255989e-6,0,53,1.2,0,7,5.159131253081887e-6
1590,5.53366802869461e-8,0,0,0,0,0,0,0,0,0,0,2.13096175940043e-6,2.13096175940043e-6,0,54,1.2,0,7,4.317260199087806e-6
1620,4.69194724183685e-8,0,0,0,0,0,0,0,0,0,0,1.79569552368525e-6,1.79569552368525e-6,0,55,1.2,0,7,3.6383105197888686e-6
1650,4.00681556510525e-8,0,0,0,0,0,0,0,0,0,0,1.52396709200104e-6,1.52396709200104e-6,0,56,1.2,0,7,3.0880023396531323e-6
1680,3.4465050915318e-8,0,0,0,0,0,0,0,0,0,0,1.30266021959626e-6,1.30266021959626e-6,0,57,1.2,0,7,2.639785490107838e-6
1710,2.98620339803051e-8,0,0,0,0,0,0,0,0,0,0,1.12157063142454e-6,1.12157063142454e-6,0,58,1.2,0,7,2.273003296829385e-6
1740,2.60644589688294e-8,0,0,0,0,0,0,0,0,0,0,9.72724130855849e-7,9.72724130855849e-7,0,59,1.2,0,7,1.9715127206805275e-6
1770,2.29189824480197e-8,0,0,0,0,0,0,0,0,0,0,8.49862047191964e-7,8.49862047191964e-7,0,60,1.2,0,7,1.7226430768319477e-6
1800,2.03043040315163e-8,0,0,0,0,0,0,0,0,0,0,7.48051345640771e-7,7.48051345640771e-7,0,61,1.2,0,7,1.5164069953130584e-6
1830,1.81240967574635e-8,0,0,0,0,0,0,0,0,0,0,6.63387992595687e-7,6.63387992595687e-7,0,62,1.2,0,7,1.3449000819488374e-6
1860,1.63015884716902e-8,0,0,0,0,0,0,0,0,0,0,5.92770371965595e-7,5.92770371965595e-7,0,63,1.2,0,7,1.2018423324028801e-6
1890,1.47753932850212e-8,0,0,0,0,0,0,0,0,0,0,5.33725542689379e-7,5.33725542689379e-7,0,64,1.2,0,7,1.0822264786637792e-6
1920,1.34962936564963e-8,0,0,0,0,0,0,0,0,0,0,4.84275525330072e-7,4.84275525330072e-7,0,65,1.2,0,7,9.820473443166403e-7
1950,1.24247486725042e-8,0,0,0,0,0,0,0,0,0,0,4.42834044897249e-7,4.42834044897249e-7,0,66,1.2,0,7,8.980928384670022e-7
1980,1.15289597797425e-8,0,0,0,0,0,0,0,0,0,0,4.08126552688402e-7,4.08126552688402e-7,0,67,1.2,0,7,8.277820651565465e-7
0,250,0,0,0,0,0,0,0,0,0,0,0,0,0,1,1.2,0,8,250
30,250.000322400697,0,0,0,0,0,0,0,0,0,0,0,0,0,2,1.2,0,8,250.000322400697
60,250.000090984018,0,0,0,0,0,0,0,0,0,0,0,0,0,3,1.2,0,8,250.000090984018
90,250.000018876751,0,0,0,0,0,0,0,0,0,0,0,0,0,4,1.2,0,8,250.000018876751
120,206.489898347579,0,0,0,0,0,0,0,0,0,0,54.0649456892475,54.0649456892475,0,5,1.2,0,8,314.619789726074
150,113.924585888169,0,0,0,0,0,0,0,0,0,0,88.0322586007008,88.0322586007008,0,6,1.2,0,8,289.9891030895706
180,57.3637259211397,0,0,0,0,0,0,0,0,0,0,92.3729472716762,92.3729472716762,0,7,1.2,0,8,242.10962046449208
210,25.4101507754709,0,0,0,0,0,0,0,0,0,0,84.2657107293029,84.2657107293029,0,8,1.2,0,8,193.9415722340767
240,9.26165944321778,0,0,0,0,0,0,0,0,0,0,71.60411585148,71.60411585148,0,9,1.2,0,8,152.4698911461778
270,2.57698609157044,0,0,0,0,0,0,0,0,0,0,59.9132030402306,59.9132030402306,0,10,1.2,0,8,122.40339217203163
300,0.506691034493494,0,0,0,0,0,0,0,0,0,0,52.4773470912542,52.4773470912542,0,11,1.2,0,8,105.4613852170019
330,0.0685152032730446,0,0,0,0,0,0,0,0,0,0,49.3436954341508,49.3436954341508,0,12,1.2,0,8,98.75590607157466
360,0.00930025637431409,0,0,0,0,0,0,0,0,0,0,3.12297073935463,3.12297073935463,0,13,1.2,0,8,6.255241735083574
390,0.00201523719762905,0,0,0,0,0,0,0,0,0,0,0.316478994867107,0.316478994867107,0,14,1.2,0,8,0.6349732269318431
420,3.4560221495962e-4,0,0,0,0,0,0,0,0,0,0,0.0612865392055962,0.0612865392055962,0,15,1.2,0,8,0.12291868062615202
450,5.96130520164538e-5,0,0,0,0,0,0,0,0,0,0,0.011563271348,0.011563271348,0,16,1.2,0,8,0.023186155748016454
480,1.10152082529441e-5,0,0,0,0,0,0,0,0,0,0,0.00209184171581092,0.00209184171581092,0,17,1.2,0,8,0.004194698639874784
510,2.04452545174723e-6,0,0,0,0,0,0,0,0,0,0,3.8478091993589e-4,3.8478091993589e-4,0,18,1.2,0,8,7.716063653235272e-4
540,3.77684437369838e-7,0,0,0,0,0,0,0,0,0,0,7.12048522970684e-5,7.12048522970684e-5,0,19,1.2,0,8,1.4278738903150665e-4
570,6.98216938493791e-8,0,0,0,0,0,0,0,0,0,0,1.31632319187021e-5,1.31632319187021e-5,0,20,1.2,0,8,2.6396285531253578e-5
600,1.29223564890204e-8,0,0,0,0,0,0,0,0,0,0,2.43371893234226e-6,2.43371893234226e-6,0,21,1.2,0,8,4.8803602211735404e-6
630,2.39284227434886e-9,0,0,0,0,0,0,0,0,0,0,4.50293077626943e-7,4.50293077626943e-7,0,22,1.2,0,8,9.029789975282349e-7
660,4.43301214662067e-10,0,0,0,0,0,0,0,0,0,0,8.33626741811681e-8,8.33626741811681e-8,0,23,1.2,0,8,1.6716864957699826e-7
690,8.217188384128649e-11,0,0,0,0,0,0,0,0,0,0,1.54410100901853e-8,1.54410100901853e-8,0,24,1.2,0,8,3.096419206421189e-8
720,1.52400684931271e-11,0,0,0,0,0,0,0,0,0,0,2.8616422893934203e-9,2.8616422893934203e-9,0,25,1.2,0,8,5.738524647279968e-9
750,2.82805334983506e-12,0,0,0,0,0,0,0,0,0,0,5.30631390502006e-10,5.30631390502006e-10,0,26,1.2,0,8,1.0640908343538471e-9
780,5.25080362227691e-13,0,0,0,0,0,0,0,0,0,0,9.844824096123419e-11,9.844824096123419e-11,0,27,1.2,0,8,1.9742156228469606e-10
810,9.75443337313777e-14,0,0,0,0,0,0,0,0,0,0,1.8275134345415598e-11,1.8275134345415598e-11,0,28,1.2,0,8,3.6647813024562574e-11
840,1.81307894381259e-14,0,0,0,0,0,0,0,0,0,0,3.3943077584421797e-12,3.3943077584421797e-12,0,29,1.2,0,8,6.806746306322486e-12
870,3.37186430260406e-15,0,0,0,0,0,0,0,0,0,0,6.3078335151148e-13,6.3078335151148e-13,0,30,1.2,0,8,1.2649385673255641e-12
900,6.27425995994626e-16,0,0,0,0,0,0,0,0,0,0,1.17286471033405e-13,1.17286471033405e-13,0,31,1.2,0,8,2.352003680628046e-13
930,1.16813843351312e-16,0,0,0,0,0,0,0,0,0,0,2.18199947623062e-14,2.18199947623062e-14,0,32,1.2,0,8,4.375680336796371e-14
960,2.1760348066430502e-17,0,0,0,0,0,0,0,0,0,0,4.0616334550696e-15,4.0616334550696e-15,0,33,1.2,0,8,8.145027258205631e-15
990,4.0558083051429595e-18,0,0,0,0,0,0,0,0,0,0,7.56460948451171e-16,7.56460948451171e-16,0,34,1.2,0,8,1.5169777052074849e-15
1020,7.56361472433963e-19,0,0,0,0,0,0,0,0,0,0,1.40965337450304e-16,1.40965337450304e-16,0,35,1.2,0,8,2.82687036373042e-16
1050,1.4113090038694498e-19,0,0,0,0,0,0,0,0,0,0,2.6283217756623502e-17,2.6283217756623502e-17,0,36,1.2,0,8,5.2707566413633946e-17
1080,2.6348500290011298e-20,0,0,0,0,0,0,0,0,0,0,4.90326590481916e-18,4.90326590481916e-18,0,37,1.2,0,8,9.83288030992833e-18
1110,4.92188095799584e-21,0,0,0,0,0,0,0,0,0,0,9.152366712310079e-19,9.152366712310079e-19,0,38,1.2,0,8,1.8353952234200115e-18
1140,9.199157772916649e-22,0,0,0,0,0,0,0,0,0,0,1.7093176434552598e-19,1.7093176434552598e-19,0,39,1.2,0,8,3.4278344446834365e-19
1170,1.72031164443825e-22,0,0,0,0,0,0,0,0,0,0,3.19413946614514e-20,3.19413946614514e-20,0,40,1.2,0,8,6.405482048734662e-20
1200,3.2189085127157795e-23,0,0,0,0,0,0,0,0,0,0,5.97209975933926e-21,5.97209975933926e-21,0,41,1.2,0,8,1.1976388603805678e-20
1230,6.02633020542235e-24,0,0,0,0,0,0,0,0,0,0,1.11723016995466e-21,1.11723016995466e-21,0,42,1.2,0,8,2.2404866701147424e-21
1260,1.12886068330876e-24,0,0,0,0,0,0,0,0,0,0,2.09122625524304e-22,2.09122625524304e-22,0,43,1.2,0,8,4.1937411173191674e-22
1290,2.1157836043778e-25,0,0,0,0,0,0,0,0,0,0,3.9165394192981996e-23,3.9165394192981996e-23,0,44,1.2,0,8,7.854236674640177e-23
1320,3.96776526292435e-26,0,0,0,0,0,0,0,0,0,0,7.33917829119524e-24,7.33917829119524e-24,0,45,1.2,0,8,1.4718034235019725e-23
1350,7.44500279851013e-27,0,0,0,0,0,0,0,0,0,0,1.37605622018973e-24,1.37605622018973e-24,0,46,1.2,0,8,2.75955744317797e-24
1380,1.39774606618963e-27,0,0,0,0,0,0,0,0,0,0,2.5814818039711e-25,2.5814818039711e-25,0,47,1.2,0,8,5.176941068604096e-25
1410,2.62564834215379e-28,0,0,0,0,0,0,0,0,0,0,4.84558769108329e-26,4.84558769108329e-26,0,48,1.2,0,8,9.717431865588118e-26
1440,4.9350329706293996e-29,0,0,0,0,0,0,0,0,0,0,9.10057209538862e-27,9.10057209538862e-27,0,49,1.2,0,8,1.8250494520483534e-26
1470,9.28087931597187e-30,0,0,0,0,0,0,0,0,0,0,1.7101575781799e-27,1.7101575781799e-27,0,50,1.2,0,8,3.429596035675772e-27
1500,1.74636135256234e-30,0,0,0,0,0,0,0,0,0,0,3.21550442912079e-28,3.21550442912079e-28,0,51,1.2,0,8,6.448472471767203e-28
1530,3.28795125209419e-31,0,0,0,0,0,0,0,0,0,0,6.04934000346249e-29,6.04934000346249e-29,0,52,1.2,0,8,1.2131559519445921e-28
1560,6.19388664600565e-32,0,0,0,0,0,0,0,0,0,0,1.13870998625893e-29,1.13870998625893e-29,0,53,1.2,0,8,2.283613859163866e-29
1590,1.16747641295086e-32,0,0,0,0,0,0,0,0,0,0,2.1446916902893998e-30,2.1446916902893998e-30,0,54,1.2,0,8,4.301058144708308e-30
1620,2.20181238737986e-33,0,0,0,0,0,0,0,0,0,0,4.04169528763563e-31,4.04169528763563e-31,0,55,1.2,0,8,8.105408699145058e-31
1650,4.15489636491209e-34,0,0,0,0,0,0,0,0,0,0,7.62095822274153e-32,7.62095822274153e-32,0,56,1.2,0,8,1.528346540913218e-31
1680,7.84491290725977e-35,0,0,0,0,0,0,0,0,0,0,1.43781583888608e-32,1.43781583888608e-32,0,57,1.2,0,8,2.8834765906794197e-32
1710,1.48205547639554e-35,0,0,0,0,0,0,0,0,0,0,2.71421953743336e-33,2.71421953743336e-33,0,58,1.2,0,8,5.443259629630675e-33
1740,2.8014930919857097e-36,0,0,0,0,0,0,0,0,0,0,5.1266664785539895e-34,5.1266664785539895e-34,0,59,1.2,0,8,1.0281347888027836e-33
1770,5.2986321691507995e-37,0,0,0,0,0,0,0,0,0,0,9.688887188516369e-35,9.688887188516369e-35,0,60,1.2,0,8,1.9430760698724245e-34
1800,1.00273798824872e-37,0,0,0,0,0,0,0,0,0,0,1.83215340836456e-35,1.83215340836456e-35,0,61,1.2,0,8,3.674334196611607e-35
1830,1.89872035428582e-38,0,0,0,0,0,0,0,0,0,0,3.46656407133972e-36,3.46656407133972e-36,0,62,1.2,0,8,6.952115346222298e-36
1860,3.59736700386282e-39,0,0,0,0,0,0,0,0,0,0,6.56275890912006e-37,6.56275890912006e-37,0,63,1.2,0,8,1.3161491488278748e-36
1890,6.819602374185149e-40,0,0,0,0,0,0,0,0,0,0,1.24315091130847e-37,1.24315091130847e-37,0,64,1.2,0,8,2.4931214249911253e-37
1920,1.2935531825690198e-40,0,0,0,0,0,0,0,0,0,0,2.35619810046738e-38,2.35619810046738e-38,0,65,1.2,0,8,4.72533173276045e-38
1950,2.45505269252745e-41,0,0,0,0,0,0,0,0,0,0,4.46838577232333e-39,4.46838577232333e-39,0,66,1.2,0,8,8.961322071571935e-39
1980,4.66217966110628e-42,0,0,0,0,0,0,0,0,0,0,8.47892499375048e-40,8.47892499375048e-40,0,67,1.2,0,8,1.7004471784112022e-39
0,250,0,0,0,0,0,0,0,0,0,0,0,0,0,1,1.2,0,9,250
30,250.000322400697,0,0,0,0,0,0,0,0,0,0,0,0,0,2,1.2,0,9,250.000322400697
60,250.000090984018,0,0,0,0,0,0,0,0,0,0,0,0,0,3,1.2,0,9,250.000090984018
90,250.000018876751,0,0,0,0,0,0,0,0,0,0,0,0,0,4,1.2,0,9,250.000018876751
120,206.489898347579,0,0,0,0,0,0,0,0,0,0,54.0649456892475,54.0649456892475,0,5,1.2,0,9,314.619789726074
150,113.924585888169,0,0,0,0,0,0,0,0,0,0,88.0322586007008,88.0322586007008,0,6,1.2,0,9,289.9891030895706
180,57.3637259211397,0,0,0,0,0,0,0,0,0,0,92.3729472716762,92.3729472716762,0,7,1.2,0,9,242.10962046449208
210,25.4101507754709,0,0,0,0,0,0,0,0,0,0,84.2657107293029,84.2657107293029,0,8,1.2,0,9,193.9415722340767
240,9.26165944321778,0,0,0,0,0,0,0,0,0,0,71.60411585148,71.60411585148,0,9,1.2,0,9,152.4698911461778
270,2.57698609157044,0,0,0,0,0,0,0,0,0,0,59.9132030402306,59.9132030402306,0,10,1.2,0,9,122.40339217203163
300,0.506691034493494,0,0,0,0,0,0,0,0,0,0,52.4773470912542,52.4773470912542,0,11,1.2,0,9,105.4613852170019
330,0.0685152032730446,0,0,0,0,0,0,0,0,0,0,49.3436954341508,49.3436954341508,0,12,1.2,0,9,98.75590607157466
360,0.00691123608241753,0,0,0,0,0,0,0,0,0,0,48.512751474539,48.512751474539,0,13,1.2,0,9,97.03241418516042
390,7.3345081589762e-4,0,0,0,0,0,0,0,0,0,0,2.88553294355014,2.88553294355014,0,14,1.2,0,9,5.771799337916177
420,1.2693199536224e-4,0,0,0,0,0,0,0,0,0,0,0.180757993221726,0.180757993221726,0,15,1.2,0,9,0.36164291843881424
450,1.62350333861203e-5,0,0,0,0,0,0,0,0,0,0,0.0133972944438506,0.0133972944438506,0,16,1.2,0,9,0.02681082392108732
480,1.59526104385523e-6,0,0,0,0,0,0,0,0,0,0,0.00115306588555921,0.00115306588555921,0,17,1.2,0,9,0.0023077270321622753
510,1.42154245222617e-7,0,0,0,0,0,0,0,0,0,0,1.0375291683234e-4,1.0375291683234e-4,0,18,1.2,0,9,2.0764798790990263e-4
540,1.2265348871413e-8,0,0,0,0,0,0,0,0,0,0,9.30540096267016e-6,9.30540096267016e-6,0,19,1.2,0,9,1.8623067274211732e-5
570,1.05041324755928e-9,0,0,0,0,0,0,0,0,0,0,8.23823749845779e-7,8.23823749845779e-7,0,20,1.2,0,9,1.6486979129391173e-6
600,9.0079276459185e-11,0,0,0,0,0,0,0,0,0,0,7.21478439731236e-8,7.21478439731236e-8,0,21,1.2,0,9,1.4438576722270638e-7
630,7.75161894734775e-12,0,0,0,0,0,0,0,0,0,0,6.2761200865678405e-9,6.2761200865678405e-9,0,22,1.2,0,9,1.2559991792083028e-8
660,6.69089993021135e-13,0,0,0,0,0,0,0,0,0,0,5.44094031072374e-10,5.44094031072374e-10,0,23,1.2,0,9,1.0888571521377691e-9
690,5.78696866708896e-14,0,0,0,0,0,0,0,0,0,0,4.71047658826185e-11,4.71047658826185e-11,0,24,1.2,0,9,9.426740145190789e-11
720,5.01065206597239e-15,0,0,0,0,0,0,0,0,0,0,4.07685532745169e-12,4.07685532745169e-12,0,25,1.2,0,9,8.158721306969353e-12
750,4.34060648588858e-16,0,0,0,0,0,0,0,0,0,0,3.52894708808873e-13,3.52894708808873e-13,0,26,1.2,0,9,7.062234782663349e-13
780,3.76076323869947e-17,0,0,0,0,0,0,0,0,0,0,3.05542707797368e-14,3.05542707797368e-14,0,27,1.2,0,9,6.11461491918606e-14
810,3.2584220160847398e-18,0,0,0,0,0,0,0,0,0,0,2.64602139400185e-15,2.64602139400185e-15,0,28,1.2,0,9,5.295301210019785e-15
840,2.82309104881553e-19,0,0,0,0,0,0,0,0,0,0,2.29182369768511e-16,2.29182369768511e-16,0,29,1.2,0,9,4.586470486419036e-16
870,2.44584540938282e-20,0,0,0,0,0,0,0,0,0,0,1.98522678741956e-17,1.98522678741956e-17,0,30,1.2,0,9,3.972899420248503e-17
900,2.11897785788362e-21,0,0,0,0,0,0,0,0,0,0,1.71974051463564e-18,1.71974051463564e-18,0,31,1.2,0,9,3.4416000071291635e-18
930,1.83579435937869e-22,0,0,0,0,0,0,0,0,0,0,1.4898068591477299e-19,1.4898068591477299e-19,0,32,1.2,0,9,2.9814495126548384e-19
960,1.59047497584568e-23,0,0,0,0,0,0,0,0,0,0,1.2906451599396099e-20,1.2906451599396099e-20,0,33,1.2,0,9,2.5828807948550655e-20
990,1.37796378828642e-24,0,0,0,0,0,0,0,0,0,0,1.11812958378292e-21,1.11812958378292e-21,0,34,1.2,0,9,2.2376371313541264e-21
1020,1.1938736734960098e-25,0,0,0,0,0,0,0,0,0,0,9.686920799698989e-23,9.686920799698989e-23,0,35,1.2,0,9,1.9385780336132939e-22
1050,1.03440139723904e-26,0,0,0,0,0,0,0,0,0,0,8.39243715421693e-24,8.39243715421693e-24,0,36,1.2,0,9,1.679521832240625e-23
1080,8.96251857037916e-28,0,0,0,0,0,0,0,0,0,0,7.27109189685404e-25,7.27109189685404e-25,0,37,1.2,0,9,1.4551146312278458e-24
1110,7.76571067239034e-29,0,0,0,0,0,0,0,0,0,0,6.29971194674832e-26,6.29971194674832e-26,0,38,1.2,0,9,1.260718960416903e-25
1140,6.728874013383829e-30,0,0,0,0,0,0,0,0,0,0,5.45822553012484e-27,5.45822553012484e-27,0,39,1.2,0,9,1.0923179934263063e-26
1170,5.83060403942487e-31,0,0,0,0,0,0,0,0,0,0,4.72924802077738e-28,4.72924802077738e-28,0,40,1.2,0,9,9.464326645594183e-28
1200,5.05236367431781e-32,0,0,0,0,0,0,0,0,0,0,4.0977228027580996e-29,4.0977228027580996e-29,0,41,1.2,0,9,8.200497969190517e-29
1230,4.3780985267471e-33,0,0,0,0,0,0,0,0,0,0,3.55060977022418e-30,3.55060977022418e-30,0,42,1.2,0,9,7.105597638975107e-30
1260,3.79390382923137e-34,0,0,0,0,0,0,0,0,0,0,3.0766152619295696e-31,3.0766152619295696e-31,0,43,1.2,0,9,6.1570244276883706e-31
1290,3.28773619359647e-35,0,0,0,0,0,0,0,0,0,0,2.66595804100709e-32,2.66595804100709e-32,0,44,1.2,0,9,5.335203818207777e-32
1320,2.8491641264619097e-36,0,0,0,0,0,0,0,0,0,0,2.31016658975395e-33,2.31016658975395e-33,0,45,1.2,0,9,4.623182343634362e-33
1350,2.46915205802e-37,0,0,0,0,0,0,0,0,0,0,2.00190357087381e-34,2.00190357087381e-34,0,46,1.2,0,9,4.00627629380564e-34
1380,2.13987335606946e-38,0,0,0,0,0,0,0,0,0,0,1.73481383138222e-35,1.73481383138222e-35,0,47,1.2,0,9,3.4717675361205095e-35
1410,1.85454841903006e-39,0,0,0,0,0,0,0,0,0,0,1.5033927960105098e-36,1.5033927960105098e-36,0,48,1.2,0,9,3.0086401404400497e-36
1440,1.6073044751897399e-40,0,0,0,0,0,0,0,0,0,0,1.30287251393176e-37,1.30287251393176e-37,0,49,1.2,0,9,2.6073523323387098e-37
1470,1.3930541730959e-41,0,0,0,0,0,0,0,0,0,0,1.12912298822664e-38,1.12912298822664e-38,0,50,1.2,0,9,2.259639030626376e-38
1500,1.2073904415381299e-42,0,0,0,0,0,0,0,0,0,0,9.78566735800292e-40,9.78566735800292e-40,0,51,1.2,0,9,1.958340862042122e-39
1530,1.0464954368706397e-43,0,0,0,0,0,0,0,0,0,0,8.48104801484797e-41,8.48104801484797e-41,0,52,1.2,0,9,1.6972560984064645e-40
1560,9.070616885515998e-45,0,0,0,0,0,0,0,0,0,0,7.350526889943809e-42,7.350526889943809e-42,0,53,1.2,0,9,1.4710124396773134e-41
1590,7.86223807327616e-46,0,0,0,0,0,0,0,0,0,0,6.370848780994248e-43,6.370848780994248e-43,0,54,1.2,0,9,1.2749559800061773e-42
1620,6.814993399449801e-47,0,0,0,0,0,0,0,0,0,0,5.521867761927809e-44,5.521867761927809e-44,0,55,1.2,0,9,1.1050550517255069e-43
1650,5.90737544260276e-48,0,0,0,0,0,0,0,0,0,0,4.7861310712754e-45,4.7861310712754e-45,0,56,1.2,0,9,9.578169517993403e-45
1680,5.12075023117219e-49,0,0,0,0,0,0,0,0,0,0,4.1485187408445904e-46,4.1485187408445904e-46,0,57,1.2,0,9,8.302158231920352e-46
1710,4.4389729777578195e-50,0,0,0,0,0,0,0,0,0,0,3.59593149101161e-47,3.59593149101161e-47,0,58,1.2,0,9,7.196301955000978e-47
1740,3.84805524983041e-51,0,0,0,0,0,0,0,0,0,0,3.11702042196153e-48,3.11702042196153e-48,0,59,1.2,0,9,6.23788889917289e-48
1770,3.33587668526961e-52,0,0,0,0,0,0,0,0,0,0,2.70195289846982e-49,2.70195289846982e-49,0,60,1.2,0,9,5.407241673624909e-49
1800,2.8919352853613e-53,0,0,0,0,0,0,0,0,0,0,2.34220977746779e-50,2.34220977746779e-50,0,61,1.2,0,9,4.687311490220941e-50
1830,2.50713111804581e-54,0,0,0,0,0,0,0,0,0,0,2.03040977834839e-51,2.03040977834839e-51,0,62,1.2,0,9,4.0633266878148255e-51
1860,2.17357895697658e-55,0,0,0,0,0,0,0,0,0,0,1.76015735931344e-52,1.76015735931344e-52,0,63,1.2,0,9,3.5224882975838564e-52
1890,1.8844459817491099e-56,0,0,0,0,0,0,0,0,0,0,1.52591095077975e-53,1.52591095077975e-53,0,64,1.2,0,9,3.0537063475412495e-53
1920,1.6338111839814798e-57,0,0,0,0,0,0,0,0,0,0,1.32286881910956e-54,1.32286881910956e-54,0,65,1.2,0,9,2.647371449403101e-54
1950,1.4165435735780201e-58,0,0,0,0,0,0,0,0,0,0,1.14687019950739e-55,1.14687019950739e-55,0,66,1.2,0,9,2.295156942588358e-55
1980,1.22819666884317e-59,0,0,0,0,0,0,0,0,0,0,9.94309653443025e-57,9.94309653443025e-57,0,67,1.2,0,9,1.989847503554893e-56
0,250,0,0,0,0,0,0,0,0,0,0,0,0,0,1,1.2,1e-4,10,250
30,250.000322400697,0,0,0,0,0,0,0,0,0,0,0,0,0,2,1.2,1e-4,10,250.000322400697
60,250.000090984018,0,0,0,0,0,0,0,0,0,0,0,0,0,3,1.2,1e-4,10,250.000090984018
90,250.000018876751,0,0,0,0,0,0,0,0,0,0,0,0,0,4,1.2,1e-4,10,250.000018876751
120,206.481115099398,0,0,0,0,0,0,0,0,0,0,54.0633524380301,54.0633524380301,0.0132757837972,5,1.2,1e-4,10,314.6210957592554
150,113.912961968456,0,0,0,0,0,0,0,0,0,0,88.0242983856654,88.0229664446679,0.0407072381462056,6,1.2,1e-4,10,290.0009340369355
180,57.3555901943069,0,0,0,0,0,0,0,0,0,0,92.3648923496847,92.3623422932494,0.0828721070704942,7,1.2,1e-4,10,242.1656969443115
210,25.4153665839415,0,0,0,0,0,0,0,0,0,0,84.280452008867,84.277631170181,0.144865458083328,8,1.2,1e-4,10,194.11831522107283
240,9.28737795545615,0,0,0,0,0,0,0,0,0,0,71.7025340164492,71.7003246360819,0.233014384368413,9,1.2,1e-4,10,152.92325099235566
270,2.6192735445277,0,0,0,0,0,0,0,0,0,0,60.2106756282399,60.209408785776,0.354745810991649,10,1.2,1e-4,10,123.39410376953525
300,0.548480201234871,0,0,0,0,0,0,0,0,0,0,53.1150849198079,53.1145283657993,0.517678719645811,11,1.2,1e-4,10,107.29577220648788
330,0.0942421608839735,0,0,0,0,0,0,0,0,0,0,50.4057629352299,50.4054964686315,0.734264573451152,12,1.2,1e-4,10,101.63976613819652
360,0.0173509618505978,0,0,0,0,0,0,0,0,0,0,50.0384495048668,50.0382113073008,1.02673119130619,13,1.2,1e-4,10,101.12074296532438
390,0.00379226194447881,0,0,0,0,0,0,0,0,0,0,50.4583961286291,50.4580921822195,1.42217008830606,14,1.2,1e-4,10,102.34245066109914
420,0.00178411317501212,0,0,0,0,0,0,0,0,0,0,10.4753421000399,10.4741167655896,1.39281991345853,15,1.2,1e-4,10,22.34406289226304
450,0.00160790828728114,0,0,0,0,0,0,0,0,0,0,12.9390666246881,12.9366443862429,8.50964593472106,16,1.2,1e-4,10,34.38696485393934
480,0.00438728115108214,0,0,0,0,0,0,0,0,0,0,31.1300234866199,31.1239995166203,30.4454791924531,17,1.2,1e-4,10,92.70388947684438
510,0.0058541534177694,0,0,0,0,0,0,0,0,0,0,42.6900891804223,42.6822564276342,69.497411949498,18,1.2,1e-4,10,154.87561171097227
540,0.00589551829725903,0,0,0,0,0,0,0,0,0,0,42.697941316219,42.6907122010051,108.98511342758,19,1.2,1e-4,10,194.37966246310137
570,0.00558578997073934,0,0,0,0,0,0,0,0,0,0,40.5162261917284,40.5100069610509,136.200392362733,20,1.2,1e-4,10,217.23221130548305
600,0.00499583569531829,0,0,0,0,0,0,0,0,0,0,36.2195636675479,36.2144994496123,156.832147159271,21,1.2,1e-4,10,229.2712061121265
630,0.00445285739802465,0,0,0,0,0,0,0,0,0,0,32.2821735415234,32.2780355426202,171.531035725085,22,1.2,1e-4,10,236.09569766662662
660,0.00397147255986958,0,0,0,0,0,0,0,0,0,0,28.7887103077645,28.7852969809942,182.58377250953,23,1.2,1e-4,10,240.16175127084858
690,0.00356368512250912,0,0,0,0,0,0,0,0,0,0,25.8301335477014,25.8272776272008,191.074344478928,24,1.2,1e-4,10,242.7353193389527
720,0.00321969287894051,0,0,0,0,0,0,0,0,0,0,23.3344322136275,23.3320089162778,197.777758407516,25,1.2,1e-4,10,244.44741923030023
750,0.00292898142972788,0,0,0,0,0,0,0,0,0,0,21.2253926631788,21.2233095153328,203.183958841746,26,1.2,1e-4,10,245.63559000168732
780,0.00268172227512158,0,0,0,0,0,0,0,0,0,0,19.4316442495545,19.4298325311674,207.625410616141,27,1.2,1e-4,10,246.48956911913803
810,0.00246981259837378,0,0,0,0,0,0,0,0,0,0,17.8943821017003,17.8927901223055,211.33199359273,28,1.2,1e-4,10,247.12163562933415
840,0.00228675383900952,0,0,0,0,0,0,0,0,0,0,16.5664448069314,16.565033134864,214.467446006947,29,1.2,1e-4,10,247.6012107025814
870,0.00212739476528142,0,0,0,0,0,0,0,0,0,0,15.4104522612779,15.4091903766817,217.151116500417,30,1.2,1e-4,10,247.9728865331419
900,0.00198765298019074,0,0,0,0,0,0,0,0,0,0,14.3967819170223,14.3956458653402,219.47184932777,31,1.2,1e-4,10,248.2662647631127
930,0.00186427949742561,0,0,0,0,0,0,0,0,0,0,13.5018596396277,13.500830371218,221.497011288748,32,1.2,1e-4,10,248.50156557909114
960,0.00175467173422086,0,0,0,0,0,0,0,0,0,0,12.7068021665473,12.7058643474513,223.278529368599,33,1.2,1e-4,10,248.69295055433184
990,0.00165672927691443,0,0,0,0,0,0,0,0,0,0,11.9963702228477,11.9955113715224,224.857020618529,34,1.2,1e-4,10,248.850558942176
1020,0.00156874372118021,0,0,0,0,0,0,0,0,0,0,11.358169023843,11.3573788759859,226.264676817355,35,1.2,1e-4,10,248.98179346090507
1050,0.00148931467361906,0,0,0,0,0,0,0,0,0,0,10.7820386877639,10.7813087227829,227.527317334201,36,1.2,1e-4,10,249.09215405942143
1080,0.00141728551604962,0,0,0,0,0,0,0,0,0,0,10.259588092995,10.2589111765324,228.665875016994,37,1.2,1e-4,10,249.18579157203743
1110,0.00135169402549217,0,0,0,0,0,0,0,0,0,0,9.78383655461263,9.78320666547069,229.697488389164,38,1.2,1e-4,10,249.2658833032728
1140,0.00129173416837223,0,0,0,0,0,0,0,0,0,0,9.34893659586533,9.34834861507836,230.636315832273,39,1.2,1e-4,10,249.33489277738505
1170,0.00123672633139257,0,0,0,0,0,0,0,0,0,0,8.94995794425362,8.94940749046237,231.494150389734,40,1.2,1e-4,10,249.39475255078136
1200,0.00118609395702241,0,0,0,0,0,0,0,0,0,0,8.58271800377061,8.58220130348328,232.2808895447,41,1.2,1e-4,10,249.44699494591092
1230,0.00113934507207588,0,0,0,0,0,0,0,0,0,0,8.24364783341971,8.24316161783544,233.004898121678,42,1.2,1e-4,10,249.49284691800523
1260,0.00109605758018216,0,0,0,0,0,0,0,0,0,0,7.9296854372639,7.92922685952316,233.673291470217,43,1.2,1e-4,10,249.53329982458425
1290,0.00105586746985838,0,0,0,0,0,0,0,0,0,0,7.63819021010625,7.63775677839633,234.292158519494,44,1.2,1e-4,10,249.56916137546642
1320,0.00101845929691963,0,0,0,0,0,0,0,0,0,0,7.36687388539126,7.36646340846653,234.866739005814,45,1.2,1e-4,10,249.6010947589687
1350,9.8355845324411e-4,0,0,0,0,0,0,0,0,0,0,7.11374444434148,7.11335498684512,235.401565433939,46,1.2,1e-4,10,249.62964842357883
1380,9.5092484804498e-4,0,0,0,0,0,0,0,0,0,0,6.87706027361092,6.87669011919487,235.900577653438,47,1.2,1e-4,10,249.65527897109183
1410,9.2034771330624e-4,0,0,0,0,0,0,0,0,0,0,6.65529247923205,6.65494009992696,236.367215989784,48,1.2,1e-4,10,249.67836891665632
1440,8.9164130951046e-4,0,0,0,0,0,0,0,0,0,0,6.44709373246549,6.44675776309415,236.804497448318,49,1.2,1e-4,10,249.69924058518714
1470,8.6464135671242e-4,0,0,0,0,0,0,0,0,0,0,6.25127237819086,6.25095159487819,237.215078457727,50,1.2,1e-4,10,249.71816707215277
1500,8.3920205338502e-4,0,0,0,0,0,0,0,0,0,0,6.06677080765443,6.06646410968515,237.601306834736,51,1.2,1e-4,10,249.73538095412897
1530,8.1519357419212e-4,0,0,0,0,0,0,0,0,0,0,5.89264730584655,5.89235370027471,237.965265060455,52,1.2,1e-4,10,249.75108126015047
1560,7.9249996006637e-4,0,0,0,0,0,0,0,0,0,0,5.72806074503098,5.7277793335636,238.308806509779,53,1.2,1e-4,10,249.76543908833364
1590,7.7101733126542e-4,0,0,0,0,0,0,0,0,0,0,5.57225762144075,5.57198758921103,238.633585931519,54,1.2,1e-4,10,249.77860215950204
1620,7.5065236762041e-4,0,0,0,0,0,0,0,0,0,0,5.42456103039958,5.42430163631759,238.941085211821,55,1.2,1e-4,10,249.7906985309058
1650,7.3132101085151e-4,0,0,0,0,0,0,0,0,0,0,5.2843612524794,5.28411182090607,239.232635247578,56,1.2,1e-4,10,249.8018396419743
1680,7.1294735226572e-4,0,0,0,0,0,0,0,0,0,0,5.15110768454445,5.15086759808054,239.509434595561,57,1.2,1e-4,10,249.81212282553827
1710,6.9546267587036e-4,0,0,0,0,0,0,0,0,0,0,5.02430189827368,5.02407059149215,239.77256543632,58,1.2,1e-4,10,249.8216333887617
1740,6.7880463230987e-4,0,0,0,0,0,0,0,0,0,0,4.90349164774734,4.90326860172734,240.023007291688,59,1.2,1e-4,10,249.830446345795
1770,6.629165233548e-4,0,0,0,0,0,0,0,0,0,0,4.788265679033,4.7880504165774,240.261648854864,60,1.2,1e-4,10,249.83862786699777
1800,6.4774668016229e-4,0,0,0,0,0,0,0,0,0,0,4.67824922003043,4.67804130146869,240.489298228191,61,1.2,1e-4,10,249.84623649637027
1830,6.3324792135969e-4,0,0,0,0,0,0,0,0,0,0,4.57310004938532,4.57289906887897,240.706691812295,62,1.2,1e-4,10,249.85332417848065
1860,6.1937707931221e-4,0,0,0,0,0,0,0,0,0,0,4.47250506003162,4.47231064231317,240.914502048699,63,1.2,1e-4,10,249.8599371281231
1890,6.0609458482474e-4,0,0,0,0,0,0,0,0,0,0,4.37617724663376,4.37598904412028,241.113344184238,64,1.2,1e-4,10,249.86611656957686
1920,5.9336410208192e-4,0,0,0,0,0,0,0,0,0,0,4.28385305746821,4.28367074769998,241.303782197993,65,1.2,1e-4,10,249.87189936726327
1950,5.8115220691152e-4,0,0,0,0,0,0,0,0,0,0,4.19529006058247,4.19511334394441,241.486334008891,66,1.2,1e-4,10,249.8773185656248
1980,5.6942810251849e-4,0,0,0,0,0,0,0,0,0,0,4.11026488177118,4.11009347946105,241.661476063498,67,1.2,1e-4,10,249.88240385283274
0,250,0,0,0,0,0,0,0,0,0,0,0,0,0,1,1.2,1e-4,11,250
30,250.000322400697,0,0,0,0,0,0,0,0,0,0,0,0,0,2,1.2,1e-4,11,250.000322400697
60,250.000090984018,0,0,0,0,0,0,0,0,0,0,0,0,0,3,1.2,1e-4,11,250.000090984018
90,250.000018876751,0,0,0,0,0,0,0,0,0,0,0,0,0,4,1.2,1e-4,11,250.000018876751
120,206.481115099398,0,0,0,0,0,0,0,0,0,0,54.0633524380301,54.0633524380301,0.0132757837972,5,1.2,1e-4,11,314.6210957592554
150,113.912961968456,0,0,0,0,0,0,0,0,0,0,88.0242983856654,88.0229664446679,0.0407072381462056,6,1.2,1e-4,11,290.0009340369355
180,57.3555901943069,0,0,0,0,0,0,0,0,0,0,92.3648923496847,92.3623422932494,0.0828721070704942,7,1.2,1e-4,11,242.1656969443115
210,25.4153665839415,0,0,0,0,0,0,0,0,0,0,84.280452008867,84.277631170181,0.144865458083328,8,1.2,1e-4,11,194.11831522107283
240,9.28737795545615,0,0,0,0,0,0,0,0,0,0,71.7025340164492,71.7003246360819,0.233014384368413,9,1.2,1e-4,11,152.92325099235566
270,2.6192735445277,0,0,0,0,0,0,0,0,0,0,60.2106756282399,60.209408785776,0.354745810991649,10,1.2,1e-4,11,123.39410376953525
300,0.548480201234871,0,0,0,0,0,0,0,0,0,0,53.1150849198079,53.1145283657993,0.517678719645811,11,1.2,1e-4,11,107.29577220648788
330,0.0942421608839735,0,0,0,0,0,0,0,0,0,0,50.4057629352299,50.4054964686315,0.734264573451152,12,1.2,1e-4,11,101.63976613819652
360,0.0173509618505978,0,0,0,0,0,0,0,0,0,0,50.0384495048668,50.0382113073008,1.02673119130619,13,1.2,1e-4,11,101.12074296532438
390,0.00379226194447881,0,0,0,0,0,0,0,0,0,0,50.4583961286291,50.4580921822195,1.42217008830606,14,1.2,1e-4,11,102.34245066109914
420,9.1528794867173e-4,0,0,0,0,0,0,0,0,0,0,51.1758560230872,51.1754482926596,1.95268502590728,15,1.2,1e-4,11,104.30490462960276
450,4.6734256117598e-4,0,0,0,0,0,0,0,0,0,0,12.6794458047386,12.6778721872252,1.96729723346377,16,1.2,1e-4,11,27.325082567988748
480,4.4010712523413e-4,0,0,0,0,0,0,0,0,0,0,15.7201848802436,15.7172445502954,11.4692509394527,17,1.2,1e-4,11,42.90712047711693
510,0.00104946989083264,0,0,0,0,0,0,0,0,0,0,33.7873361992544,33.780846430265,36.0212171240811,18,1.2,1e-4,11,103.59044922349133
540,0.00131900388847878,0,0,0,0,0,0,0,0,0,0,43.3743212660519,43.366450924549,75.4757731841206,19,1.2,1e-4,11,162.21786437861
570,0.0013031217603527,0,0,0,0,0,0,0,0,0,0,42.6298720895421,42.6227537507433,113.259619776985,20,1.2,1e-4,11,198.51354873903077
600,0.00122052887384743,0,0,0,0,0,0,0,0,0,0,39.9731606477961,39.9671072878334,139.391704469355,21,1.2,1e-4,11,219.33319293385836
630,0.00108979772308946,0,0,0,0,0,0,0,0,0,0,35.6778548508461,35.6729297752695,159.069167785502,22,1.2,1e-4,11,230.4210422093407
660,9.709920258182e-4,0,0,0,0,0,0,0,0,0,0,31.7872170684657,31.7831893664666,173.189276261636,23,1.2,1e-4,11,236.76065368859412
690,8.6658999683539e-4,0,0,0,0,0,0,0,0,0,0,28.3662244425038,28.3628960114348,183.842509780523,24,1.2,1e-4,11,240.57249682445843
720,7.7829094973039e-4,0,0,0,0,0,0,0,0,0,0,25.4734905303251,25.4707002813544,192.058297865532,25,1.2,1e-4,11,243.00326696816126
750,7.0381549063397e-4,0,0,0,0,0,0,0,0,0,0,23.0336507910132,23.0312789013363,198.564768831117,26,1.2,1e-4,11,244.63040233895714
780,6.4083201895201e-4,0,0,0,0,0,0,0,0,0,0,20.9703741991528,20.9683318922249,203.826013636223,27,1.2,1e-4,11,245.76536055961964
810,5.8721098733742e-4,0,0,0,0,0,0,0,0,0,0,19.2138459355175,19.2120671478042,208.158040739224,28,1.2,1e-4,11,246.58454103353304
840,5.4120769703885e-4,0,0,0,0,0,0,0,0,0,0,17.7068948290465,17.7053297767787,211.780238290823,29,1.2,1e-4,11,247.19300410434525
870,5.0142625685952e-4,0,0,0,0,0,0,0,0,0,0,16.403780225561,16.4023908568436,214.849391350191,30,1.2,1e-4,11,247.65606385885246
900,4.6676071496643e-4,0,0,0,0,0,0,0,0,0,0,15.2682649462211,15.267021752417,217.480117925551,31,1.2,1e-4,11,248.01587138490407
930,4.3633428121014e-4,0,0,0,0,0,0,0,0,0,0,14.2716216273347,14.270501405463,219.757961789643,32,1.2,1e-4,11,248.3005211567219
960,4.0944862616808e-4,0,0,0,0,0,0,0,0,0,0,13.390970863466,13.3899551304287,221.747936080662,33,1.2,1e-4,11,248.52927152318284
990,3.8554382478262e-4,0,0,0,0,0,0,0,0,0,0,12.6079683289121,12.6070421836707,223.500256117433,34,1.2,1e-4,11,248.71565217384057
1020,3.6416752682017e-4,0,0,0,0,0,0,0,0,0,0,11.9077944380738,11.906945734182,225.054272142373,35,1.2,1e-4,11,248.86937648215562
1050,3.4495142459023e-4,0,0,0,0,0,0,0,0,0,0,11.2783832014793,11.2776019371507,226.441223435997,36,1.2,1e-4,11,248.99755352605158
1080,3.275933060685e-4,0,0,0,0,0,0,0,0,0,0,10.7098341455665,10.709112008177,227.686202884301,37,1.2,1e-4,11,249.10547663135057
1110,3.1184332244873e-4,0,0,0,0,0,0,0,0,0,0,10.1939623491439,10.1932923708071,228.809581992209,38,1.2,1e-4,11,249.19714855548244
1140,2.9749342313657e-4,0,0,0,0,0,0,0,0,0,0,9.72395227767085,9.72332857173,229.828060371031,39,1.2,1e-4,11,249.275638713855
1170,2.8436917407728e-4,0,0,0,0,0,0,0,0,0,0,9.29408971597797,9.29350727317521,230.755449474836,40,1.2,1e-4,11,249.34333083316326
1200,2.7232337668333e-4,0,0,0,0,0,0,0,0,0,0,8.89955270167406,8.89900723085054,231.603265379847,41,1.2,1e-4,11,249.40209763574828
1230,2.6123105476653e-4,0,0,0,0,0,0,0,0,0,0,8.53624728276274,8.53573508515956,232.381182414205,42,1.2,1e-4,11,249.45342601318208
1260,2.5098548754177e-4,0,0,0,0,0,0,0,0,0,0,8.20067755000854,8.20019541918644,233.097384071729,43,1.2,1e-4,11,249.49850802641154
1290,2.4149504803792e-4,0,0,0,0,0,0,0,0,0,0,7.88984205797176,7.88938719945685,233.758837193146,44,1.2,1e-4,11,249.53830794562265
1320,2.3268066597645e-4,0,0,0,0,0,0,0,0,0,0,7.60115070591506,7.60072067217439,234.371508187556,45,1.2,1e-4,11,249.57361224631143
1350,2.24473778219e-4,0,0,0,0,0,0,0,0,0,0,7.33235759296076,7.33195023039494,234.94053502155,46,1.2,1e-4,11,249.60506731868392
1380,2.1681466251558e-4,0,0,0,0,0,0,0,0,0,0,7.08150643114037,7.08111983657368,235.470365127357,47,1.2,1e-4,11,249.63320820973357
1410,2.0965107460086e-4,0,0,0,0,0,0,0,0,0,0,6.84688589674032,6.84651838147489,235.964866815741,48,1.2,1e-4,11,249.6584807450308
1440,2.0293712691821e-4,0,0,0,0,0,0,0,0,0,0,6.62699289774491,6.62664295768287,236.427419917967,49,1.2,1e-4,11,249.6812587105217
1470,1.9663236100916e-4,0,0,0,0,0,0,0,0,0,0,6.42050218598296,6.42016847664959,236.860990016249,50,1.2,1e-4,11,249.70185731124255
1500,1.9070097605663e-4,0,0,0,0,0,0,0,0,0,0,6.22624108498893,6.22592240053997,237.2681896113,51,1.2,1e-4,11,249.72054379780494
1530,1.8511118405912e-4,0,0,0,0,0,0,0,0,0,0,6.04316836634737,6.04286362183479,237.651328820041,52,1.2,1e-4,11,249.7375459194072
1560,1.7983466825985e-4,0,0,0,0,0,0,0,0,0,0,5.87035650867578,5.87006472499391,238.0124576269,53,1.2,1e-4,11,249.75305869523794
1590,1.748461262132e-4,0,0,0,0,0,0,0,0,0,0,5.70697672930761,5.70669702035618,238.353401278869,54,1.2,1e-4,11,249.767249874659
1620,1.7012288257734e-4,0,0,0,0,0,0,0,0,0,0,5.55228630016935,5.5520178618595,238.675790082663,55,1.2,1e-4,11,249.78026436757443
1650,1.6564455962577e-4,0,0,0,0,0,0,0,0,0,0,5.40561775448376,5.40535985528385,238.981084606067,56,1.2,1e-4,11,249.79222786039423
1680,1.6139279575851e-4,0,0,0,0,0,0,0,0,0,0,5.26636966589379,5.26612163866757,239.270597086397,57,1.2,1e-4,11,249.80324978375413
1710,1.5735100410673e-4,0,0,0,0,0,0,0,0,0,0,5.13399874099227,5.1337599759265,239.545509693151,58,1.2,1e-4,11,249.81342576107386
1740,1.5350416476798e-4,0,0,0,0,0,0,0,0,0,0,5.00801301354483,5.00778295199953,239.806890169172,59,1.2,1e-4,11,249.82283963888113
1770,1.498386453656e-4,0,0,0,0,0,0,0,0,0,0,4.88796596656208,4.88774409570476,240.055705277471,60,1.2,1e-4,11,249.8315651783832
1800,1.463420455555e-4,0,0,0,0,0,0,0,0,0,0,4.77345143884022,4.77323728694934,240.292832403312,61,1.2,1e-4,11,249.8396674711471
1830,1.4300306185504e-4,0,0,0,0,0,0,0,0,0,0,4.66409919721407,4.66389232955543,240.519069599199,62,1.2,1e-4,11,249.84720412903036
1860,1.3981136977936e-4,0,0,0,0,0,0,0,0,0,0,4.5595710757598,4.55937109095558,240.735144310352,63,1.2,1e-4,11,249.85422628843716
1890,1.3675752076799e-4,0,0,0,0,0,0,0,0,0,0,4.45955759949169,4.45936412631408,240.941720977903,64,1.2,1e-4,11,249.86077946122955
1920,1.3383285179235e-4,0,0,0,0,0,0,0,0,0,0,4.3637750234511,4.36358771798348,241.139407684093,65,1.2,1e-4,11,249.86690425837935
1950,1.3102940586995e-4,0,0,0,0,0,0,0,0,0,0,4.27196272906866,4.27178127218553,241.32876197696,66,1.2,1e-4,11,249.87263700762006
1980,1.2833986198788e-4,0,0,0,0,0,0,0,0,0,0,4.18388092874628,4.18370502387072,241.510295989946,67,1.2,1e-4,11,249.87801028242498
0,250,0,0,0,0,0,0,0,0,0,0,0,0,0,1,1.2,1e-4,12,250
30,250.000322400697,0,0,0,0,0,0,0,0,0,0,0,0,0,2,1.2,1e-4,12,250.000322400697
60,250.000090984018,0,0,0,0,0,0,0,0,0,0,0,0,0,3,1.2,1e-4,12,250.000090984018
90,250.000018876751,0,0,0,0,0,0,0,0,0,0,0,0,0,4,1.2,1e-4,12,250.000018876751
120,206.481115099398,0,0,0,0,0,0,0,0,0,0,54.0633524380301,54.0633524380301,0.0132757837972,5,1.2,1e-4,12,314.6210957592554
150,113.912961968456,0,0,0,0,0,0,0,0,0,0,88.0242983856654,88.0229664446679,0.0407072381462056,6,1.2,1e-4,12,290.0009340369355
180,57.3555901943069,0,0,0,0,0,0,0,0,0,0,92.3648923496847,92.3623422932494,0.0828721070704942,7,1.2,1e-4,12,242.1656969443115
210,25.4153665839415,0,0,0,0,0,0,0,0,0,0,84.280452008867,84.277631170181,0.144865458083328,8,1.2,1e-4,12,194.11831522107283
240,9.28737795545615,0,0,0,0,0,0,0,0,0,0,71.7025340164492,71.7003246360819,0.233014384368413,9,1.2,1e-4,12,152.92325099235566
270,2.6192735445277,0,0,0,0,0,0,0,0,0,0,60.2106756282399,60.209408785776,0.354745810991649,10,1.2,1e-4,12,123.39410376953525
300,0.548480201234871,0,0,0,0,0,0,0,0,0,0,53.1150849198079,53.1145283657993,0.517678719645811,11,1.2,1e-4,12,107.29577220648788
330,0.0942421608839735,0,0,0,0,0,0,0,0,0,0,50.4057629352299,50.4054964686315,0.734264573451152,12,1.2,1e-4,12,101.63976613819652
360,0.0173509618505978,0,0,0,0,0,0,0,0,0,0,50.0384495048668,50.0382113073008,1.02673119130619,13,1.2,1e-4,12,101.12074296532438
390,0.00379226194447881,0,0,0,0,0,0,0,0,0,0,50.4583961286291,50.4580921822195,1.42217008830606,14,1.2,1e-4,12,102.34245066109914
420,9.1528794867173e-4,0,0,0,0,0,0,0,0,0,0,51.1758560230872,51.1754482926596,1.95268502590728,15,1.2,1e-4,12,104.30490462960276
450,2.3951825943203e-4,0,0,0,0,0,0,0,0,0,0,52.1255386204559,52.1249959581924,2.66054127370658,16,1.2,1e-4,12,106.91131537061432
480,1.3276480678335e-4,0,0,0,0,0,0,0,0,0,0,15.2772495613078,15.2752710067034,2.76279449611254,17,1.2,1e-4,12,33.31544782893052
510,1.2832628295234e-4,0,0,0,0,0,0,0,0,0,0,18.6953618693806,18.6918754441174,14.9852951569846,18,1.2,1e-4,12,52.37266079676555
540,2.7042754327785e-4,0,0,0,0,0,0,0,0,0,0,36.1962270822257,36.1893360281815,41.7824803419239,19,1.2,1e-4,12,114.16831387987438
570,3.2206617887864e-4,0,0,0,0,0,0,0,0,0,0,43.8268531347109,43.8189960712632,81.3367924844572,20,1.2,1e-4,12,168.9829637566102
600,3.132993122423e-4,0,0,0,0,0,0,0,0,0,0,42.4622484040435,42.4552598482706,117.380544067125,21,1.2,1e-4,12,202.29836561875135
630,2.9053320372991e-4,0,0,0,0,0,0,0,0,0,0,39.4103823688844,39.4044969515926,142.4615488177,22,1.2,1e-4,12,221.2767186713807
660,2.5908306867646e-4,0,0,0,0,0,0,0,0,0,0,35.1328912199654,35.1281044224417,161.234588233436,23,1.2,1e-4,12,231.49584295891177
690,2.307974760458e-4,0,0,0,0,0,0,0,0,0,0,31.2957115184772,31.2917927023896,174.800925591088,24,1.2,1e-4,12,237.38866060943084
720,2.0613119333151e-4,0,0,0,0,0,0,0,0,0,0,27.9479743745997,27.9447297531736,185.07080042826,25,1.2,1e-4,12,240.9637106872266
750,1.8529545975834e-4,0,0,0,0,0,0,0,0,0,0,25.1206155673616,25.1178902736777,193.02153748981,26,1.2,1e-4,12,243.26022862630904
780,1.6772129036695e-4,0,0,0,0,0,0,0,0,0,0,22.7358742344525,22.7335533259626,199.33727223448,27,1.2,1e-4,12,244.80686751618546
810,1.5284758773433e-4,0,0,0,0,0,0,0,0,0,0,20.7176476954034,20.7156460048061,204.457641259696,28,1.2,1e-4,12,245.89108780749325
840,1.4017221061565e-4,0,0,0,0,0,0,0,0,0,0,18.9977543767076,18.9960084298943,208.683007924641,29,1.2,1e-4,12,246.67691090345352
870,1.2928597392428e-4,0,0,0,0,0,0,0,0,0,0,17.5206562568691,17.5191181301246,212.222742427253,30,1.2,1e-4,12,247.26264610022062
900,1.1986218578752e-4,0,0,0,0,0,0,0,0,0,0,16.2420128093309,16.2406457991164,215.226963415309,31,1.2,1e-4,12,247.7097418859421
930,1.1164209331224e-4,0,0,0,0,0,0,0,0,0,0,15.1267069607407,15.1254825487081,217.805737937085,32,1.2,1e-4,12,248.0580390886271
960,1.0442046874682e-4,0,0,0,0,0,0,0,0,0,0,14.1468869718212,14.145782692648,220.041424958405,33,1.2,1e-4,12,248.33419904334295
990,9.80337230891434e-5,0,0,0,0,0,0,0,0,0,0,13.2803527012474,13.2793506291174,221.996760360354,34,1.2,1e-4,12,248.55656172444188
1020,9.23505609276554e-5,0,0,0,0,0,0,0,0,0,0,12.5092869485463,12.5083726091767,223.720299390684,35,1.2,1e-4,12,248.73805129896795
1050,8.72648010619143e-5,0,0,0,0,0,0,0,0,0,0,11.8192809200591,11.8184424980047,225.250161029551,36,1.2,1e-4,12,248.88797171241586
1080,8.26898989559176e-5,0,0,0,0,0,0,0,0,0,0,11.1985907487175,11.1978185020034,226.616656992894,37,1.2,1e-4,12,249.01314893351386
1110,7.8554768211659e-5,0,0,0,0,0,0,0,0,0,0,10.6375703616028,10.6368561838087,227.844171460177,38,1.2,1e-4,12,249.1186765603567
1140,7.4800581248523e-5,0,0,0,0,0,0,0,0,0,0,10.1282372677432,10.1275743563297,228.952527456135,39,1.2,1e-4,12,249.20841388078912
1170,7.13783058671536e-5,0,0,0,0,0,0,0,0,0,0,9.663938231072,9.66332083323494,229.957995113792,40,1.2,1e-4,12,249.2853255564048
1200,6.82467957555943e-5,0,0,0,0,0,0,0,0,0,0,9.23909012909639,9.23851334489477,230.874045964748,41,1.2,1e-4,12,249.3517176855349
1230,6.5371299782502e-5,0,0,0,0,0,0,0,0,0,0,8.84897765071805,8.84843727900524,231.711924378943,42,1.2,1e-4,12,249.40940467996606
1260,6.27222897277597e-5,0,0,0,0,0,0,0,0,0,0,8.48959421205438,8.48908662875375,232.48108552209,43,1.2,1e-4,12,249.45982908518786
1290,6.02745317332327e-5,0,0,0,0,0,0,0,0,0,0,8.15751594882584,8.1570380099012,233.189534616732,44,1.2,1e-4,12,249.50414884999077
1320,5.80063455780857e-5,0,0,0,0,0,0,0,0,0,0,7.84980119883236,7.84935016229762,233.844092360177,45,1.2,1e-4,12,249.54330172765256
1350,5.58990097201348e-5,0,0,0,0,0,0,0,0,0,0,7.56390976626349,7.56348322900625,234.450604485468,46,1.2,1e-4,12,249.57805337974747
1380,5.39362802536194e-5,0,0,0,0,0,0,0,0,0,0,7.29763764527106,7.29723349150232,235.014108638188,47,1.2,1e-4,12,249.60903371124164
1410,5.2103999503425e-5,0,0,0,0,0,0,0,0,0,0,7.0490639076474,7.0486802665494,235.53896832435,48,1.2,1e-4,12,249.63676460254632
1440,5.03897756210757e-5,0,0,0,0,0,0,0,0,0,0,6.81650722565213,6.81614243635941,236.028981229051,49,1.2,1e-4,12,249.66168128083817
1470,4.8782718784265e-5,0,0,0,0,0,0,0,0,0,0,6.59849007600519,6.59814265847381,236.487467421312,50,1.2,1e-4,12,249.6841489385098
1500,4.72732228014588e-5,0,0,0,0,0,0,0,0,0,0,6.39370910532727,6.39337773596438,236.917341650403,51,1.2,1e-4,12,249.70447576491745
1530,4.58527833556226e-5,0,0,0,0,0,0,0,0,0,0,6.2010104674379,6.20069395860406,237.32117296753,52,1.2,1e-4,12,249.72292324635532
1560,4.45138459823569e-5,0,0,0,0,0,0,0,0,0,0,6.01936919551346,6.01906647819509,237.701234179735,53,1.2,1e-4,12,249.73971436728954
1590,4.32496783109165e-5,0,0,0,0,0,0,0,0,0,0,5.8478718666066,5.847581975698,238.059543094054,54,1.2,1e-4,12,249.7550401860369
1620,4.20542622070562e-5,0,0,0,0,0,0,0,0,0,0,5.68570196672786,5.68542402847309,238.397897092227,55,1.2,1e-4,12,249.76906514169016
1650,4.09222023222675e-5,0,0,0,0,0,0,0,0,0,0,5.53212748216061,5.53186070339231,238.717902255864,56,1.2,1e-4,12,249.78193136361924
1680,3.98486482326895e-5,0,0,0,0,0,0,0,0,0,0,5.38649033478651,5.38623399366677,239.020998014376,57,1.2,1e-4,12,249.79376219147753
1710,3.88292278861733e-5,0,0,0,0,0,0,0,0,0,0,5.2481973518257,5.24795078984861,239.308478095367,58,1.2,1e-4,12,249.8046650662692
1740,3.78599905003065e-5,0,0,0,0,0,0,0,0,0,0,5.11671251797876,5.11647513303715,239.581508406293,59,1.2,1e-4,12,249.81473391729944
1770,3.69373573924087e-5,0,0,0,0,0,0,0,0,0,0,4.99155030385143,4.9913215442051,239.841142357304,60,1.2,1e-4,12,249.8240511427179
1800,3.60580794934413e-5,0,0,0,0,0,0,0,0,0,0,4.87226990130866,4.87204926031942,240.08833404091,61,1.2,1e-4,12,249.8326892606176
1830,3.52192005158744e-5,0,0,0,0,0,0,0,0,0,0,4.75847022600054,4.7582572375218,240.323949608968,62,1.2,1e-4,12,249.84071229169086
1860,3.44180249219616e-5,0,0,0,0,0,0,0,0,0,0,4.64978557123986,4.64957980556709,240.548777127195,63,1.2,1e-4,12,249.84817692202688
1890,3.3652089982186e-5,0,0,0,0,0,0,0,0,0,0,4.54588181685926,4.54568287716284,240.763535138909,64,1.2,1e-4,12,249.85513348502107
1920,3.29191413306059e-5,0,0,0,0,0,0,0,0,0,0,4.44645311254637,4.44626063172044,240.96888013035,65,1.2,1e-4,12,249.86162679375812
1950,3.22171115196592e-5,0,0,0,0,0,0,0,0,0,0,4.35121896815969,4.35103260603112,241.165413057967,66,1.2,1e-4,12,249.86769684926932
1980,3.15441011558454e-5,0,0,0,0,0,0,0,0,0,0,4.25992169422832,4.25974113507834,241.353685071911,67,1.2,1e-4,12,249.87337944531882
0,250,0,0,0,0,0,0,0,0,0,0,0,0,0,1,1.2,1e-4,13,250
30,250.000322400697,0,0,0,0,0,0,0,0,0,0,0,0,0,2,1.2,1e-4,13,250.000322400697
60,250.000090984018,0,0,0,0,0,0,0,0,0,0,0,0,0,3,1.2,1e-4,13,250.000090984018
90,250.000018876751,0,0,0,0,0,0,0,0,0,0,0,0,0,4,1.2,1e-4,13,250.000018876751
120,206.481115099398,0,0,0,0,0,0,0,0,0,0,54.0633524380301,54.0633524380301,0.0132757837972,5,1.2,1e-4,13,314.6210957592554
150,113.912961968456,0,0,0,0,0,0,0,0,0,0,88.0242983856654,88.0229664446679,0.0407072381462056,6,1.2,1e-4,13,290.0009340369355
180,57.3555901943069,0,0,0,0,0,0,0,0,0,0,92.3648923496847,92.3623422932494,0.0828721070704942,7,1.2,1e-4,13,242.1656969443115
210,25.4153665839415,0,0,0,0,0,0,0,0,0,0,84.280452008867,84.277631170181,0.144865458083328,8,1.2,1e-4,13,194.11831522107283
240,9.28737795545615,0,0,0,0,0,0,0,0,0,0,71.7025340164492,71.7003246360819,0.233014384368413,9,1.2,1e-4,13,152.92325099235566
270,2.6192735445277,0,0,0,0,0,0,0,0,0,0,60.2106756282399,60.209408785776,0.354745810991649,10,1.2,1e-4,13,123.39410376953525
300,0.548480201234871,0,0,0,0,0,0,0,0,0,0,53.1150849198079,53.1145283657993,0.517678719645811,11,1.2,1e-4,13,107.29577220648788
330,0.0942421608839735,0,0,0,0,0,0,0,0,0,0,50.4057629352299,50.4054964686315,0.734264573451152,12,1.2,1e-4,13,101.63976613819652
360,0.0173509618505978,0,0,0,0,0,0,0,0,0,0,50.0384495048668,50.0382113073008,1.02673119130619,13,1.2,1e-4,13,101.12074296532438
390,0.00379226194447881,0,0,0,0,0,0,0,0,0,0,50.4583961286291,50.4580921822195,1.42217008830606,14,1.2,1e-4,13,102.34245066109914
420,9.1528794867173e-4,0,0,0,0,0,0,0,0,0,0,51.1758560230872,51.1754482926596,1.95268502590728,15,1.2,1e-4,13,104.30490462960276
450,2.3951825943203e-4,0,0,0,0,0,0,0,0,0,0,52.1255386204559,52.1249959581924,2.66054127370658,16,1.2,1e-4,13,106.91131537061432
480,6.83796585691196e-5,0,0,0,0,0,0,0,0,0,0,53.3296989726119,53.3289873655011,3.59920985597939,17,1.2,1e-4,13,110.25796457375095
510,4.06415642020782e-5,0,0,0,0,0,0,0,0,0,0,18.2461047114691,18.243670967632,3.85089098598361,18,1.2,1e-4,13,40.340707306648916
540,3.98052043454474e-5,0,0,0,0,0,0,0,0,0,0,21.7839846456614,21.7799425375024,19.053965538156,19,1.2,1e-4,13,62.61793252652414
570,7.49680440535307e-5,0,0,0,0,0,0,0,0,0,0,38.3390261647373,38.3318029028932,47.7006729108391,20,1.2,1e-4,13,124.37157694651366
600,8.51102903119253e-5,0,0,0,0,0,0,0,0,0,0,44.0869617234932,44.0791614969006,87.0844543080176,21,1.2,1e-4,13,175.2506626387017
630,8.17332591743941e-5,0,0,0,0,0,0,0,0,0,0,42.2048933991109,42.19805194245,121.38372954981,22,1.2,1e-4,13,205.78675662463007
660,7.51467446883587e-5,0,0,0,0,0,0,0,0,0,0,38.828763931607,38.8230489041713,145.435908648074,23,1.2,1e-4,13,223.08779663059698
690,6.69478025217347e-5,0,0,0,0,0,0,0,0,0,0,34.5828250765096,34.5781764819829,163.346594233095,24,1.2,1e-4,13,232.50766273939
720,5.96382542393719e-5,0,0,0,0,0,0,0,0,0,0,30.8051759482264,30.8013653763558,176.379240615096,25,1.2,1e-4,13,237.98584157793243
750,5.3306382332576e-5,0,0,0,0,0,0,0,0,0,0,27.5316320842112,27.5284708209571,186.278641439868,26,1.2,1e-4,13,241.33879765141864
780,4.79629151953865e-5,0,0,0,0,0,0,0,0,0,0,24.7694951379684,24.7668345894364,193.971876639675,27,1.2,1e-4,13,243.508254329995
810,4.34551816893498e-5,0,0,0,0,0,0,0,0,0,0,22.4394019967351,22.437132046799,200.101553715998,28,1.2,1e-4,13,244.97813121471378
840,3.96369469588296e-5,0,0,0,0,0,0,0,0,0,0,20.46578434722,20.4638233742954,205.084014694937,29,1.2,1e-4,13,246.01366205339937
870,3.63796809797375e-5,0,0,0,0,0,0,0,0,0,0,18.782165711816,18.7804527830348,209.204651315802,30,1.2,1e-4,13,246.76730619033378
900,3.35791357848851e-5,0,0,0,0,0,0,0,0,0,0,17.3346464244787,17.333135443443,212.663203461181,31,1.2,1e-4,13,247.3310189082385
930,3.11522320540098e-5,0,0,0,0,0,0,0,0,0,0,16.0802727564046,16.07892834668,215.603355133519,32,1.2,1e-4,13,247.76258738883564
960,2.90331789968313e-5,0,0,0,0,0,0,0,0,0,0,14.9850316418665,14.9838262619337,218.13076538766,33,1.2,1e-4,13,248.0996523246392
990,2.71697681365326e-5,0,0,0,0,0,0,0,0,0,0,14.0219329233251,14.0208448371613,220.324698873284,34,1.2,1e-4,13,248.36750380353854
1020,2.55203477076441e-5,0,0,0,0,0,0,0,0,0,0,13.1694446284866,13.1684564624929,222.245672865574,35,1.2,1e-4,13,248.5835994769012
1050,2.40514544150857e-5,0,0,0,0,0,0,0,0,0,0,12.410268283526,12.4093659872234,223.940621335641,36,1.2,1e-4,13,248.76027965784482
1080,2.27359969459955e-5,0,0,0,0,0,0,0,0,0,0,11.7303996487833,11.7295717361271,225.446458129556,37,1.2,1e-4,13,248.90645225046333
1110,2.15518705354875e-5,0,0,0,0,0,0,0,0,0,0,11.1184123848061,11.1176493728905,226.792585277945,38,1.2,1e-4,13,249.02866858751213
1140,2.04808997417833e-5,0,0,0,0,0,0,0,0,0,0,10.564911444342,10.5642054327494,228.002690661375,39,1.2,1e-4,13,249.13182801936614
1170,1.95080284210057e-5,0,0,0,0,0,0,0,0,0,0,10.0621142877092,10.0614586393803,229.096057542036,40,1.2,1e-4,13,249.21964997715392
1200,1.86206954767205e-5,0,0,0,0,0,0,0,0,0,0,9.60352815415633,9.60291725047404,230.088532766434,41,1.2,1e-4,13,249.29499679175987
1230,1.78083505182372e-5,0,0,0,0,0,0,0,0,0,0,9.18369967063776,9.18312872142715,230.993252383057,42,1.2,1e-4,13,249.36009858347245
1260,1.70620753680627e-5,0,0,0,0,0,0,0,0,0,0,8.79801918607071,8.79748408070515,231.821192264279,43,1.2,1e-4,13,249.41671259313023
1290,1.63742861242267e-5,0,0,0,0,0,0,0,0,0,0,8.44256675230822,8.4420639419238,232.581590748332,44,1.2,1e-4,13,249.46623781685014
1320,1.5738496933645e-5,0,0,0,0,0,0,0,0,0,0,8.11399000877664,8.11351641227052,233.282276494931,45,1.2,1e-4,13,249.5097986544751
1350,1.51491313690519e-5,0,0,0,0,0,0,0,0,0,0,7.80940667687938,7.80895960526946,233.929925313171,46,1.2,1e-4,13,249.5483067444512
1380,1.46013707853501e-5,0,0,0,0,0,0,0,0,0,0,7.52632617139155,7.52590326647984,234.530263184791,47,1.2,1e-4,13,249.58250722403318
1410,1.40910316027815e-5,0,0,0,0,0,0,0,0,0,0,7.26258616569136,7.26218534996616,235.088228116453,48,1.2,1e-4,13,249.61301372314213
1440,1.36144653725078e-5,0,0,0,0,0,0,0,0,0,0,7.01630093426613,7.0159203697056,235.608100190773,49,1.2,1e-4,13,249.6403351092101
1470,1.31684769044565e-5,0,0,0,0,0,0,0,0,0,0,6.78581903230222,6.7854570862818004,236.093606836864,50,1.2,1e-4,13,249.66489612392493
1500,1.27502568070512e-5,0,0,0,0,0,0,0,0,0,0,6.56968842524137,6.56934364215075,236.548008631857,51,1.2,1e-4,13,249.68705344950592
1530,1.23573255971548e-5,0,0,0,0,0,0,0,0,0,0,6.36662759928119,6.36629867676124,236.974169688078,52,1.2,1e-4,13,249.70710832144604
1560,1.19874871538895e-5,0,0,0,0,0,0,0,0,0,0,6.17550150191685,6.17518727085859,237.374615747421,53,1.2,1e-4,13,249.72531650768357
1590,1.16387897612351e-5,0,0,0,0,0,0,0,0,0,0,5.99530140523934,5.99500081286468,237.751582405284,54,1.2,1e-4,13,249.7418962621778
1620,1.13094933474863e-5,0,0,0,0,0,0,0,0,0,0,5.82512797245518,5.82484006793651,238.107055357991,55,1.2,1e-4,13,249.75703470787602
1650,1.09980418112788e-5,0,0,0,0,0,0,0,0,0,0,5.66417695368473,5.66390087586741,238.442804164984,56,1.2,1e-4,13,249.77089299257796
1680,1.07030395436092e-5,0,0,0,0,0,0,0,0,0,0,5.51172705067784,5.51146201755343,238.760410707935,57,1.2,1e-4,13,249.7836104792058
1710,1.04232314276836e-5,0,0,0,0,0,0,0,0,0,0,5.36712957921215,5.36687487885597,239.061293289762,58,1.2,1e-4,13,249.79530817106155
1740,1.0157485734484e-5,0,0,0,0,0,0,0,0,0,0,5.22979962827133,5.22955461101085,239.346727130377,59,1.2,1e-4,13,249.8060915271449
1770,9.9047794398903e-6,0,0,0,0,0,0,0,0,0,0,5.09920847090341,5.09897254252537,239.617861869966,60,1.2,1e-4,13,249.8160527881742
1800,9.6641855752985e-6,0,0,0,0,0,0,0,0,0,0,4.97487702616742,4.9746496420055,239.875736575493,61,1.2,1e-4,13,249.82527290785148
1830,9.4348622926928e-6,0,0,0,0,0,0,0,0,0,0,4.85637020725496,4.85615086702657,240.121292654755,62,1.2,1e-4,13,249.8338231638988
1860,9.21604338073199e-6,0,0,0,0,0,0,0,0,0,0,4.74329201961355,4.74308026289677,240.355385009403,63,1.2,1e-4,13,249.8417665079567
1890,9.00703001340478e-6,0,0,0,0,0,0,0,0,0,0,4.63528129615872,4.63507669841774,240.578791699885,64,1.2,1e-4,13,249.84915870149146
1920,8.80718354939082e-6,0,0,0,0,0,0,0,0,0,0,4.53200797557016,4.53181014465282,240.792222348111,65,1.2,1e-4,13,249.85604927551753
1950,8.61591923013248e-6,0,0,0,0,0,0,0,0,0,0,4.43316984510756,4.43297841815016,240.996325465409,66,1.2,1e-4,13,249.86248234458594
1980,8.43270064911218e-6,0,0,0,0,0,0,0,0,0,0,4.33848968203983,4.33830432272482,241.191694862284,67,1.2,1e-4,13,249.86849729974932
0,250,0,0,0,0,0,0,0,0,0,0,0,0,0,1,1.2,1e-4,14,250
30,250.000322400697,0,0,0,0,0,0,0,0,0,0,0,0,0,2,1.2,1e-4,14,250.000322400697
60,250.000090984018,0,0,0,0,0,0,0,0,0,0,0,0,0,3,1.2,1e-4,14,250.000090984018
90,250.000018876751,0,0,0,0,0,0,0,0,0,0,0,0,0,4,1.2,1e-4,14,250.000018876751
120,206.481115099398,0,0,0,0,0,0,0,0,0,0,54.0633524380301,54.0633524380301,0.0132757837972,5,1.2,1e-4,14,314.6210957592554
150,113.912961968456,0,0,0,0,0,0,0,0,0,0,88.0242983856654,88.0229664446679,0.0407072381462056,6,1.2,1e-4,14,290.0009340369355
180,57.3555901943069,0,0,0,0,0,0,0,0,0,0,92.3648923496847,92.3623422932494,0.0828721070704942,7,1.2,1e-4,14,242.1656969443115
210,25.4153665839415,0,0,0,0,0,0,0,0,0,0,84.280452008867,84.277631170181,0.144865458083328,8,1.2,1e-4,14,194.11831522107283
240,9.28737795545615,0,0,0,0,0,0,0,0,0,0,71.7025340164492,71.7003246360819,0.233014384368413,9,1.2,1e-4,14,152.92325099235566
270,2.6192735445277,0,0,0,0,0,0,0,0,0,0,60.2106756282399,60.209408785776,0.354745810991649,10,1.2,1e-4,14,123.39410376953525
300,0.548480201234871,0,0,0,0,0,0,0,0,0,0,53.1150849198079,53.1145283657993,0.517678719645811,11,1.2,1e-4,14,107.29577220648788
330,0.0942421608839735,0,0,0,0,0,0,0,0,0,0,50.4057629352299,50.4054964686315,0.734264573451152,12,1.2,1e-4,14,101.63976613819652
360,0.0173509618505978,0,0,0,0,0,0,0,0,0,0,50.0384495048668,50.0382113073008,1.02673119130619,13,1.2,1e-4,14,101.12074296532438
390,0.00379226194447881,0,0,0,0,0,0,0,0,0,0,50.4583961286291,50.4580921822195,1.42217008830606,14,1.2,1e-4,14,102.34245066109914
420,9.1528794867173e-4,0,0,0,0,0,0,0,0,0,0,51.1758560230872,51.1754482926596,1.95268502590728,15,1.2,1e-4,14,104.30490462960276
450,2.3951825943203e-4,0,0,0,0,0,0,0,0,0,0,52.1255386204559,52.1249959581924,2.66054127370658,16,1.2,1e-4,14,106.91131537061432
480,6.83796585691196e-5,0,0,0,0,0,0,0,0,0,0,53.3296989726119,53.3289873655011,3.59920985597939,17,1.2,1e-4,14,110.25796457375095
510,2.11969242021173e-5,0,0,0,0,0,0,0,0,0,0,54.8208716860626,54.8199538480731,4.83175520960296,18,1.2,1e-4,14,114.47260194066287
540,1.33416518361486e-5,0,0,0,0,0,0,0,0,0,0,21.5287068561729,21.5257808175518,5.31130827896924,19,1.2,1e-4,14,48.36580929434578
570,1.30991344249115e-5,0,0,0,0,0,0,0,0,0,0,24.8975446935461,24.8929576557712,23.6379507607804,20,1.2,1e-4,14,73.42846620923213
600,2.23121684310603e-5,0,0,0,0,0,0,0,0,0,0,40.1949758914398,40.1874941944118,53.7320892067634,21,1.2,1e-4,14,134.11458160478344
630,2.42839957361904e-5,0,0,0,0,0,0,0,0,0,0,44.1849900727774,44.1772844946499,92.6954359571982,22,1.2,1e-4,14,181.05773480862123
660,2.30675959328359e-5,0,0,0,0,0,0,0,0,0,0,41.8676762643421,41.8609973284956,125.275804806558,23,1.2,1e-4,14,209.00450146699163
690,2.10540459773586e-5,0,0,0,0,0,0,0,0,0,0,38.2317000065145,38.2261575464034,148.319358024649,24,1.2,1e-4,14,224.77723663161288
720,1.87440055018476e-5,0,0,0,0,0,0,0,0,0,0,34.0288034035997,34.024293092702,165.407835082225,25,1.2,1e-4,14,233.46095032253223
750,1.66999650821807e-5,0,0,0,0,0,0,0,0,0,0,30.3159481011711,30.3122453822925,177.925819281764,26,1.2,1e-4,14,238.55402946519268
780,1.49394908261272e-5,0,0,0,0,0,0,0,0,0,0,27.1172834035152,27.1142052853199,187.467058992315,27,1.2,1e-4,14,241.69856262064093
810,1.34548551052134e-5,0,0,0,0,0,0,0,0,0,0,24.4201406903752,24.4175448835175,194.910024520286,28,1.2,1e-4,14,243.7477235490338
840,1.2202058776604e-5,0,0,0,0,0,0,0,0,0,0,22.1442236148084,22.1420047774245,200.858142647702,29,1.2,1e-4,14,245.1443832419937
870,1.11399423137817e-5,0,0,0,0,0,0,0,0,0,0,20.2147704661076,20.212850463944,205.705551337726,30,1.2,1e-4,14,246.1331834077199
900,1.02329025229602e-5,0,0,0,0,0,0,0,0,0,0,18.5670680931475,18.5653884913485,209.723315177868,31,1.2,1e-4,14,246.8557819952665
930,9.45217932110055e-6,0,0,0,0,0,0,0,0,0,0,17.1488565236395,17.147373024315,213.101914959577,32,1.2,1e-4,14,247.3981539597108
960,8.77488855825302e-6,0,0,0,0,0,0,0,0,0,0,15.9185541422894,15.9172326778595,215.978823238977,33,1.2,1e-4,14,247.81461883401445
990,8.18290886728854e-6,0,0,0,0,0,0,0,0,0,0,14.8432354760871,14.842049470688,218.455429082118,34,1.2,1e-4,14,248.14072221180197
1020,7.6618514645886e-6,0,0,0,0,0,0,0,0,0,0,13.8967578917023,13.895686332012,220.607990382186,35,1.2,1e-4,14,248.40044226775174
1050,7.20022658743541e-6,0,0,0,0,0,0,0,0,0,0,13.0582465671318,13.0572726280792,222.494862647983,36,1.2,1e-4,14,248.6103890434206
1080,6.78879364459403e-6,0,0,0,0,0,0,0,0,0,0,12.3109134437659,12.3100234968166,224.161396211846,37,1.2,1e-4,14,248.78233994122215
1110,6.42006345613472e-6,0,0,0,0,0,0,0,0,0,0,11.6411526734501,11.6403355612386,225.643325150401,38,1.2,1e-4,14,248.92481980515316
1140,6.08791869631833e-6,0,0,0,0,0,0,0,0,0,0,11.0378509088581,11.0370974075241,226.969159168342,39,1.2,1e-4,14,249.0441135726429
1170,5.78732413670921e-6,0,0,0,0,0,0,0,0,0,0,10.4918607982308,10.4911632137519,228.161901890396,40,1.2,1e-4,14,249.14493168970284
1200,5.5141044779996e-6,0,0,0,0,0,0,0,0,0,0,9.9955973075516,9.99494916897843,229.240305270934,41,1.2,1e-4,14,249.2308572615685
1230,5.26477298046463e-6,0,0,0,0,0,0,0,0,0,0,9.54272635288083,9.54212217653701,230.219798867156,42,1.2,1e-4,14,249.3046526613468
1260,5.03639837137438e-6,0,0,0,0,0,0,0,0,0,0,9.12792298569329,9.12735809197561,231.113187536312,43,1.2,1e-4,14,249.3684736503793
1290,4.82650073321158e-6,0,0,0,0,0,0,0,0,0,0,8.74668223732687,8.74615260694231,231.931181747644,44,1.2,1e-4,14,249.4240214184139
1320,4.63296946691941e-6,0,0,0,0,0,0,0,0,0,0,8.39517007332249,8.39467223341431,232.682805256556,45,1.2,1e-4,14,249.4726521962623
1350,4.45399818239375e-6,0,0,0,0,0,0,0,0,0,0,8.07010510345334,8.06963603661193,233.375711795733,46,1.2,1e-4,14,249.51545738979644
1380,4.28803265932293e-6,0,0,0,0,0,0,0,0,0,0,7.76866403919583,7.76822111015986,234.016433481932,47,1.2,1e-4,14,249.55332291932035
1410,4.133728971255e-6,0,0,0,0,0,0,0,0,0,0,7.4884056163577,7.48798651251359,234.610577421168,48,1.2,1e-4,14,249.58697368376826
1440,3.9899195674007e-6,0,0,0,0,0,0,0,0,0,0,7.22720897554724,7.22681165828298,235.162982622053,49,1.2,1e-4,14,249.61700724580277
1470,3.85558562771976e-6,0,0,0,0,0,0,0,0,0,0,6.98322343994872,6.98284610461422,235.677846211701,50,1.2,1e-4,14,249.64391961184955
1500,3.7298343960766e-6,0,0,0,0,0,0,0,0,0,0,6.75482733713329,6.75446837987611,236.158825703038,51,1.2,1e-4,14,249.66812514988177
1530,3.61188048886857e-6,0,0,0,0,0,0,0,0,0,0,6.54059404332099,6.54025203345368,236.609122425899,52,1.2,1e-4,14,249.68997211455414
1560,3.50103039793921e-6,0,0,0,0,0,0,0,0,0,0,6.33926383080234,6.33893748764969,237.031550029292,53,1.2,1e-4,14,249.70975484877442
1590,3.39666957521063e-6,0,0,0,0,0,0,0,0,0,0,6.14972040560158,6.1494085789991,237.428591066435,54,1.2,1e-4,14,249.72772344770524
1620,3.29825161571731e-6,0,0,0,0,0,0,0,0,0,0,5.97097125729511,5.97067291108094,237.802444002125,55,1.2,1e-4,14,249.74409146875266
1650,3.20528915542134e-6,0,0,0,0,0,0,0,0,0,0,5.80213112403595,5.8018453220109,238.155062473463,56,1.2,1e-4,14,249.759042124799
1680,3.1173461775666e-6,0,0,0,0,0,0,0,0,0,0,5.64240801641833,5.64213391035156,238.488188247078,57,1.2,1e-4,14,249.77273329119407
1710,3.0340314817449e-6,0,0,0,0,0,0,0,0,0,0,5.49109135358104,5.49082817292002,238.803379017858,58,1.2,1e-4,14,249.78530157839054
1740,2.95499311729359e-6,0,0,0,0,0,0,0,0,0,0,5.34754185114875,5.34728889415585,239.10203196337,59,1.2,1e-4,14,249.79686566366772
1770,2.87991362011412e-6,0,0,0,0,0,0,0,0,0,0,5.21118286868502,5.21093949477375,239.385403788214,60,1.2,1e-4,14,249.8075290315864
1800,2.80850592175287e-6,0,0,0,0,0,0,0,0,0,0,5.08149297838377,5.08125860146819,239.654627851404,61,1.2,1e-4,14,249.81738223976188
1830,2.74050982333302e-6,0,0,0,0,0,0,0,0,0,0,4.9579995598679,4.95777364257131,239.910728858406,62,1.2,1e-4,14,249.82650480135504
1860,2.67568894597567e-6,0,0,0,0,0,0,0,0,0,0,4.84027326057203,4.84005530916723,240.154635510994,63,1.2,1e-4,14,249.8349667564222
1890,2.6138280847036e-6,0,0,0,0,0,0,0,0,0,0,4.72792318908277,4.72771274905756,240.38719143739,64,1.2,1e-4,14,249.8428299893584
1920,2.55473090525664e-6,0,0,0,0,0,0,0,0,0,0,4.62059273140048,4.62038938355951,240.609164668443,65,1.2,1e-4,14,249.8501493381339
1950,2.49821793336296e-6,0,0,0,0,0,0,0,0,0,0,4.51795589846427,4.51775925549229,240.821255879819,66,1.2,1e-4,14,249.8569735319935
1980,2.44412479427504e-6,0,0,0,0,0,0,0,0,0,0,4.41971412829479,4.41952383171862,241.024105583054,67,1.2,1e-4,14,249.8633459871922
0,250,0,0,0,0,0,0,0,0,0,0,0,0,0,1,1.2,1e-4,15,250
30,250.000322400697,0,0,0,0,0,0,0,0,0,0,0,0,0,2,1.2,1e-4,15,250.000322400697
60,250.000090984018,0,0,0,0,0,0,0,0,0,0,0,0,0,3,1.2,1e-4,15,250.000090984018
90,250.000018876751,0,0,0,0,0,0,0,0,0,0,0,0,0,4,1.2,1e-4,15,250.000018876751
120,206.481115099398,0,0,0,0,0,0,0,0,0,0,54.0633524380301,54.0633524380301,0.0132757837972,5,1.2,1e-4,15,314.6210957592554
150,113.912961968456,0,0,0,0,0,0,0,0,0,0,88.0242983856654,88.0229664446679,0.0407072381462056,6,1.2,1e-4,15,290.0009340369355
180,57.3555901943069,0,0,0,0,0,0,0,0,0,0,92.3648923496847,92.3623422932494,0.0828721070704942,7,1.2,1e-4,15,242.1656969443115
210,25.4153665839415,0,0,0,0,0,0,0,0,0,0,84.280452008867,84.277631170181,0.144865458083328,8,1.2,1e-4,15,194.11831522107283
240,9.28737795545615,0,0,0,0,0,0,0,0,0,0,71.7025340164492,71.7003246360819,0.233014384368413,9,1.2,1e-4,15,152.92325099235566
270,2.6192735445277,0,0,0,0,0,0,0,0,0,0,60.2106756282399,60.209408785776,0.354745810991649,10,1.2,1e-4,15,123.39410376953525
300,0.548480201234871,0,0,0,0,0,0,0,0,0,0,53.1150849198079,53.1145283657993,0.517678719645811,11,1.2,1e-4,15,107.29577220648788
330,0.0942421608839735,0,0,0,0,0,0,0,0,0,0,50.4057629352299,50.4054964686315,0.734264573451152,12,1.2,1e-4,15,101.63976613819652
360,0.0173509618505978,0,0,0,0,0,0,0,0,0,0,50.0384495048668,50.0382113073008,1.02673119130619,13,1.2,1e-4,15,101.12074296532438
390,0.00379226194447881,0,0,0,0,0,0,0,0,0,0,50.4583961286291,50.4580921822195,1.42217008830606,14,1.2,1e-4,15,102.34245066109914
420,9.1528794867173e-4,0,0,0,0,0,0,0,0,0,0,51.1758560230872,51.1754482926596,1.95268502590728,15,1.2,1e-4,15,104.30490462960276
450,2.3951825943203e-4,0,0,0,0,0,0,0,0,0,0,52.1255386204559,52.1249959581924,2.66054127370658,16,1.2,1e-4,15,106.91131537061432
480,6.83796585691196e-5,0,0,0,0,0,0,0,0,0,0,53.3296989726119,53.3289873655011,3.59920985597939,17,1.2,1e-4,15,110.25796457375095
510,2.11969242021173e-5,0,0,0,0,0,0,0,0,0,0,54.8208716860626,54.8199538480731,4.83175520960296,18,1.2,1e-4,15,114.47260194066287
540,7.09116876205007e-6,0,0,0,0,0,0,0,0,0,0,56.6200453686498,56.6188832303035,6.42600441352432,19,1.2,1e-4,15,119.66494010364639
570,4.66916906649883e-6,0,0,0,0,0,0,0,0,0,0,25.0293388164342,25.0259032970965,7.22024842053444,20,1.2,1e-4,15,57.27549520323421
600,4.55731389729032e-6,0,0,0,0,0,0,0,0,0,0,27.9429955258278,27.9378953590255,28.6631180574391,21,1.2,1e-4,15,84.5440134996063
630,7.10319852042039e-6,0,0,0,0,0,0,0,0,0,0,41.7468067320722,41.7391434169505,59.8172845442332,22,1.2,1e-4,15,143.30324179645442
660,7.45295597086695e-6,0,0,0,0,0,0,0,0,0,0,44.1473130866156,44.1397346143391,98.1297074951457,23,1.2,1e-4,15,186.41676264905635
690,7.01359027814981e-6,0,0,0,0,0,0,0,0,0,0,41.4615143853074,41.4550110891941,129.046367121057,24,1.2,1e-4,15,211.96289960914876
720,6.36218197617967e-6,0,0,0,0,0,0,0,0,0,0,37.6246919756398,37.6193234586701,151.104295050429,25,1.2,1e-4,15,226.34831684692085
750,5.66154353299003e-6,0,0,0,0,0,0,0,0,0,0,33.4741415697439,33.4697693125217,167.412161659629,26,1.2,1e-4,15,234.35607820343813
780,5.04562186353896e-6,0,0,0,0,0,0,0,0,0,0,29.8303340423139,29.8267386631591,179.435627091163,27,1.2,1e-4,15,239.0927048422579
810,4.51774052917408e-6,0,0,0,0,0,0,0,0,0,0,26.7066929983869,26.7036977641561,188.631948580604,28,1.2,1e-4,15,242.0423438608875
840,4.07277488076216e-6,0,0,0,0,0,0,0,0,0,0,24.0739813132381,24.0714502310735,195.832609961273,29,1.2,1e-4,15,243.97804557835948
870,3.69714076220574e-6,0,0,0,0,0,0,0,0,0,0,21.8515258609685,21.8493582958944,201.604253209129,30,1.2,1e-4,15,245.30514106313268
900,3.37837792377746e-6,0,0,0,0,0,0,0,0,0,0,19.965609089484,19.9637303285939,206.319925778118,31,1.2,1e-4,15,246.24926857457382
930,3.10585834315596e-6,0,0,0,0,0,0,0,0,0,0,18.3533193386251,18.3516733975933,210.23703947163,32,1.2,1e-4,15,246.94203531370673
960,2.87102679529615e-6,0,0,0,0,0,0,0,0,0,0,16.9640273080401,16.9625716559693,213.537208895877,33,1.2,1e-4,15,247.4638107309132
990,2.66708490776698e-6,0,0,0,0,0,0,0,0,0,0,15.7575019247256,15.756203782835,216.351935395697,34,1.2,1e-4,15,247.86564377034253
1020,2.4886487439185e-6,0,0,0,0,0,0,0,0,0,0,14.7018841539864,14.7007178996522,218.778488768035,35,1.2,1e-4,15,248.18109331032235
1050,2.33144050706844e-6,0,0,0,0,0,0,0,0,0,0,13.7718613561,13.7708066912397,220.890217280717,36,1.2,1e-4,15,248.4328876594972
1080,2.19204103564773e-6,0,0,0,0,0,0,0,0,0,0,12.9472022297589,12.9462428735387,222.743378734147,37,1.2,1e-4,15,248.63682602948563
1110,2.06769753913111e-6,0,0,0,0,0,0,0,0,0,0,12.2116188171077,12.2107415606608,224.381782947558,38,1.2,1e-4,15,248.80414539302404
1140,1.95617650363235e-6,0,0,0,0,0,0,0,0,0,0,11.5518959411496,11.5510899547828,225.840013800013,39,1.2,1e-4,15,248.9430016521219
1170,1.85565154051495e-6,0,0,0,0,0,0,0,0,0,0,10.9572274860805,10.9564838047627,227.145709284531,40,1.2,1e-4,15,249.05942243102572
1200,1.76461772888268e-6,0,0,0,0,0,0,0,0,0,0,10.4187094929621,10.418020629333,228.321203353999,41,1.2,1e-4,15,249.15793524091183
1230,1.68182588778612e-6,0,0,0,0,0,0,0,0,0,0,9.92895120936448,9.92831085913709,229.384727110989,42,1.2,1e-4,15,249.24199086131645
1260,1.60623182983261e-6,0,0,0,0,0,0,0,0,0,0,9.48177480173182,9.48117761688097,230.351300410368,43,1.2,1e-4,15,249.3142544352126
1290,1.53695690982458e-6,0,0,0,0,0,0,0,0,0,0,9.07198191098727,9.07142332326894,231.233402483278,44,1.2,1e-4,15,249.37680925449112
1320,1.47325713206627e-6,0,0,0,0,0,0,0,0,0,0,8.69517085603148,8.69464693829897,232.041482518002,45,1.2,1e-4,15,249.43130178558957
1350,1.41449878288183e-6,0,0,0,0,0,0,0,0,0,0,8.34759245056618,8.34709980677586,232.784352767477,46,1.2,1e-4,15,249.4790464393178
1380,1.36013907156744e-6,0,0,0,0,0,0,0,0,0,0,8.02603545689075,8.02557113410602,233.469494357504,47,1.2,1e-4,15,249.52110230863985
1410,1.3097106424388e-6,0,0,0,0,0,0,0,0,0,0,7.72773494607851,7.72729636350116,234.103297472481,48,1.2,1e-4,15,249.5583300917713
1440,1.26280909994037e-6,0,0,0,0,0,0,0,0,0,0,7.45029848696562,7.44988337826576,234.69125168622,49,1.2,1e-4,15,249.59143481426048
1470,1.21908289525468e-6,0,0,0,0,0,0,0,0,0,0,7.19164630831448,7.19125267443372,235.238098040608,50,1.2,1e-4,15,249.6209982424391
1500,1.1782250763034e-6,0,0,0,0,0,0,0,0,0,0,6.94996248664096,6.9495885569093,235.747951502777,51,1.2,1e-4,15,249.64750372455234
1530,1.13996651776826e-6,0,0,0,0,0,0,0,0,0,0,6.72365489118041,6.72329909108173,236.224400285662,52,1.2,1e-4,15,249.67135540789064
1560,1.10407033409401e-6,0,0,0,0,0,0,0,0,0,0,6.51132212836045,6.51098305265216,236.670586950724,53,1.2,1e-4,15,249.69289323580693
1590,1.07032724382042e-6,0,0,0,0,0,0,0,0,0,0,6.3117261150648,6.31140250523791,237.089275056895,54,1.2,1e-4,15,249.71240474752494
1620,1.0385517034321e-6,0,0,0,0,0,0,0,0,0,0,6.12376920490574,6.12345993018555,237.482904260177,55,1.2,1e-4,15,249.73013443382
1650,1.00857866715313e-6,0,0,0,0,0,0,0,0,0,0,5.94647501799059,5.94617905924253,237.853636122622,56,1.2,1e-4,15,249.74629120843377
1680,9.80260858634946e-7,0,0,0,0,0,0,0,0,0,0,5.77897229935248,5.77868873538514,238.203392400277,57,1.2,1e-4,15,249.76105441527548
1710,9.53466463418346e-7,0,0,0,0,0,0,0,0,0,0,5.62048126690844,5.62020926276508,238.533887206175,58,1.2,1e-4,15,249.77457868931498
1740,9.28077168970098e-7,0,0,0,0,0,0,0,0,0,0,5.47030201584228,5.47004081274997,238.846654157001,59,1.2,1e-4,15,249.78699791367043
1770,9.0398649317962e-7,0,0,0,0,0,0,0,0,0,0,5.32780462964695,5.3275535363543,239.143069389368,60,1.2,1e-4,15,249.79842845935576
1800,8.81098353332599e-7,0,0,0,0,0,0,0,0,0,0,5.19242071392758,5.19217909921095,239.424371157835,61,1.2,1e-4,15,249.8089718520719
1830,8.59325836423997e-7,0,0,0,0,0,0,0,0,0,0,5.06363612140299,5.06340340756009,239.691676590355,62,1.2,1e-4,15,249.81871697864392
1860,8.38590138738146e-7,0,0,0,0,0,0,0,0,0,0,4.94098467834808,4.94076033552944,239.945996068978,63,1.2,1e-4,15,249.82774192144564
1890,8.18819648295217e-7,0,0,0,0,0,0,0,0,0,0,4.82404275627618,4.82382629753038,240.188245617975,64,1.2,1e-4,15,249.83611549060123
1920,7.99949148338107e-7,0,0,0,0,0,0,0,0,0,0,4.71242455972882,4.71221553665816,240.419257613066,65,1.2,1e-4,15,249.84389850940212
1950,7.81919123741e-7,0,0,0,0,0,0,0,0,0,0,4.60577802297411,4.60557602191394,240.639790070391,66,1.2,1e-4,15,249.85114489719817
1980,7.64675155238385e-7,0,0,0,0,0,0,0,0,0,0,4.50378122626872,4.50358586491785,240.850534729471,67,1.2,1e-4,15,249.85790258533274
0,250,0,0,0,0,0,0,0,0,0,0,0,0,0,1,1.2,1e-4,16,250
30,250.000322400697,0,0,0,0,0,0,0,0,0,0,0,0,0,2,1.2,1e-4,16,250.000322400697
60,250.000090984018,0,0,0,0,0,0,0,0,0,0,0,0,0,3,1.2,1e-4,16,250.000090984018
90,250.000018876751,0,0,0,0,0,0,0,0,0,0,0,0,0,4,1.2,1e-4,16,250.000018876751
120,206.481115099398,0,0,0,0,0,0,0,0,0,0,54.0633524380301,54.0633524380301,0.0132757837972,5,1.2,1e-4,16,314.6210957592554
150,113.912961968456,0,0,0,0,0,0,0,0,0,0,88.0242983856654,88.0229664446679,0.0407072381462056,6,1.2,1e-4,16,290.0009340369355
180,57.3555901943069,0,0,0,0,0,0,0,0,0,0,92.3648923496847,92.3623422932494,0.0828721070704942,7,1.2,1e-4,16,242.1656969443115
210,25.4153665839415,0,0,0,0,0,0,0,0,0,0,84.280452008867,84.277631170181,0.144865458083328,8,1.2,1e-4,16,194.11831522107283
240,9.28737795545615,0,0,0,0,0,0,0,0,0,0,71.7025340164492,71.7003246360819,0.233014384368413,9,1.2,1e-4,16,152.92325099235566
270,2.6192735445277,0,0,0,0,0,0,0,0,0,0,60.2106756282399,60.209408785776,0.354745810991649,10,1.2,1e-4,16,123.39410376953525
300,0.548480201234871,0,0,0,0,0,0,0,0,0,0,53.1150849198079,53.1145283657993,0.517678719645811,11,1.2,1e-4,16,107.29577220648788
330,0.0942421608839735,0,0,0,0,0,0,0,0,0,0,50.4057629352299,50.4054964686315,0.734264573451152,12,1.2,1e-4,16,101.63976613819652
360,0.0173509618505978,0,0,0,0,0,0,0,0,0,0,50.0384495048668,50.0382113073008,1.02673119130619,13,1.2,1e-4,16,101.12074296532438
390,0.00379226194447881,0,0,0,0,0,0,0,0,0,0,50.4583961286291,50.4580921822195,1.42217008830606,14,1.2,1e-4,16,102.34245066109914
420,9.1528794867173e-4,0,0,0,0,0,0,0,0,0,0,51.1758560230872,51.1754482926596,1.95268502590728,15,1.2,1e-4,16,104.30490462960276
450,2.3951825943203e-4,0,0,0,0,0,0,0,0,0,0,52.1255386204559,52.1249959581924,2.66054127370658,16,1.2,1e-4,16,106.91131537061432
480,6.83796585691196e-5,0,0,0,0,0,0,0,0,0,0,53.3296989726119,53.3289873655011,3.59920985597939,17,1.2,1e-4,16,110.25796457375095
510,2.11969242021173e-5,0,0,0,0,0,0,0,0,0,0,54.8208716860626,54.8199538480731,4.83175520960296,18,1.2,1e-4,16,114.47260194066287
540,7.09116876205007e-6,0,0,0,0,0,0,0,0,0,0,56.6200453686498,56.6188832303035,6.42600441352432,19,1.2,1e-4,16,119.66494010364639
570,2.54228654993931e-6,0,0,0,0,0,0,0,0,0,0,58.7231510005145,58.7217100357907,8.44400576905787,20,1.2,1e-4,16,125.88886934764962
600,1.72945389582255e-6,0,0,0,0,0,0,0,0,0,0,28.6194436099819,28.6155064523812,9.63153854015052,21,1.2,1e-4,16,66.86649033196751
630,1.66870914619262e-6,0,0,0,0,0,0,0,0,0,0,30.829227745072,30.8236660862998,34.0167894025401,22,1.2,1e-4,16,95.66968490262104
660,2.40648611331448e-6,0,0,0,0,0,0,0,0,0,0,42.9872111993122,42.9794428930173,65.875909638305,23,1.2,1e-4,16,151.84256613712063
690,2.44760974886779e-6,0,0,0,0,0,0,0,0,0,0,43.9982038148505,43.9907793328458,103.334603104763,24,1.2,1e-4,16,191.32358870006905
720,2.28459748854277e-6,0,0,0,0,0,0,0,0,0,0,40.9997331890735,40.9934156241635,132.670576313452,25,1.2,1e-4,16,214.6637274112865
750,2.0619886315766e-6,0,0,0,0,0,0,0,0,0,0,37.0155003541135,37.010305748749,153.773301255876,26,1.2,1e-4,16,227.79910942072712
780,1.83444032742388e-6,0,0,0,0,0,0,0,0,0,0,32.9243556650255,32.920120417629,169.346024409868,27,1.2,1e-4,16,235.19050232696281
810,1.6355548462098e-6,0,0,0,0,0,0,0,0,0,0,29.3525437949522,29.3490547267658,180.897980538603,28,1.2,1e-4,16,239.59958069587586
840,1.46579350874299e-6,0,0,0,0,0,0,0,0,0,0,26.3032446902988,26.3003317244023,189.76475295569,29,1.2,1e-4,16,242.3683308361846
870,1.32273368120124e-6,0,0,0,0,0,0,0,0,0,0,23.7338164189789,23.7313497903719,196.73267399295,30,1.2,1e-4,16,244.19784152503448
900,1.20190186123138e-6,0,0,0,0,0,0,0,0,0,0,21.5636608899901,21.5615445712361,202.334152330718,31,1.2,1e-4,16,245.45935899384608
930,1.09926268149829e-6,0,0,0,0,0,0,0,0,0,0,19.7203011073123,19.71846372108,206.922352867146,32,1.2,1e-4,16,246.36111879480097
960,1.01141576721539e-6,0,0,0,0,0,0,0,0,0,0,18.1426382484837,18.1410262004108,210.741783091209,33,1.2,1e-4,16,247.02544855151925
990,9.35632141770101e-7,0,0,0,0,0,0,0,0,0,0,16.7816480711342,16.780220556682,213.965635680107,34,1.2,1e-4,16,247.52750524355534
1020,8.69745550160712e-7,0,0,0,0,0,0,0,0,0,0,15.5984165699573,15.5971420725685,216.719718295878,35,1.2,1e-4,16,247.91527780814937
1050,8.1204008696141e-7,0,0,0,0,0,0,0,0,0,0,14.5621213026881,14.560975135807,219.09735915287,36,1.2,1e-4,16,248.2204564034052
1080,7.61151399930573e-7,0,0,0,0,0,0,0,0,0,0,13.6482555448231,13.6472181146275,221.169113832725,37,1.2,1e-4,16,248.464588253327
1110,7.15987917787347e-7,0,0,0,0,0,0,0,0,0,0,12.8372128829218,12.8362684458894,222.989221201227,38,1.2,1e-4,16,248.66270324602613
1140,6.75669853330358e-7,0,0,0,0,0,0,0,0,0,0,12.1131912739132,12.1123270365742,224.60000476282,39,1.2,1e-4,16,248.82552374897725
1170,6.39482582319258e-7,0,0,0,0,0,0,0,0,0,0,11.4633554655619,11.4625609233639,226.03493620245,40,1.2,1e-4,16,248.9608532308584
1200,6.06841097666228e-7,0,0,0,0,0,0,0,0,0,0,10.8771984260751,10.8764648714252,227.320808910144,41,1.2,1e-4,16,249.0744728144854
1230,5.77262846346601e-7,0,0,0,0,0,0,0,0,0,0,10.3460533879958,10.34537353955,228.47930680755,42,1.2,1e-4,16,249.17073431235863
1260,5.50346869440632e-7,0,0,0,0,0,0,0,0,0,0,9.86271913409633,9.86208685406778,229.528154578706,43,1.2,1e-4,16,249.25296111721698
1290,5.25757681468193e-7,0,0,0,0,0,0,0,0,0,0,9.42117042503509,9.42058050119743,230.481973121276,44,1.2,1e-4,16,249.32372457326622
1320,5.03212725061474e-7,0,0,0,0,0,0,0,0,0,0,9.01633265560361,9.01578063141336,231.352924135591,45,1.2,1e-4,16,249.38503792582068
1350,4.82472537038607e-7,0,0,0,0,0,0,0,0,0,0,8.64390521786874,8.64338725878272,232.151201695148,46,1.2,1e-4,16,249.43849465427198
1380,4.63332983604605e-7,0,0,0,0,0,0,0,0,0,0,8.30022203252621,8.29973481983531,232.885411294966,47,1.2,1e-4,16,249.4853686106605
1410,4.45619085276879e-7,0,0,0,0,0,0,0,0,0,0,7.98214063615441,7.98168128194584,233.562865139004,48,1.2,1e-4,16,249.52668750272335
1440,4.29180071762444e-7,0,0,0,0,0,0,0,0,0,0,7.68695336137626,7.68651933987267,234.18981436642,49,1.2,1e-4,16,249.563287496849
1470,4.13885395118499e-7,0,0,0,0,0,0,0,0,0,0,7.4123157297907,7.41190482149565,234.771633299127,50,1.2,1e-4,16,249.59585426429874
1500,3.99621494704438e-7,0,0,0,0,0,0,0,0,0,0,7.15618834842516,7.15579859436644,235.312966826946,51,1.2,1e-4,16,249.62495416935909
1530,3.86289155913491e-7,0,0,0,0,0,0,0,0,0,0,6.9167894713762,6.91641913537368,235.817849211305,52,1.2,1e-4,16,249.65105820434403
1560,3.7380134095293e-7,0,0,0,0,0,0,0,0,0,0,6.69255604004881,6.69220357740653,236.2898005383,53,1.2,1e-4,16,249.6745605295567
1590,3.62081397266423e-7,0,0,0,0,0,0,0,0,0,0,6.48211150625115,6.48177553762787,236.731905553237,54,1.2,1e-4,16,249.6957929591974
1620,3.51061569905654e-7,0,0,0,0,0,0,0,0,0,0,6.28423911448066,6.28391840396258,237.146878502358,55,1.2,1e-4,16,249.7150363718628
1650,3.40681759962394e-7,0,0,0,0,0,0,0,0,0,0,6.09785960362288,6.09755304022696,237.537116782542,56,1.2,1e-4,16,249.7325297670736
1680,3.30888483308036e-7,0,0,0,0,0,0,0,0,0,0,5.92201250627342,5.92171908826808,237.904745579546,57,1.2,1e-4,16,249.74847750497597
1710,3.21633993265184e-7,0,0,0,0,0,0,0,0,0,0,5.75584039233657,5.75555921388905,238.251655204813,58,1.2,1e-4,16,249.76305513267263
1740,3.12875538126739e-7,0,0,0,0,0,0,0,0,0,0,5.59857553451121,5.59830577426606,238.579532481259,59,1.2,1e-4,16,249.77641410291182
1770,3.04574730139897e-7,0,0,0,0,0,0,0,0,0,0,5.44952857569278,5.44926948696174,238.889887251373,60,1.2,1e-4,16,249.78868561860227
1800,2.96697007057759e-7,0,0,0,0,0,0,0,0,0,0,5.30807885888227,5.30782976118467,239.184074866119,61,1.2,1e-4,16,249.79998378288295
1830,2.89211170908846e-7,0,0,0,0,0,0,0,0,0,0,5.17366614391354,5.17342641565378,239.463315345251,62,1.2,1e-4,16,249.8104081940295
1860,2.82088991456021e-7,0,0,0,0,0,0,0,0,0,0,5.0457834859815,5.04555255808823,239.728709767775,63,1.2,1e-4,16,249.8200460939337
1890,2.75304864071299e-7,0,0,0,0,0,0,0,0,0,0,4.92397109145613,4.92374844183783,239.981254346944,64,1.2,1e-4,16,249.82897415554282
1920,2.68835513564475e-7,0,0,0,0,0,0,0,0,0,0,4.80781099900259,4.807596147699,240.221852561246,65,1.2,1e-4,16,249.83725997678312
1950,2.62659736965652e-7,0,0,0,0,0,0,0,0,0,0,4.69692246028826,4.69671496521729,240.451325646445,66,1.2,1e-4,16,249.8449633346103
1980,2.56758179447311e-7,0,0,0,0,0,0,0,0,0,0,4.59095791585178,4.59075736906749,240.670421700429,67,1.2,1e-4,16,249.85213724210644
0,250,0,0,0,0,0,0,0,0,0,0,0,0,0,1,1.2,1e-4,6,250
30,250.000322400697,0,0,0,0,0,0,0,0,0,0,0,0,0,2,1.2,1e-4,6,250.000322400697
60,250.000090984018,0,0,0,0,0,0,0,0,0,0,0,0,0,3,1.2,1e-4,6,250.000090984018
90,250.000018876751,0,0,0,0,0,0,0,0,0,0,0,0,0,4,1.2,1e-4,6,250.000018876751
120,206.481115099398,0,0,0,0,0,0,0,0,0,0,54.0633524380301,54.0633524380301,0.0132757837972,5,1.2,1e-4,6,314.6210957592554
150,113.912961968456,0,0,0,0,0,0,0,0,0,0,88.0242983856654,88.0229664446679,0.0407072381462056,6,1.2,1e-4,6,290.0009340369355
180,57.3555901943069,0,0,0,0,0,0,0,0,0,0,92.3648923496847,92.3623422932494,0.0828721070704942,7,1.2,1e-4,6,242.1656969443115
210,25.4153665839415,0,0,0,0,0,0,0,0,0,0,84.280452008867,84.277631170181,0.144865458083328,8,1.2,1e-4,6,194.11831522107283
240,9.28737795545615,0,0,0,0,0,0,0,0,0,0,71.7025340164492,71.7003246360819,0.233014384368413,9,1.2,1e-4,6,152.92325099235566
270,2.6192735445277,0,0,0,0,0,0,0,0,0,0,60.2106756282399,60.209408785776,0.354745810991649,10,1.2,1e-4,6,123.39410376953525
300,0.891068122043342,0,0,0,0,0,0,0,0,0,0,11.9148057092945,11.9136264363946,0.411909026857774,11,1.2,1e-4,6,25.131409294590217
330,0.618092332144438,0,0,0,0,0,0,0,0,0,0,10.1932379154018,10.1914512408045,1.8653781399322,12,1.2,1e-4,6,22.86815962828294
360,1.3069316082482,0,0,0,0,0,0,0,0,0,0,19.4478593375318,19.4441333157163,8.57682235424376,13,1.2,1e-4,6,48.77574661574006
390,2.24503706357172,0,0,0,0,0,0,0,0,0,0,33.724785927695,33.7184260051808,33.3495374090807,14,1.2,1e-4,6,103.03778640552822
420,2.85453958875473,0,0,0,0,0,0,0,0,0,0,42.1139949272836,42.1064540091838,71.6428551406125,15,1.2,1e-4,6,158.71784366583464
450,2.9663848732506,0,0,0,0,0,0,0,0,0,0,43.4077702417376,43.4006141666401,106.875633959454,16,1.2,1e-4,6,196.6504032410823
480,2.75976990851414,0,0,0,0,0,0,0,0,0,0,40.080346328727,40.0743230312529,134.899701006695,17,1.2,1e-4,6,217.81414027518906
510,2.49132618390895,0,0,0,0,0,0,0,0,0,0,35.9748581832994,35.9699283919012,155.111324698669,18,1.2,1e-4,6,229.54743745777856
540,2.22601885090538,0,0,0,0,0,0,0,0,0,0,31.9918619279677,31.9878361222158,170.021976148201,19,1.2,1e-4,6,236.22769304928988
570,1.99235896131911,0,0,0,0,0,0,0,0,0,0,28.5209321885719,28.5176089930589,181.215764446959,20,1.2,1e-4,6,240.24666458990893
600,1.7926466406646,0,0,0,0,0,0,0,0,0,0,25.5754948790417,25.5727134429429,189.856757034305,21,1.2,1e-4,6,242.79761199695417
630,1.62348650866924,0,0,0,0,0,0,0,0,0,0,23.094132491123,23.0917716757765,196.68768411253,22,1.2,1e-4,6,244.49707478809876
660,1.47997416000758,0,0,0,0,0,0,0,0,0,0,20.998055477378202,20.9960255480499,202.202772796272,23,1.2,1e-4,6,245.67682798170767
690,1.35754166111908,0,0,0,0,0,0,0,0,0,0,19.2162481420935,19.214482329628,206.736368890842,24,1.2,1e-4,6,246.52464102368256
720,1.25234335874716,0,0,0,0,0,0,0,0,0,0,17.6899152084206,17.6883632629941,210.521304826701,25,1.2,1e-4,6,247.15192665686286
750,1.16126829109231,0,0,0,0,0,0,0,0,0,0,16.3719939069209,16.370617479475,213.723789265028,26,1.2,1e-4,6,247.6276689425162
780,1.08183266616143,0,0,0,0,0,0,0,0,0,0,15.2251901180288,15.2239595184035,216.465222123477,27,1.2,1e-4,6,247.99620442607073
810,1.01205778678506,0,0,0,0,0,0,0,0,0,0,14.2199634897866,14.2188554100572,218.836092658528,28,1.2,1e-4,6,248.28696934515688
840,0.950362348278385,0,0,0,0,0,0,0,0,0,0,13.3328146113123,13.3318105134566,220.905081676219,29,1.2,1e-4,6,248.52006914926628
870,0.895475375732113,0,0,0,0,0,0,0,0,0,0,12.5449276588209,12.5440126191398,222.725166376287,30,1.2,1e-4,6,248.70958202997983
900,0.846368231045446,0,0,0,0,0,0,0,0,0,0,11.8411237355053,11.8402856054066,224.337807094931,31,1.2,1e-4,6,248.86558466688837
930,0.802202238992998,0,0,0,0,0,0,0,0,0,0,11.2090618851628,11.2082906734834,225.775876918092,32,1.2,1e-4,6,248.9954317157312
960,0.762288492720411,0,0,0,0,0,0,0,0,0,0,10.638630090411,10.6379175028229,227.06574946436,33,1.2,1e-4,6,249.1045855503143
990,0.726056960445912,0,0,0,0,0,0,0,0,0,0,10.1214797365752,10.120818827817,228.228811686924,34,1.2,1e-4,6,249.1971672117621
1020,0.693032639382747,0,0,0,0,0,0,0,0,0,0,9.65066787546925,9.65005278365426,229.282576805115,35,1.2,1e-4,6,249.27633010362126
1050,0.662817042921078,0,0,0,0,0,0,0,0,0,0,9.22038054478044,9.21980628615171,230.241514509062,36,1.2,1e-4,6,249.34451838291523
1080,0.635073734149107,0,0,0,0,0,0,0,0,0,0,8.82571726317618,8.82517957190574,231.117678204583,37,1.2,1e-4,6,249.40364877381404
1110,0.609516943436328,0,0,0,0,0,0,0,0,0,0,8.4625219498831,8.46201715181312,231.921184508857,38,1.2,1e-4,6,249.45524055398957
1140,0.58590255015713,0,0,0,0,0,0,0,0,0,0,8.12724929991292,8.12677421214304,232.660583791331,39,1.2,1e-4,6,249.5005098535441
1170,0.564020888208335,0,0,0,0,0,0,0,0,0,0,7.81685842337863,7.81641027373027,233.343149402501,40,1.2,1e-4,6,249.54043898781825
1200,0.543690967811604,0,0,0,0,0,0,0,0,0,0,7.5287275972032,7.52830395911307,233.975105543782,41,1.2,1e-4,6,249.57582806790987
1230,0.524755804524015,0,0,0,0,0,0,0,0,0,0,7.26058548035363,7.26018421984914,234.5618083557,42,1.2,1e-4,6,249.6073338604268
1260,0.507078619589401,0,0,0,0,0,0,0,0,0,0,7.01045525610418,7.0100744883175,235.107890994251,43,1.2,1e-4,6,249.63549935826208
1290,0.490539730480102,0,0,0,0,0,0,0,0,0,0,6.77660899282914,6.77624704610093,235.617380736085,44,1.2,1e-4,6,249.6607765054952
1320,0.475033991604153,0,0,0,0,0,0,0,0,0,0,6.55753013494899,6.55718552101475,236.093794174721,45,1.2,1e-4,6,249.6835438222889
1350,0.46046867624802,0,0,0,0,0,0,0,0,0,0,6.35188250307543,6.35155389216059,236.540215120513,46,1.2,1e-4,6,249.70412019199705
1380,0.446761714481336,0,0,0,0,0,0,0,0,0,0,6.15848453702372,6.15817073692583,236.959358744596,47,1.2,1e-4,6,249.72277573302688
1410,0.433840219859186,0,0,0,0,0,0,0,0,0,0,5.97628778615461,5.97598772458372,237.353624706012,48,1.2,1e-4,6,249.7397404366095
1440,0.421639251705669,0,0,0,0,0,0,0,0,0,0,5.80435885961601,5.80407156921343,237.725141397738,49,1.2,1e-4,6,249.75521107827313
1470,0.410100770571243,0,0,0,0,0,0,0,0,0,0,5.64186420999219,5.64158881556267,238.07580298882,50,1.2,1e-4,6,249.7693567849461
1500,0.399172752881886,0,0,0,0,0,0,0,0,0,0,5.48805724908694,5.48779295667008,238.407300588783,51,1.2,1e-4,6,249.7823235474219
1530,0.388808437404058,0,0,0,0,0,0,0,0,0,0,5.34226739257281,5.3420134800498,238.721148589703,52,1.2,1e-4,6,249.79423789972967
1560,0.378965681357599,0,0,0,0,0,0,0,0,0,0,5.2038907073838,5.2036465163721,239.018707030964,53,1.2,1e-4,6,249.80520993607752
1590,0.369606408137242,0,0,0,0,0,0,0,0,0,0,5.07238189679082,5.07214682562426,239.301200667263,54,1.2,1e-4,6,249.81533579781532
1620,0.36069613189325,0,0,0,0,0,0,0,0,0,0,4.94724740668869,4.94702090431576,239.569735290971,55,1.2,1e-4,6,249.8246997338687
1650,0.352203546856369,0,0,0,0,0,0,0,0,0,0,4.82803947548649,4.82782103614885,239.825311757498,56,1.2,1e-4,6,249.8333758159897
1680,0.344100171412747,0,0,0,0,0,0,0,0,0,0,4.71435098123073,4.71414013980721,240.068838080719,57,1.2,1e-4,6,249.8414293731697
1710,0.33636003864889,0,0,0,0,0,0,0,0,0,0,4.60581096481999,4.6056072927402,240.301139900193,58,1.2,1e-4,6,249.84891819640208
1740,0.328959426479309,0,0,0,0,0,0,0,0,0,0,4.50208072863774,4.50188383028504,240.522969569356,59,1.2,1e-4,6,249.8558935547581
1770,0.321876621605462,0,0,0,0,0,0,0,0,0,0,4.40285042661077,4.40265993614704,240.735014071344,60,1.2,1e-4,6,249.8624010557073
1800,0.31509171248525,0,0,0,0,0,0,0,0,0,0,4.30783607535149,4.30765165390677,240.937901934572,61,1.2,1e-4,6,249.86848137631551
1830,0.308586407257734,0,0,0,0,0,0,0,0,0,0,4.21677692725995,4.21659826043837,241.132209291981,62,1.2,1e-4,6,249.87417088693707
1860,0.302343873199788,0,0,0,0,0,0,0,0,0,0,4.12943315571556,4.12925995137666,241.318465204749,63,1.2,1e-4,6,249.87950218504102
1890,0.296348594815304,0,0,0,0,0,0,0,0,0,0,4.04558381015246,4.04541579643268,241.497156352246,64,1.2,1e-4,6,249.88450455364645
1920,0.290586248093308,0,0,0,0,0,0,0,0,0,0,3.96502500518203,3.96486192872634,241.668731174248,65,1.2,1e-4,6,249.88920435624968
1950,0.285043588835132,0,0,0,0,0,0,0,0,0,0,3.88756831323913,3.88740993761699,241.83360353839,66,1.2,1e-4,6,249.89362537808125
1980,0.279708353255503,0,0,0,0,0,0,0,0,0,0,3.81303933467534,3.81288543895883,241.99215599496,67,1.2,1e-4,6,249.89778912184968
0,250,0,0,0,0,0,0,0,0,0,0,0,0,0,1,1.2,1e-4,7,250
30,250.000322400697,0,0,0,0,0,0,0,0,0,0,0,0,0,2,1.2,1e-4,7,250.000322400697
60,250.000090984018,0,0,0,0,0,0,0,0,0,0,0,0,0,3,1.2,1e-4,7,250.000090984018
90,250.000018876751,0,0,0,0,0,0,0,0,0,0,0,0,0,4,1.2,1e-4,7,250.000018876751
120,206.481115099398,0,0,0,0,0,0,0,0,0,0,54.0633524380301,54.0633524380301,0.0132757837972,5,1.2,1e-4,7,314.6210957592554
150,113.912961968456,0,0,0,0,0,0,0,0,0,0,88.0242983856654,88.0229664446679,0.0407072381462056,6,1.2,1e-4,7,290.0009340369355
180,57.3555901943069,0,0,0,0,0,0,0,0,0,0,92.3648923496847,92.3623422932494,0.0828721070704942,7,1.2,1e-4,7,242.1656969443115
210,25.4153665839415,0,0,0,0,0,0,0,0,0,0,84.280452008867,84.277631170181,0.144865458083328,8,1.2,1e-4,7,194.11831522107283
240,9.28737795545615,0,0,0,0,0,0,0,0,0,0,71.7025340164492,71.7003246360819,0.233014384368413,9,1.2,1e-4,7,152.92325099235566
270,2.6192735445277,0,0,0,0,0,0,0,0,0,0,60.2106756282399,60.209408785776,0.354745810991649,10,1.2,1e-4,7,123.39410376953525
300,0.548480201234871,0,0,0,0,0,0,0,0,0,0,53.1150849198079,53.1145283657993,0.517678719645811,11,1.2,1e-4,7,107.29577220648788
330,0.160268309955182,0,0,0,0,0,0,0,0,0,0,7.53162636961471,7.53094345188897,0.515528178652304,12,1.2,1e-4,7,15.738366310111166
360,0.121827266993156,0,0,0,0,0,0,0,0,0,0,7.65158401232793,7.65019081711554,2.70512297699233,13,1.2,1e-4,7,18.128725073428956
390,0.398380287931574,0,0,0,0,0,0,0,0,0,0,21.9331875520701,21.9289122772296,14.203929889436,14,1.2,1e-4,7,58.46441000666727
420,0.664222915833971,0,0,0,0,0,0,0,0,0,0,37.7266616479777,37.7195418565569,47.8323727895627,15,1.2,1e-4,7,123.94279920993127
450,0.756921420554031,0,0,0,0,0,0,0,0,0,0,42.475943149769,42.4684502946473,90.133115819456,16,1.2,1e-4,7,175.83443068442634
480,0.753733226449649,0,0,0,0,0,0,0,0,0,0,42.2924324959986,42.285642304019,122.09984984631,17,1.2,1e-4,7,207.43165787277724
510,0.683872194434276,0,0,0,0,0,0,0,0,0,0,38.2857371936461,38.2801458202108,146.699798620664,18,1.2,1e-4,7,223.94955382895517
540,0.612030504635952,0,0,0,0,0,0,0,0,0,0,34.21832267707,34.2137590098187,164.020722555104,19,1.2,1e-4,7,233.06483474662863
570,0.545379174816937,0,0,0,0,0,0,0,0,0,0,30.4547900730565,30.4510488888805,176.873561901849,20,1.2,1e-4,7,238.32478003860294
600,0.488176794110897,0,0,0,0,0,0,0,0,0,0,27.2329460354426,27.2298385355745,186.607587860812,21,1.2,1e-4,7,241.55854922594
630,0.439756722447506,0,0,0,0,0,0,0,0,0,0,24.5101117812873,24.5074937475863,194.199582535284,22,1.2,1e-4,7,243.65694478660512
660,0.398873660278603,0,0,0,0,0,0,0,0,0,0,22.2140696495222,22.2118337196825,200.258411145399,23,1.2,1e-4,7,245.0831881748823
690,0.364193387675441,0,0,0,0,0,0,0,0,0,0,20.2683996781536,20.2664663496791,205.191540553198,24,1.2,1e-4,7,246.09059996870613
720,0.334569689049718,0,0,0,0,0,0,0,0,0,0,18.6078675280452,18.6061773838742,209.27677105333,25,1.2,1e-4,7,246.82538565429914
750,0.30906823531081,0,0,0,0,0,0,0,0,0,0,17.1794749950581,17.1779830419065,212.709469073587,26,1.2,1e-4,7,247.3759953458624
780,0.286944125388562,0,0,0,0,0,0,0,0,0,0,15.9410676337587,15.9397393045433,215.63042949366,27,1.2,1e-4,7,247.79818055735055
810,0.267606458672514,0,0,0,0,0,0,0,0,0,0,14.8592631674754,14.858071523095,218.143407676154,28,1.2,1e-4,7,248.1283488253969
840,0.250585626959362,0,0,0,0,0,0,0,0,0,0,13.9075673268118,13.9064910860433,220.326371648827,29,1.2,1e-4,7,248.39101568864146
870,0.235506425204929,0,0,0,0,0,0,0,0,0,0,13.0648351290879,13.0638572665524,222.238937453834,30,1.2,1e-4,7,248.60313627467923
900,0.222066996823672,0,0,0,0,0,0,0,0,0,0,12.3140709355845,12.3131776709993,223.927399843336,31,1.2,1e-4,7,248.77671544674345
930,0.210022651068957,0,0,0,0,0,0,0,0,0,0,11.6415087119485,11.6406887715599,225.428211341644,32,1.2,1e-4,7,248.92043147622135
960,0.199173499612802,0,0,0,0,0,0,0,0,0,0,11.0359107845488,11.0351548541936,226.770435805871,33,1.2,1e-4,7,249.0406749442262
990,0.189355006094258,0,0,0,0,0,0,0,0,0,0,10.4880326695287,10.487332984365,227.97750973593,34,1.2,1e-4,7,249.14223039591795
1020,0.180430734040239,0,0,0,0,0,0,0,0,0,0,9.99021292296575,9.98956295594954,229.068527171132,35,1.2,1e-4,7,249.22873378408752
1050,0.172286749859219,0,0,0,0,0,0,0,0,0,0,9.53605693612947,9.53545115874051,230.059190901565,36,1.2,1e-4,7,249.30298574629418
1080,0.164827274379862,0,0,0,0,0,0,0,0,0,0,9.12019149332319,9.11962518980003,230.962526174889,37,1.2,1e-4,7,249.3671701323921
1110,0.157971280450245,0,0,0,0,0,0,0,0,0,0,8.73807288191783,8.7375420035792,231.789422844762,38,1.2,1e-4,7,249.42300901070925
1140,0.151649811554389,0,0,0,0,0,0,0,0,0,0,8.38583577300544,8.38533682293099,232.549051902769,39,1.2,1e-4,7,249.47187431025984
1170,0.14580385351511,0,0,0,0,0,0,0,0,0,0,8.0601733485703,8.05970328951002,233.249188873275,40,1.2,1e-4,7,249.5148693648704
1200,0.140382633370179,0,0,0,0,0,0,0,0,0,0,7.75824154266752,7.7577977228956,233.896467347231,41,1.2,1e-4,7,249.5528892461643
1230,0.135342250465359,0,0,0,0,0,0,0,0,0,0,7.47758202317201,7.47716211632925,234.496579547079,42,1.2,1e-4,7,249.5866659370456
1260,0.130644567698376,0,0,0,0,0,0,0,0,0,0,7.21605983961645,7.21566179554987,235.054436326368,43,1.2,1e-4,7,249.6168025292327
1290,0.126256307858684,0,0,0,0,0,0,0,0,0,0,6.97181262682241,6.97143463114044,235.574295811848,44,1.2,1e-4,7,249.64379937766952
1320,0.122148312722151,0,0,0,0,0,0,0,0,0,0,6.74320897396875,6.74284941455518,236.059867593446,45,1.2,1e-4,7,249.66807429469208
1350,0.118294932121496,0,0,0,0,0,0,0,0,0,0,6.52881410970177,6.52847154882588,236.514397690508,46,1.2,1e-4,7,249.68997828115712
1380,0.114673517450179,0,0,0,0,0,0,0,0,0,0,6.32736146300833,6.32703461396518,236.940738288555,47,1.2,1e-4,7,249.70980788297868
1410,0.111263999570009,0,0,0,0,0,0,0,0,0,0,6.13772897099518,6.13741667843658,237.341405323673,48,1.2,1e-4,7,249.72781497267476
1440,0.108048535318631,0,0,0,0,0,0,0,0,0,0,5.95891924330962,5.9586204665996,237.71862630401,49,1.2,1e-4,7,249.74421454923785
1470,0.105011210073106,0,0,0,0,0,0,0,0,0,0,5.79004287688844,5.78975667595163,238.074380237685,50,1.2,1e-4,7,249.75919100059818
1500,0.102137786356108,0,0,0,0,0,0,0,0,0,0,5.63030435742884,5.63002988066421,238.410431139893,51,1.2,1e-4,7,249.77290316434215
1530,0.0994154904469652,0,0,0,0,0,0,0,0,0,0,5.47899009534755,5.47872656926243,238.728356287241,52,1.2,1e-4,7,249.78548844229795
1560,0.0968328305113916,0,0,0,0,0,0,0,0,0,0,5.33545823142257,5.33520495170606,239.029570151579,53,1.2,1e-4,7,249.79706616521904
1590,0.0943794409890736,0,0,0,0,0,0,0,0,0,0,5.19912991632771,5.19888624013418,239.315344761851,54,1.2,1e-4,7,249.80774035930196
1620,0.0920459489512234,0,0,0,0,0,0,0,0,0,0,5.06948182304872,5.06924716230311,239.58682709837,55,1.2,1e-4,7,249.81760203267305
1650,0.0898238589167429,0,0,0,0,0,0,0,0,0,0,4.9460396948754,4.9458135104447,239.845054010199,56,1.2,1e-4,7,249.82673107443583
1680,0.0877054532385471,0,0,0,0,0,0,0,0,0,0,4.82837276671098,4.82815456331309,240.090965056048,57,1.2,1e-4,7,249.8351978393106
1710,0.0856837056736798,0,0,0,0,0,0,0,0,0,0,4.71608892568029,4.71587824742291,240.325413597034,58,1.2,1e-4,7,249.84306447581088
1740,0.0837522061574386,0,0,0,0,0,0,0,0,0,0,4.60883049988023,4.60862692634004,240.549176411797,59,1.2,1e-4,7,249.8503860441747
1770,0.081905095132452,0,0,0,0,0,0,0,0,0,0,4.50627058270732,4.50607372547391,240.76296205783,60,1.2,1e-4,7,249.8572114611437
1800,0.0801370060538368,0,0,0,0,0,0,0,0,0,0,4.40810981538095,4.40791931500218,240.967418165047,61,1.2,1e-4,7,249.86358430148397
1830,0.078443014913207,0,0,0,0,0,0,0,0,0,0,4.31407356273396,4.31388908600883,241.163137816844,62,1.2,1e-4,7,249.8695434805
1860,0.0768185958068596,0,0,0,0,0,0,0,0,0,0,4.22390942759612,4.2237306651697,241.350665148651,63,1.2,1e-4,7,249.87512383722367
1890,0.0752595817243971,0,0,0,0,0,0,0,0,0,0,4.13738505757249,4.13721172179368,241.530500273377,64,1.2,1e-4,7,249.88035663446755
1920,0.0737621298593128,0,0,0,0,0,0,0,0,0,0,4.0542862050509,4.05411802806025,241.703103625969,65,1.2,1e-4,7,249.88526998893946
1950,0.0723226908473873,0,0,0,0,0,0,0,0,0,0,3.97441500712995,3.9742517391486,241.868899805244,66,1.2,1e-4,7,249.88988924236995
1980,0.0709379814259428,0,0,0,0,0,0,0,0,0,0,3.8975884570512,3.89742986484677,242.02828097938,67,1.2,1e-4,7,249.89423728270393
0,250,0,0,0,0,0,0,0,0,0,0,0,0,0,1,1.2,1e-4,8,250
30,250.000322400697,0,0,0,0,0,0,0,0,0,0,0,0,0,2,1.2,1e-4,8,250.000322400697
60,250.000090984018,0,0,0,0,0,0,0,0,0,0,0,0,0,3,1.2,1e-4,8,250.000090984018
90,250.000018876751,0,0,0,0,0,0,0,0,0,0,0,0,0,4,1.2,1e-4,8,250.000018876751
120,206.481115099398,0,0,0,0,0,0,0,0,0,0,54.0633524380301,54.0633524380301,0.0132757837972,5,1.2,1e-4,8,314.6210957592554
150,113.912961968456,0,0,0,0,0,0,0,0,0,0,88.0242983856654,88.0229664446679,0.0407072381462056,6,1.2,1e-4,8,290.0009340369355
180,57.3555901943069,0,0,0,0,0,0,0,0,0,0,92.3648923496847,92.3623422932494,0.0828721070704942,7,1.2,1e-4,8,242.1656969443115
210,25.4153665839415,0,0,0,0,0,0,0,0,0,0,84.280452008867,84.277631170181,0.144865458083328,8,1.2,1e-4,8,194.11831522107283
240,9.28737795545615,0,0,0,0,0,0,0,0,0,0,71.7025340164492,71.7003246360819,0.233014384368413,9,1.2,1e-4,8,152.92325099235566
270,2.6192735445277,0,0,0,0,0,0,0,0,0,0,60.2106756282399,60.209408785776,0.354745810991649,10,1.2,1e-4,8,123.39410376953525
300,0.548480201234871,0,0,0,0,0,0,0,0,0,0,53.1150849198079,53.1145283657993,0.517678719645811,11,1.2,1e-4,8,107.29577220648788
330,0.0942421608839735,0,0,0,0,0,0,0,0,0,0,50.4057629352299,50.4054964686315,0.734264573451152,12,1.2,1e-4,8,101.63976613819652
360,0.0322009438633773,0,0,0,0,0,0,0,0,0,0,7.40962313909643,7.40890253557276,0.69504037946355,13,1.2,1e-4,8,15.545766997996118
390,0.0263350519877769,0,0,0,0,0,0,0,0,0,0,8.41224832974308,8.41068720277302,4.14250543056387,14,1.2,1e-4,8,20.99177601506775
420,0.0909943994979512,0,0,0,0,0,0,0,0,0,0,25.1360819656067,25.1311713177117,19.7151294497434,15,1.2,1e-4,8,70.07337713255976
450,0.140333202590022,0,0,0,0,0,0,0,0,0,0,40.229397502973,40.2218679347432,56.6309783036763,16,1.2,1e-4,8,137.22257694398252
480,0.149978433441583,0,0,0,0,0,0,0,0,0,0,42.539884476415,42.5324873222892,99.0152685915657,17,1.2,1e-4,8,184.23761882371147
510,0.14634568170061,0,0,0,0,0,0,0,0,0,0,41.5897955012566,41.5832349845254,128.759958637663,18,1.2,1e-4,8,212.0793348051456
540,0.131641935770615,0,0,0,0,0,0,0,0,0,0,37.3753239389426,37.3699596750794,151.610987479009,19,1.2,1e-4,8,226.48791302880161
570,0.117529303522472,0,0,0,0,0,0,0,0,0,0,33.3608156015098,33.356436731373996,167.674740141325,20,1.2,1e-4,8,234.50952177773127
600,0.104717603773295,0,0,0,0,0,0,0,0,0,0,29.7143906061717,29.7107917896368,179.665157241003,21,1.2,1e-4,8,239.1950572405848
630,0.0938073651708376,0,0,0,0,0,0,0,0,0,0,26.6114360160683,26.6084371610762,188.798262684425,22,1.2,1e-4,8,242.11194322674032
660,0.0845939605172738,0,0,0,0,0,0,0,0,0,0,23.9918213882651,23.9892868137595,195.960174245241,23,1.2,1e-4,8,244.02587640778287
690,0.0768158949204811,0,0,0,0,0,0,0,0,0,0,21.7809275251215,21.7787565046618,201.702637712189,24,1.2,1e-4,8,245.33913763689276
720,0.070212549278027,0,0,0,0,0,0,0,0,0,0,19.9043489512017,19.9024668116305,206.397160038857,25,1.2,1e-4,8,246.27418835096725
750,0.0645651750757215,0,0,0,0,0,0,0,0,0,0,18.2997393725602,18.2980901550649,210.298423374119,26,1.2,1e-4,8,246.96081807681983
780,0.0596971043177966,0,0,0,0,0,0,0,0,0,0,16.9167748066614,16.9153160000745,213.586524094088,27,1.2,1e-4,8,247.4783120051417
810,0.0554680174827989,0,0,0,0,0,0,0,0,0,0,15.7155050886737,15.714203924931,216.391896720132,28,1.2,1e-4,8,247.87707375121948
840,0.0517667358341269,0,0,0,0,0,0,0,0,0,0,14.6642877869572,14.6631186475456,218.811092192195,29,1.2,1e-4,8,248.19026536253193
870,0.0485048928186599,0,0,0,0,0,0,0,0,0,0,13.73798012599,13.7369227123088,220.916955951253,30,1.2,1e-4,8,248.44036368237045
900,0.0456118314749387,0,0,0,0,0,0,0,0,0,0,12.9164828564175,12.9155208841398,222.765388211783,31,1.2,1e-4,8,248.64300378381523
930,0.0430306444148536,0,0,0,0,0,0,0,0,0,0,12.18361113033,12.1827313853035,224.399939447197,32,1.2,1e-4,8,248.80931260724535
960,0.0407151426945678,0,0,0,0,0,0,0,0,0,0,11.526230712554,11.5254223588189,225.855002290954,33,1.2,1e-4,8,248.94737050502147
990,0.0386275440717284,0,0,0,0,0,0,0,0,0,0,10.9335994760172,10.9328535418349,227.158071542371,34,1.2,1e-4,8,249.06315210429483
1020,0.0367367066923616,0,0,0,0,0,0,0,0,0,0,10.3968644307467,10.396173421956,228.331372457634,35,1.2,1e-4,8,249.16114701702904
1050,0.0350167732302272,0,0,0,0,0,0,0,0,0,0,9.90867573694986,9.90803334258817,229.393052593115,36,1.2,1e-4,8,249.24477844588324
1080,0.0334461236784514,0,0,0,0,0,0,0,0,0,0,9.4628886530978,9.46228951872127,230.358066854435,37,1.2,1e-4,8,249.31669114993252
1110,0.0320065609349108,0,0,0,0,0,0,0,0,0,0,9.05433178589475,9.0537713371712,231.238843452957,38,1.2,1e-4,8,249.37895313695788
1140,0.0306826728506438,0,0,0,0,0,0,0,0,0,0,8.67862558541055,8.67809988947135,232.045791114764,39,1.2,1e-4,8,249.43319926249654
1170,0.0294613288645927,0,0,0,0,0,0,0,0,0,0,8.33203915309907,8.33154480855651,232.787689720109,40,1.2,1e-4,8,249.48073501062916
1200,0.0283312799764422,0,0,0,0,0,0,0,0,0,0,8.01137646157361,8.01091051052084,233.471994283155,41,1.2,1e-4,8,249.5226125352259
1230,0.0272828386177013,0,0,0,0,0,0,0,0,0,0,7.71388531093749,7.71344516796684,234.105073767842,42,1.2,1e-4,8,249.559687085364
1260,0.0263076207311566,0,0,0,0,0,0,0,0,0,0,7.43718398503959,7.43676737955376,234.692400381706,43,1.2,1e-4,8,249.5926593670305
1290,0.0253983366210183,0,0,0,0,0,0,0,0,0,0,7.17920178242277,7.17880671141681,235.238700861939,44,1.2,1e-4,8,249.6221076923996
1320,0.0245486202975311,0,0,0,0,0,0,0,0,0,0,6.93813049717286,6.9377551863286,235.748078321245,45,1.2,1e-4,8,249.648512625044
1350,0.0237528894044539,0,0,0,0,0,0,0,0,0,0,6.71238459822356,6.71202746965275,236.224111092955,46,1.2,1e-4,8,249.67227605023578
1380,0.0230062295976784,0,0,0,0,0,0,0,0,0,0,6.50056836241187,6.50022800775417,236.66993346104601,47,1.2,1e-4,8,249.69373606080973
1410,0.022304298591666,0,0,0,0,0,0,0,0,0,0,6.30144860041477,6.30112375827726,237.088302014755,48,1.2,1e-4,8,249.71317867203868
1440,0.0216432461185558,0,0,0,0,0,0,0,0,0,0,6.11393190733497,6.11362144427353,237.481650514114,49,1.2,1e-4,8,249.73084711184106
1470,0.0210196468338329,0,0,0,0,0,0,0,0,0,0,5.93704559424697,5.93674848865433,237.852135511586,50,1.2,1e-4,8,249.74694924132112
1500,0.0204304438117775,0,0,0,0,0,0,0,0,0,0,5.76992163039818,5.76963695879036,238.201674489129,51,1.2,1e-4,8,249.7616635221293
1530,0.0198729007473674,0,0,0,0,0,0,0,0,0,0,5.61178306046218,5.61150998575485,238.531977898955,52,1.2,1e-4,8,249.77514384591942
1560,0.0193445613513634,0,0,0,0,0,0,0,0,0,0,5.4619324665196904,5.4616702279635,238.844576210631,53,1.2,1e-4,8,249.78752346646556
1590,0.0188432147162365,0,0,0,0,0,0,0,0,0,0,5.31974212719729,5.31949003170302,239.140842845836,54,1.2,1e-4,8,249.79891821945256
1620,0.0183668656605728,0,0,0,0,0,0,0,0,0,0,5.18464559180989,5.1844030064431,239.422013709304,55,1.2,1e-4,8,249.80942917321755
1650,0.0179137092423822,0,0,0,0,0,0,0,0,0,0,5.05613043933873,5.0558967848029,239.689203888797,56,1.2,1e-4,8,249.81914482218102
1680,0.0174821087777661,0,0,0,0,0,0,0,0,0,0,4.93373203360679,4.93350677856525,239.943421989764,57,1.2,1e-4,8,249.8281429107138
1710,0.0170705768186465,0,0,0,0,0,0,0,0,0,0,4.81702811935418,4.81681077546677,240.185582485053,58,1.2,1e-4,8,249.8364919566926
1740,0.0166777586378485,0,0,0,0,0,0,0,0,0,0,4.70563413081345,4.70542424838418,240.416516391973,59,1.2,1e-4,8,249.84425252980847
1770,0.0163024178464938,0,0,0,0,0,0,0,0,0,0,4.59919910618255,4.5989962703319,240.636980534232,60,1.2,1e-4,8,249.85147832859295
1800,0.0159434238310786,0,0,0,0,0,0,0,0,0,0,4.49740211913884,4.49720594642756,240.847665602088,61,1.2,1e-4,8,249.85821709148547
1830,0.0155997407486363,0,0,0,0,0,0,0,0,0,0,4.39994915304489,4.3997592884881,241.04920318818,62,1.2,1e-4,8,249.86451137046163
1860,0.0152704178602824,0,0,0,0,0,0,0,0,0,0,4.30657035540716,4.30638646982662,241.242171947262,63,1.2,1e-4,8,249.87039919035607
1890,0.0149545810179716,0,0,0,0,0,0,0,0,0,0,4.21701761996487,4.21683940763519,241.427103004098,64,1.2,1e-4,8,249.87591461271603
1920,0.0146514251478692,0,0,0,0,0,0,0,0,0,0,4.13106245190828,4.13088962845949,241.60448471413,65,1.2,1e-4,8,249.88108821964565
1950,0.0143602075974676,0,0,0,0,0,0,0,0,0,0,4.04849407847046,4.04832637901451,241.774766865224,66,1.2,1e-4,8,249.88594753030642
1980,0.0140802422333566,0,0,0,0,0,0,0,0,0,0,3.96911777275759,3.96895495021138,241.938364395358,67,1.2,1e-4,8,249.89051736056032
0,250,0,0,0,0,0,0,0,0,0,0,0,0,0,1,1.2,1e-4,9,250
30,250.000322400697,0,0,0,0,0,0,0,0,0,0,0,0,0,2,1.2,1e-4,9,250.000322400697
60,250.000090984018,0,0,0,0,0,0,0,0,0,0,0,0,0,3,1.2,1e-4,9,250.000090984018
90,250.000018876751,0,0,0,0,0,0,0,0,0,0,0,0,0,4,1.2,1e-4,9,250.000018876751
120,206.481115099398,0,0,0,0,0,0,0,0,0,0,54.0633524380301,54.0633524380301,0.0132757837972,5,1.2,1e-4,9,314.6210957592554
150,113.912961968456,0,0,0,0,0,0,0,0,0,0,88.0242983856654,88.0229664446679,0.0407072381462056,6,1.2,1e-4,9,290.0009340369355
180,57.3555901943069,0,0,0,0,0,0,0,0,0,0,92.3648923496847,92.3623422932494,0.0828721070704942,7,1.2,1e-4,9,242.1656969443115
210,25.4153665839415,0,0,0,0,0,0,0,0,0,0,84.280452008867,84.277631170181,0.144865458083328,8,1.2,1e-4,9,194.11831522107283
240,9.28737795545615,0,0,0,0,0,0,0,0,0,0,71.7025340164492,71.7003246360819,0.233014384368413,9,1.2,1e-4,9,152.92325099235566
270,2.6192735445277,0,0,0,0,0,0,0,0,0,0,60.2106756282399,60.209408785776,0.354745810991649,10,1.2,1e-4,9,123.39410376953525
300,0.548480201234871,0,0,0,0,0,0,0,0,0,0,53.1150849198079,53.1145283657993,0.517678719645811,11,1.2,1e-4,9,107.29577220648788
330,0.0942421608839735,0,0,0,0,0,0,0,0,0,0,50.4057629352299,50.4054964686315,0.734264573451152,12,1.2,1e-4,9,101.63976613819652
360,0.0173509618505978,0,0,0,0,0,0,0,0,0,0,50.0384495048668,50.0382113073008,1.02673119130619,13,1.2,1e-4,9,101.12074296532438
390,0.00734615149913412,0,0,0,0,0,0,0,0,0,0,8.67853667217554,8.67760012740822,0.981899740542971,14,1.2,1e-4,9,18.345382691625865
420,0.00627196992168508,0,0,0,0,0,0,0,0,0,0,10.4381757864248,10.4362253292854,6.08353530221525,15,1.2,1e-4,9,26.964208387847133
450,0.0196241316451699,0,0,0,0,0,0,0,0,0,0,28.2391777773151,28.2336807015154,25.052818340291,16,1.2,1e-4,9,81.54530095076667
480,0.0279980940199075,0,0,0,0,0,0,0,0,0,0,41.7073958184271,41.6996642130465,63.3333080682611,17,1.2,1e-4,9,146.76836619375462
510,0.028898655223385,0,0,0,0,0,0,0,0,0,0,42.6593849688912,42.6520650718448,104.432718224369,18,1.2,1e-4,9,189.77306692032838
540,0.0277494216025181,0,0,0,0,0,0,0,0,0,0,41.0444308858376,41.0380459706843,132.797188685507,19,1.2,1e-4,9,214.90741496363142
570,0.0248741102563599,0,0,0,0,0,0,0,0,0,0,36.767886256809,36.7626795775872,154.456144578886,20,1.2,1e-4,9,228.01158452353857
600,0.0221842117536933,0,0,0,0,0,0,0,0,0,0,32.7905087638177,32.7862569270768,169.775777667553,21,1.2,1e-4,9,235.3747275702012
630,0.0197745424922585,0,0,0,0,0,0,0,0,0,0,29.2241315976517,29.22063061822,181.255731123454,22,1.2,1e-4,9,239.72026788181796
660,0.0177290205343502,0,0,0,0,0,0,0,0,0,0,26.1978459647705,26.1949223758225,190.038882758033,23,1.2,1e-4,9,242.44938011916034
690,0.016002931639783,0,0,0,0,0,0,0,0,0,0,23.6442713002704,23.6417951856098,196.951236078127,24,1.2,1e-4,9,244.253305495647
720,0.014545081410567,0,0,0,0,0,0,0,0,0,0,21.4877164011393,21.4855914252082,202.510754213412,25,1.2,1e-4,9,245.49860712117007
750,0.0133062895361433,0,0,0,0,0,0,0,0,0,0,19.6553176667419,19.6534723286201,207.067644483727,26,1.2,1e-4,9,246.38974076862516
780,0.0122457056147757,0,0,0,0,0,0,0,0,0,0,18.086603199276,18.0849838138441,210.863057177478,27,1.2,1e-4,9,247.04688989621286
810,0.0113304724814907,0,0,0,0,0,0,0,0,0,0,16.7329380606203,16.7315037553216,214.068171657947,28,1.2,1e-4,9,247.5439439463704
840,0.0105345265915936,0,0,0,0,0,0,0,0,0,0,15.555749329639,15.5544685309471,216.807383656582,29,1.2,1e-4,9,247.9281360437597
870,0.00983721746579908,0,0,0,0,0,0,0,0,0,0,14.5244781790548,14.5233261511442,219.173048946507,30,1.2,1e-4,9,248.2306904941718
900,0.00922212199729461,0,0,0,0,0,0,0,0,0,0,13.6148234952071,13.6137806009168,221.235032422086,31,1.2,1e-4,9,248.4728586402072
930,0.00867609669171292,0,0,0,0,0,0,0,0,0,0,12.8073382661856,12.8063887236563,223.047073854499,32,1.2,1e-4,9,248.6694769410326
960,0.00818854483113527,0,0,0,0,0,0,0,0,0,0,12.0863445510543,12.0854755328302,224.651129365659,33,1.2,1e-4,9,248.83113799437461
990,0.00775085631900927,0,0,0,0,0,0,0,0,0,0,11.4391042483623,11.4383052197351,226.080395834465,34,1.2,1e-4,9,248.9655561588814
1020,0.00735598057931292,0,0,0,0,0,0,0,0,0,0,10.8551869108806,10.8544491374796,227.361458050003,35,1.2,1e-4,9,249.0784500789425
1050,0.00699810011080193,0,0,0,0,0,0,0,0,0,0,10.3259865940866,10.3253027707658,228.515839467219,36,1.2,1e-4,9,249.1741269321822
1080,0.00667237972881096,0,0,0,0,0,0,0,0,0,0,9.84435075409865,9.84371472188797,229.561139823775,37,1.2,1e-4,9,249.25587767949042
1110,0.00637477272320542,0,0,0,0,0,0,0,0,0,0,9.4042933958136,9.40369992360436,230.511881643086,38,1.2,1e-4,9,249.32624973522718
1140,0.0061018699634267,0,0,0,0,0,0,0,0,0,0,9.00077178768937,9.00021640207656,231.380148379507,39,1.2,1e-4,9,249.38723843923637
1170,0.00585078158134064,0,0,0,0,0,0,0,0,0,0,8.62951139175618,8.62899024311008,232.176071284166,40,1.2,1e-4,9,249.4404237006136
1200,0.00561904352179616,0,0,0,0,0,0,0,0,0,0,8.28686759552769,8.2863773516126,232.908204974473,41,1.2,1e-4,9,249.48706896513508
1230,0.00540454320465685,0,0,0,0,0,0,0,0,0,0,7.9697157255436,7.96925348629263,233.583820118754,42,1.2,1e-4,9,249.5281938737949
1260,0.00520545997736855,0,0,0,0,0,0,0,0,0,0,7.67536294724892,7.67492617593982,234.209133693816,43,1.2,1e-4,9,249.56462827698212
1290,0.00502021709439433,0,0,0,0,0,0,0,0,0,0,7.40147722105194,7.40106368831053,234.789491728291,44,1.2,1e-4,9,249.5970528547479
1320,0.00484744274215578,0,0,0,0,0,0,0,0,0,0,7.1460296424018,7.14563738032156,235.329515527538,45,1.2,1e-4,9,249.62602999300353
1350,0.00468593821017176,0,0,0,0,0,0,0,0,0,0,6.90724735523871,6.90687461954107,235.833219574523,46,1.2,1e-4,9,249.65202748751295
1380,0.00453465174478612,0,0,0,0,0,0,0,0,0,0,6.68357487302425,6.68322011165661,236.304107274491,47,1.2,1e-4,9,249.67543691091666
1410,0.00439265695011004,0,0,0,0,0,0,0,0,0,0,6.47364212733127,6.47330395425584,236.745249229445,48,1.2,1e-4,9,249.69658796798223
1440,0.00425913484968819,0,0,0,0,0,0,0,0,0,0,6.27623793229472,6.2759151054894,237.159347633757,49,1.2,1e-4,9,249.7157598063908
1470,0.00413335891234315,0,0,0,0,0,0,0,0,0,0,6.09028783430863,6.08997923720767,237.54878956616,50,1.2,1e-4,9,249.73318999658864
1500,0.00401468249154473,0,0,0,0,0,0,0,0,0,0,5.91483553224348,5.91454015800314,237.915691339247,51,1.2,1e-4,9,249.74908171198516
1530,0.0039025282404151,0,0,0,0,0,0,0,0,0,0,5.74902722031607,5.74874415841345,238.26193560183,52,1.2,1e-4,9,249.76360950879993
1560,0.00379637915217037,0,0,0,0,0,0,0,0,0,0,5.59209833549689,5.59182676026588,238.589202533235,53,1.2,1e-4,9,249.77692400814996
1590,0.00369577094439749,0,0,0,0,0,0,0,0,0,0,5.44336229283922,5.4431014536227,238.898996194155,54,1.2,1e-4,9,249.7891557115613
1620,0.00360028555953564,0,0,0,0,0,0,0,0,0,0,5.3022008719687,5.30195008462561,239.192666885744,55,1.2,1e-4,9,249.80041812789784
1650,0.0035095455966297,0,0,0,0,0,0,0,0,0,0,5.16805598114596,5.1678146206993,239.471430202269,56,1.2,1e-4,9,249.8108103497109
1680,0.00342320952338473,0,0,0,0,0,0,0,0,0,0,5.04042257556164,5.0401900698114,239.736383331823,57,1.2,1e-4,9,249.82041918671942
1710,0.00334096754470145,0,0,0,0,0,0,0,0,0,0,4.91884254669277,4.91861837064817,239.988519056215,58,1.2,1e-4,9,249.82932094110066
1740,0.00326253802568813,0,0,0,0,0,0,0,0,0,0,4.80289943182383,4.80268310283397,240.228737818799,59,1.2,1e-4,9,249.8375828914825
1770,0.00318766438475491,0,0,0,0,0,0,0,0,0,0,4.69221381889005,4.69200489237221,240.457858163219,60,1.2,1e-4,9,249.845264538866
1800,0.00311611238668004,0,0,0,0,0,0,0,0,0,0,4.58643934293114,4.58623740861214,240.676625793091,61,1.2,1e-4,9,249.85241865702096
1830,0.00304766777717265,0,0,0,0,0,0,0,0,0,0,4.48525918765607,4.48506386625576,240.88572145986,62,1.2,1e-4,9,249.85909218154902
1860,0.00298213420997513,0,0,0,0,0,0,0,0,0,0,4.3883830197012,4.38819395999814,241.085767851346,63,1.2,1e-4,9,249.86532696525532
1890,0.00291933142536797,0,0,0,0,0,0,0,0,0,0,4.29554429473151,4.2953611709599,241.277335625147,64,1.2,1e-4,9,249.87116042226378
1920,0.00285909364538806,0,0,0,0,0,0,0,0,0,0,4.20649788407372,4.20632039360851,241.46094870782,65,1.2,1e-4,9,249.8766260791476
1950,0.00280126815641042,0,0,0,0,0,0,0,0,0,0,4.12101797846786,4.12084583976129,241.637088961711,66,1.2,1e-4,9,249.88175404809655
1980,0.00274571405417915,0,0,0,0,0,0,0,0,0,0,4.03889623208577,4.03872918282354,241.806200305451,67,1.2,1e-4,9,249.8865714344145
0,250,0,0,0,0,0,0,0,0,0,0,0,0,0,1,1.3,0,10,250
30,250.000322400697,0,0,0,0,0,0,0,0,0,0,0,0,0,2,1.3,0,10,250.000322400697
60,250.000090984018,0,0,0,0,0,0,0,0,0,0,0,0,0,3,1.3,0,10,250.000090984018
90,250.000018876751,0,0,0,0,0,0,0,0,0,0,0,0,0,4,1.3,0,10,250.000018876751
120,204.11921964368,0,0,0,0,0,0,0,0,0,0,57.9146476764686,57.9146476764686,0,5,1.3,0,10,319.9485149966172
150,108.450847649906,0,0,0,0,0,0,0,0,0,0,92.5277982425539,92.5277982425539,0,6,1.3,0,10,293.5064441350138
180,51.9029281091018,0,0,0,0,0,0,0,0,0,0,95.4686100395322,95.4686100395322,0,7,1.3,0,10,242.84014818816618
210,21.4877131802371,0,0,0,0,0,0,0,0,0,0,85.8428888755609,85.8428888755609,0,8,1.3,0,10,193.1734909313589
240,7.15914841330835,0,0,0,0,0,0,0,0,0,0,72.5756829202249,72.5756829202249,0,9,1.3,0,10,152.31051425375816
270,1.7736282280408,0,0,0,0,0,0,0,0,0,0,61.4840094446841,61.4840094446841,0,10,1.3,0,10,124.741647117409
300,0.30490372717005,0,0,0,0,0,0,0,0,0,0,55.2398419436183,55.2398419436183,0,11,1.3,0,10,110.78458761440666
330,0.0366733746357735,0,0,0,0,0,0,0,0,0,0,52.9792392726245,52.9792392726245,0,12,1.3,0,10,105.99515191988476
360,0.00343958508564117,0,0,0,0,0,0,0,0,0,0,52.4664977464197,52.4664977464197,0,13,1.3,0,10,104.93643507792504
390,2.8053599161616e-4,0,0,0,0,0,0,0,0,0,0,52.3879278489531,52.3879278489531,0,14,1.3,0,10,104.77613623389782
420,2.49763058214698e-5,0,0,0,0,0,0,0,0,0,0,3.09444483987086,3.09444483987086,0,15,1.3,0,10,6.188914656047542
450,3.66593496033295e-6,0,0,0,0,0,0,0,0,0,0,0.183069984165438,0.183069984165438,0,16,1.3,0,10,0.3661436342658363
480,4.39612842420068e-7,0,0,0,0,0,0,0,0,0,0,0.0108889946146485,0.0108889946146485,0,17,1.3,0,10,0.02177842884213942
510,4.02372882424485e-8,0,0,0,0,0,0,0,0,0,0,6.5279393680179e-4,6.5279393680179e-4,0,18,1.3,0,10,0.0013056281108918225
540,3.2303075465891102e-9,0,0,0,0,0,0,0,0,0,0,3.94440819700074e-5,3.94440819700074e-5,0,19,1.3,0,10,7.889139424756138e-5
570,2.4180461074400703e-10,0,0,0,0,0,0,0,0,0,0,2.4010332451359e-6,2.4010332451359e-6,0,20,1.3,0,10,4.8023082948825435e-6
600,1.7340562417429897e-11,0,0,0,0,0,0,0,0,0,0,1.47154231150386e-7,1.47154231150386e-7,0,21,1.3,0,10,2.9432580286318945e-7
630,1.20830054459804e-12,0,0,0,0,0,0,0,0,0,0,9.07451315848896e-9,9.07451315848896e-9,0,22,1.3,0,10,1.815023461752252e-8
660,8.24893614942362e-14,0,0,0,0,0,0,0,0,0,0,5.62667724897953e-10,5.62667724897953e-10,0,23,1.3,0,10,1.1254179391574003e-9
690,5.546546261095571e-15,0,0,0,0,0,0,0,0,0,0,3.50556952300374e-11,3.50556952300374e-11,0,24,1.3,0,10,7.011693700633589e-11
720,3.68635399893034e-16,0,0,0,0,0,0,0,0,0,0,2.1930656340553998e-12,2.1930656340553998e-12,0,25,1.3,0,10,4.386499903510693e-12
750,2.42781616534433e-17,0,0,0,0,0,0,0,0,0,0,1.37675490483224e-13,1.37675490483224e-13,0,26,1.3,0,10,2.7537525912810145e-13
780,1.5873803968755898e-18,0,0,0,0,0,0,0,0,0,0,8.668051820755061e-15,8.668051820755061e-15,0,27,1.3,0,10,1.7337691021906996e-14
810,1.0318044044336699e-19,0,0,0,0,0,0,0,0,0,0,5.47040668966999e-16,5.47040668966999e-16,0,28,1.3,0,10,1.0941845183744412e-15
840,6.6746960118356604e-21,0,0,0,0,0,0,0,0,0,0,3.45900320254423e-17,3.45900320254423e-17,0,29,1.3,0,10,6.918673874689644e-17
870,4.30081107048229e-22,0,0,0,0,0,0,0,0,0,0,2.19049263203685e-18,2.19049263203685e-18,0,30,1.3,0,10,4.381415345180748e-18
900,2.76215039431142e-23,0,0,0,0,0,0,0,0,0,0,1.3888114399137698e-19,1.3888114399137698e-19,0,31,1.3,0,10,2.7778990948669706e-19
930,1.76913078428153e-24,0,0,0,0,0,0,0,0,0,0,8.81311756101304e-21,8.81311756101304e-21,0,32,1.3,0,10,1.7628004252810363e-20
960,1.13053186421392e-25,0,0,0,0,0,0,0,0,0,0,5.59622847855921e-22,5.59622847855921e-22,0,33,1.3,0,10,1.1193587488982633e-21
990,7.21068947167269e-27,0,0,0,0,0,0,0,0,0,0,3.5551177397288396e-23,3.5551177397288396e-23,0,34,1.3,0,10,7.110956548404846e-23
1020,4.59172551034609e-28,0,0,0,0,0,0,0,0,0,0,2.25909356131939e-24,2.25909356131939e-24,0,35,1.3,0,10,4.518646295189815e-24
1050,2.9200652015412797e-29,0,0,0,0,0,0,0,0,0,0,1.43574999601028e-25,1.43574999601028e-25,0,36,1.3,0,10,2.871791998540714e-25
1080,1.85490372865091e-30,0,0,0,0,0,0,0,0,0,0,9.12519531702749e-27,9.12519531702749e-27,0,37,1.3,0,10,1.825224553778363e-26
1110,1.1771790078384898e-31,0,0,0,0,0,0,0,0,0,0,5.79947203820113e-28,5.79947203820113e-28,0,38,1.3,0,10,1.16001212554101e-27
1140,7.46489904724938e-33,0,0,0,0,0,0,0,0,0,0,3.68544672473775e-29,3.68544672473775e-29,0,39,1.3,0,10,7.371639939380225e-29
1170,4.7306789796151e-34,0,0,0,0,0,0,0,0,0,0,2.3416743171336597e-30,2.3416743171336597e-30,0,40,1.3,0,10,4.683821702165281e-30
1200,2.9963348914868895e-35,0,0,0,0,0,0,0,0,0,0,1.4875872738699299e-31,1.4875872738699299e-31,0,41,1.3,0,10,2.9754741812290085e-31
1230,1.89699632199252e-36,0,0,0,0,0,0,0,0,0,0,9.44816719474554e-33,9.44816719474554e-33,0,42,1.3,0,10,1.8898231385813073e-32
1260,1.2005702964263e-37,0,0,0,0,0,0,0,0,0,0,5.999501069224949e-34,5.999501069224949e-34,0,43,1.3,0,10,1.2000202708746325e-33
1290,7.59598393623168e-39,0,0,0,0,0,0,0,0,0,0,3.8087411724059195e-35,3.8087411724059195e-35,0,44,1.3,0,10,7.618241943205462e-35
1320,4.80486959335872e-40,0,0,0,0,0,0,0,0,0,0,2.41738185756643e-36,2.41738185756643e-36,0,45,1.3,0,10,4.8352442020921955e-36
1350,3.03880011466337e-41,0,0,0,0,0,0,0,0,0,0,1.5339356030621998e-37,1.5339356030621998e-37,0,46,1.3,0,10,3.068175086135866e-37
1380,1.92160471270958e-42,0,0,0,0,0,0,0,0,0,0,9.731261181280641e-39,9.731261181280641e-39,0,47,1.3,0,10,1.9464443967273992e-38
1410,1.2150184082597398e-43,0,0,0,0,0,0,0,0,0,0,6.1721209920986796e-40,6.1721209920986796e-40,0,48,1.3,0,10,1.2345457002605619e-39
1440,7.681950275053729e-45,0,0,0,0,0,0,0,0,0,0,3.91387562026858e-41,3.91387562026858e-41,0,49,1.3,0,10,7.828519435564666e-41
1470,4.8566936968461304e-46,0,0,0,0,0,0,0,0,0,0,2.4813696252511297e-42,2.4813696252511297e-42,0,50,1.3,0,10,4.963224919871944e-42
1500,3.07043135648311e-47,0,0,0,0,0,0,0,0,0,0,1.5728695564465697e-43,1.5728695564465697e-43,0,51,1.3,0,10,3.1460461560287878e-43
1530,1.9411306528693698e-48,0,0,0,0,0,0,0,0,0,0,9.96818141617385e-45,9.96818141617385e-45,0,52,1.3,0,10,1.9938303963000568e-44
1560,1.22719247407998e-49,0,0,0,0,0,0,0,0,0,0,6.3163534249664604e-46,6.3163534249664604e-46,0,53,1.3,0,10,1.2633934042407001e-45
1590,7.75850040546241e-51,0,0,0,0,0,0,0,0,0,0,4.00174541644523e-47,4.00174541644523e-47,0,54,1.3,0,10,8.004266682931006e-47
1620,4.905165975795331e-52,0,0,0,0,0,0,0,0,0,0,2.53495491331492e-48,2.53495491331492e-48,0,55,1.3,0,10,5.0704003432274194e-48
1650,3.1012958952751202e-53,0,0,0,0,0,0,0,0,0,0,1.6055869861623199e-49,1.6055869861623199e-49,0,56,1.3,0,10,3.211484101914167e-49
1680,1.9608677662753097e-54,0,0,0,0,0,0,0,0,0,0,1.01682248183709e-50,1.01682248183709e-50,0,57,1.3,0,10,2.0338410504508075e-50
1710,1.2398536643137099e-55,0,0,0,0,0,0,0,0,0,0,6.4388574052086e-52,6.4388574052086e-52,0,58,1.3,0,10,1.2878954664081514e-51
1740,7.839899075428169e-57,0,0,0,0,0,0,0,0,0,0,4.07689257242854e-53,4.07689257242854e-53,0,59,1.3,0,10,8.154569134764623e-53
1770,4.9575706187763804e-58,0,0,0,0,0,0,0,0,0,0,2.5811348322208398e-54,2.5811348322208398e-54,0,60,1.3,0,10,5.162765421503557e-54
1800,3.13506009293449e-59,0,0,0,0,0,0,0,0,0,0,1.6340185602275e-55,1.6340185602275e-55,0,61,1.3,0,10,3.268350626464294e-55
1830,1.98262783977865e-60,0,0,0,0,0,0,0,0,0,0,1.03436016807039e-56,1.03436016807039e-56,0,62,1.3,0,10,2.068918598924758e-56
1860,1.2538758068123102e-61,0,0,0,0,0,0,0,0,0,0,6.54724321348359e-58,6.54724321348359e-58,0,63,1.3,0,10,1.3095740302773993e-57
1890,7.93022090355662e-63,0,0,0,0,0,0,0,0,0,0,4.14400391484651e-59,4.14400391484651e-59,0,64,1.3,0,10,8.288800851783377e-59
1920,5.01571441828855e-64,0,0,0,0,0,0,0,0,0,0,2.6227669178335096e-60,2.6227669178335096e-60,0,65,1.3,0,10,5.246035407108848e-60
1950,3.1724609575733503e-65,0,0,0,0,0,0,0,0,0,0,1.6598915395330503e-61,1.6598915395330503e-61,0,66,1.3,0,10,3.320100325161858e-61
1980,2.0066650578659e-66,0,0,0,0,0,0,0,0,0,0,1.05046741281116e-62,1.05046741281116e-62,0,67,1.3,0,10,2.1011354921281066e-62
0,250,0,0,0,0,0,0,0,0,0,0,0,0,0,1,1.3,0,11,250
30,250.000322400697,0,0,0,0,0,0,0,0,0,0,0,0,0,2,1.3,0,11,250.000322400697
60,250.000090984018,0,0,0,0,0,0,0,0,0,0,0,0,0,3,1.3,0,11,250.000090984018
90,250.000018876751,0,0,0,0,0,0,0,0,0,0,0,0,0,4,1.3,0,11,250.000018876751
120,204.11921964368,0,0,0,0,0,0,0,0,0,0,57.9146476764686,57.9146476764686,0,5,1.3,0,11,319.9485149966172
150,108.450847649906,0,0,0,0,0,0,0,0,0,0,92.5277982425539,92.5277982425539,0,6,1.3,0,11,293.5064441350138
180,51.9029281091018,0,0,0,0,0,0,0,0,0,0,95.4686100395322,95.4686100395322,0,7,1.3,0,11,242.84014818816618
210,21.4877131802371,0,0,0,0,0,0,0,0,0,0,85.8428888755609,85.8428888755609,0,8,1.3,0,11,193.1734909313589
240,7.15914841330835,0,0,0,0,0,0,0,0,0,0,72.5756829202249,72.5756829202249,0,9,1.3,0,11,152.31051425375816
270,1.7736282280408,0,0,0,0,0,0,0,0,0,0,61.4840094446841,61.4840094446841,0,10,1.3,0,11,124.741647117409
300,0.30490372717005,0,0,0,0,0,0,0,0,0,0,55.2398419436183,55.2398419436183,0,11,1.3,0,11,110.78458761440666
330,0.0366733746357735,0,0,0,0,0,0,0,0,0,0,52.9792392726245,52.9792392726245,0,12,1.3,0,11,105.99515191988476
360,0.00343958508564117,0,0,0,0,0,0,0,0,0,0,52.4664977464197,52.4664977464197,0,13,1.3,0,11,104.93643507792504
390,2.8053599161616e-4,0,0,0,0,0,0,0,0,0,0,52.3879278489531,52.3879278489531,0,14,1.3,0,11,104.77613623389782
420,2.11563501694755e-5,0,0,0,0,0,0,0,0,0,0,52.3786702745961,52.3786702745961,0,15,1.3,0,11,104.75736170554237
450,1.74614302671214e-6,0,0,0,0,0,0,0,0,0,0,3.0931747320387,3.0931747320387,0,16,1.3,0,11,6.186351210220427
480,2.32468344829336e-7,0,0,0,0,0,0,0,0,0,0,0.182684093271726,0.182684093271726,0,17,1.3,0,11,0.36536841901179684
510,2.68795186575131e-8,0,0,0,0,0,0,0,0,0,0,0.0107929809778096,0.0107929809778096,0,18,1.3,0,11,0.021585988835137855
540,2.42535019523076e-9,0,0,0,0,0,0,0,0,0,0,6.3795451823986e-4,6.3795451823986e-4,0,19,1.3,0,11,0.0012759114618299153
570,1.92996173259704e-10,0,0,0,0,0,0,0,0,0,0,3.77270236387693e-5,3.77270236387693e-5,0,20,1.3,0,11,7.545424027371186e-5
600,1.43392372348615e-11,0,0,0,0,0,0,0,0,0,0,2.23217821767656e-6,2.23217821767656e-6,0,21,1.3,0,11,4.464370774590355e-6
630,1.0206929605208499e-12,0,0,0,0,0,0,0,0,0,0,1.32134898457105e-7,1.32134898457105e-7,0,22,1.3,0,11,2.642708176071705e-7
660,7.05577054710509e-14,0,0,0,0,0,0,0,0,0,0,7.82559223932976e-9,7.82559223932976e-9,0,23,1.3,0,11,1.565125503636499e-8
690,4.77474589912841e-15,0,0,0,0,0,0,0,0,0,0,4.63688499386122e-10,4.63688499386122e-10,0,24,1.3,0,11,9.273817735181431e-10
720,3.17933812622268e-16,0,0,0,0,0,0,0,0,0,0,2.7487993732983696e-11,2.7487993732983696e-11,0,25,1.3,0,11,5.4976305399780015e-11
750,2.0903220873569702e-17,0,0,0,0,0,0,0,0,0,0,1.6302916939997898e-12,1.6302916939997898e-12,0,26,1.3,0,11,3.2606042912204533e-12
780,1.3603517471294199e-18,0,0,0,0,0,0,0,0,0,0,9.67366097879263e-14,9.67366097879263e-14,0,27,1.3,0,11,1.9347457992759973e-13
810,8.77887506636733e-20,0,0,0,0,0,0,0,0,0,0,5.742714027599471e-15,5.742714027599471e-15,0,28,1.3,0,11,1.1485515843949605e-14
840,5.6256510778381305e-21,0,0,0,0,0,0,0,0,0,0,3.41068489255593e-16,3.41068489255593e-16,0,29,1.3,0,11,6.821426041622638e-16
870,3.58356713931776e-22,0,0,0,0,0,0,0,0,0,0,2.02656805610469e-17,2.02656805610469e-17,0,30,1.3,0,11,4.053171947880773e-17
900,2.27108293843489e-23,0,0,0,0,0,0,0,0,0,0,1.20468333149818e-18,1.20468333149818e-18,0,31,1.3,0,11,2.4093893738257444e-18
930,1.43291199078983e-24,0,0,0,0,0,0,0,0,0,0,7.16429530688906e-20,7.16429530688906e-20,0,32,1.3,0,11,1.43287339049772e-19
960,9.00565884850258e-26,0,0,0,0,0,0,0,0,0,0,4.2624522205226e-21,4.2624522205226e-21,0,33,1.3,0,11,8.524994497633686e-21
990,5.64052781593859e-27,0,0,0,0,0,0,0,0,0,0,2.53704102664164e-22,2.53704102664164e-22,0,34,1.3,0,11,5.07413845856144e-22
1020,3.52207510886533e-28,0,0,0,0,0,0,0,0,0,0,1.51068424673754e-23,1.51068424673754e-23,0,35,1.3,0,11,3.0214037142261686e-23
1050,2.19327278103307e-29,0,0,0,0,0,0,0,0,0,0,8.99900220291625e-25,8.99900220291625e-25,0,36,1.3,0,11,1.7998223733110603e-24
1080,1.36245351419716e-30,0,0,0,0,0,0,0,0,0,0,5.36272542682435e-26,5.36272542682435e-26,0,37,1.3,0,11,1.072558709900012e-25
1110,8.44478802684234e-32,0,0,0,0,0,0,0,0,0,0,3.1970050058733e-27,3.1970050058733e-27,0,38,1.3,0,11,6.394094459626868e-27
1140,5.2237575346289895e-33,0,0,0,0,0,0,0,0,0,0,1.9066173834945098e-28,1.9066173834945098e-28,0,39,1.3,0,11,3.813287004564366e-28
1170,3.22538969671682e-34,0,0,0,0,0,0,0,0,0,0,1.13747567121476e-29,1.13747567121476e-29,0,40,1.3,0,11,2.2749835963264871e-29
1200,1.9881743036918298e-35,0,0,0,0,0,0,0,0,0,0,6.7885156719943896e-31,6.7885156719943896e-31,0,41,1.3,0,11,1.3577230161419149e-30
1230,1.22365752246778e-36,0,0,0,0,0,0,0,0,0,0,4.05282111249933e-32,4.05282111249933e-32,0,42,1.3,0,11,8.105764590750907e-32
1260,7.52058673029781e-38,0,0,0,0,0,0,0,0,0,0,2.42039181930709e-33,2.42039181930709e-33,0,43,1.3,0,11,4.840858844481483e-33
1290,4.6161230791728e-39,0,0,0,0,0,0,0,0,0,0,1.44595660635637e-34,1.44595660635637e-34,0,44,1.3,0,11,2.8919593739435316e-34
1320,2.8299530997334796e-40,0,0,0,0,0,0,0,0,0,0,8.64095783937631e-36,8.64095783937631e-36,0,45,1.3,0,11,1.7282198674062592e-35
1350,1.73298718276383e-41,0,0,0,0,0,0,0,0,0,0,5.16536787611161e-37,5.16536787611161e-37,0,46,1.3,0,11,1.0330909050941497e-36
1380,1.06013215067807e-42,0,0,0,0,0,0,0,0,0,0,3.08865276086192e-38,3.08865276086192e-38,0,47,1.3,0,11,6.177411534938908e-38
1410,6.478943712315298e-44,0,0,0,0,0,0,0,0,0,0,1.84740070152262e-39,1.84740070152262e-39,0,48,1.3,0,11,3.694866192482363e-39
1440,3.9559981551185896e-45,0,0,0,0,0,0,0,0,0,0,1.1052819378473e-40,1.1052819378473e-40,0,49,1.3,0,11,2.210603435676151e-40
1470,2.41346618514456e-46,0,0,0,0,0,0,0,0,0,0,6.61455739396757e-42,6.61455739396757e-42,0,50,1.3,0,11,1.3229356134553653e-41
1500,1.47123813775468e-47,0,0,0,0,0,0,0,0,0,0,3.959497684304569e-43,3.959497684304569e-43,0,51,1.3,0,11,7.919142492422914e-43
1530,8.96195411234833e-49,0,0,0,0,0,0,0,0,0,0,2.37075609938129e-44,2.37075609938129e-44,0,52,1.3,0,11,4.741601818303704e-44
1560,5.45531764759408e-50,0,0,0,0,0,0,0,0,0,0,1.4198324142760498e-45,1.4198324142760498e-45,0,53,1.3,0,11,2.8397193817285754e-45
1590,3.31858524891489e-51,0,0,0,0,0,0,0,0,0,0,8.50524315349147e-47,8.50524315349147e-47,0,54,1.3,0,11,1.7010818165507831e-46
1620,2.01752129968734e-52,0,0,0,0,0,0,0,0,0,0,5.09602906229906e-48,5.09602906229906e-48,0,55,1.3,0,11,1.0192259876728088e-47
1650,1.22583164955078e-53,0,0,0,0,0,0,0,0,0,0,3.05399781959804e-49,3.05399781959804e-49,0,56,1.3,0,11,6.1081182223610354e-49
1680,7.44398133247034e-55,0,0,0,0,0,0,0,0,0,0,1.83059992211134e-50,1.83059992211134e-50,0,57,1.3,0,11,3.6612742840360045e-50
1710,4.51808733283919e-56,0,0,0,0,0,0,0,0,0,0,1.09749449926024e-51,1.09749449926024e-51,0,58,1.3,0,11,2.1950341793938085e-51
1740,2.74088673215173e-57,0,0,0,0,0,0,0,0,0,0,6.58099936225211e-53,6.58099936225211e-53,0,59,1.3,0,11,1.3162272813177434e-52
1770,1.66198096888194e-58,0,0,0,0,0,0,0,0,0,0,3.9469207150833896e-54,3.9469207150833896e-54,0,60,1.3,0,11,7.894007628263667e-54
1800,1.00732610809801e-59,0,0,0,0,0,0,0,0,0,0,2.3675468089808e-55,2.3675468089808e-55,0,61,1.3,0,11,4.73519435057241e-55
1830,6.102855808992111e-61,0,0,0,0,0,0,0,0,0,0,1.42039460456594e-56,1.42039460456594e-56,0,62,1.3,0,11,2.8408502376899697e-56
1860,3.6959351861459005e-62,0,0,0,0,0,0,0,0,0,0,8.52288173252888e-58,8.52288173252888e-58,0,63,1.3,0,11,1.7046133058576374e-57
1890,2.23744544714765e-63,0,0,0,0,0,0,0,0,0,0,5.1147893277019504e-59,5.1147893277019504e-59,0,64,1.3,0,11,1.0229802399948616e-58
1920,1.35402145221657e-64,0,0,0,0,0,0,0,0,0,0,3.06993940152328e-60,3.06993940152328e-60,0,65,1.3,0,11,6.140014205191782e-60
1950,8.19126973714541e-66,0,0,0,0,0,0,0,0,0,0,1.84284851135935e-61,1.84284851135935e-61,0,66,1.3,0,11,3.685778935416071e-61
1980,4.95377930324139e-67,0,0,0,0,0,0,0,0,0,0,1.10638010848955e-62,1.10638010848955e-62,0,67,1.3,0,11,2.2128097547721326e-62
0,250,0,0,0,0,0,0,0,0,0,0,0,0,0,1,1.3,0,12,250
30,250.000322400697,0,0,0,0,0,0,0,0,0,0,0,0,0,2,1.3,0,12,250.000322400697
60,250.000090984018,0,0,0,0,0,0,0,0,0,0,0,0,0,3,1.3,0,12,250.000090984018
90,250.000018876751,0,0,0,0,0,0,0,0,0,0,0,0,0,4,1.3,0,12,250.000018876751
120,204.11921964368,0,0,0,0,0,0,0,0,0,0,57.9146476764686,57.9146476764686,0,5,1.3,0,12,319.9485149966172
150,108.450847649906,0,0,0,0,0,0,0,0,0,0,92.5277982425539,92.5277982425539,0,6,1.3,0,12,293.5064441350138
180,51.9029281091018,0,0,0,0,0,0,0,0,0,0,95.4686100395322,95.4686100395322,0,7,1.3,0,12,242.84014818816618
210,21.4877131802371,0,0,0,0,0,0,0,0,0,0,85.8428888755609,85.8428888755609,0,8,1.3,0,12,193.1734909313589
240,7.15914841330835,0,0,0,0,0,0,0,0,0,0,72.5756829202249,72.5756829202249,0,9,1.3,0,12,152.31051425375816
270,1.7736282280408,0,0,0,0,0,0,0,0,0,0,61.4840094446841,61.4840094446841,0,10,1.3,0,12,124.741647117409
300,0.30490372717005,0,0,0,0,0,0,0,0,0,0,55.2398419436183,55.2398419436183,0,11,1.3,0,12,110.78458761440666
330,0.0366733746357735,0,0,0,0,0,0,0,0,0,0,52.9792392726245,52.9792392726245,0,12,1.3,0,12,105.99515191988476
360,0.00343958508564117,0,0,0,0,0,0,0,0,0,0,52.4664977464197,52.4664977464197,0,13,1.3,0,12,104.93643507792504
390,2.8053599161616e-4,0,0,0,0,0,0,0,0,0,0,52.3879278489531,52.3879278489531,0,14,1.3,0,12,104.77613623389782
420,2.11563501694755e-5,0,0,0,0,0,0,0,0,0,0,52.3786702745961,52.3786702745961,0,15,1.3,0,12,104.75736170554237
450,1.52050701069503e-6,0,0,0,0,0,0,0,0,0,0,52.3777439425367,52.3777439425367,0,16,1.3,0,12,104.75548940558042
480,1.19128775567117e-7,0,0,0,0,0,0,0,0,0,0,3.09306570207718,3.09306570207718,0,17,1.3,0,12,6.1861315232831355
510,1.46734363073582e-8,0,0,0,0,0,0,0,0,0,0,0.182656270206674,0.182656270206674,0,18,1.3,0,12,0.3653125550867843
540,1.6430351014829502e-9,0,0,0,0,0,0,0,0,0,0,0.0107867069838335,0.0107867069838335,0,19,1.3,0,12,0.021573415610702102
570,1.46493443418725e-10,0,0,0,0,0,0,0,0,0,0,6.3702359432193e-4,6.3702359432193e-4,0,20,1.3,0,12,0.0012740473351373035
600,1.1587423298986099e-11,0,0,0,0,0,0,0,0,0,0,3.76213932957764e-5,3.76213932957764e-5,0,21,1.3,0,12,7.52427981789761e-5
630,8.57745596332245e-13,0,0,0,0,0,0,0,0,0,0,2.22191240444996e-6,2.22191240444996e-6,0,22,1.3,0,12,4.4438256666455165e-6
660,6.0897363545239e-14,0,0,0,0,0,0,0,0,0,0,1.3122956340953e-7,1.3122956340953e-7,0,23,1.3,0,12,2.6245918771642354e-7
690,4.2012091855918204e-15,0,0,0,0,0,0,0,0,0,0,7.750846239658681e-9,7.750846239658681e-9,0,24,1.3,0,12,1.550169668052655e-8
720,2.83826359807218e-16,0,0,0,0,0,0,0,0,0,0,4.57803638883832e-10,4.57803638883832e-10,0,25,1.3,0,12,9.156075615940238e-10
750,1.88711136604702e-17,0,0,0,0,0,0,0,0,0,0,2.70409555316889e-11,2.70409555316889e-11,0,26,1.3,0,12,5.4081929934491456e-11
780,1.23903072113957e-18,0,0,0,0,0,0,0,0,0,0,1.59726691038981e-12,1.59726691038981e-12,0,27,1.3,0,12,3.194535059810341e-12
810,8.052949845675369e-20,0,0,0,0,0,0,0,0,0,0,9.43508059313343e-14,9.43508059313343e-14,0,28,1.3,0,12,1.8870169239216706e-13
840,5.19026137727378e-21,0,0,0,0,0,0,0,0,0,0,5.5734791777167306e-15,5.5734791777167306e-15,0,29,1.3,0,12,1.1146963545694838e-14
870,3.32178047461463e-22,0,0,0,0,0,0,0,0,0,0,3.29245456643709e-16,3.29245456643709e-16,0,30,1.3,0,12,6.584912454654655e-16
900,2.11327091019196e-23,0,0,0,0,0,0,0,0,0,0,1.94502785923867e-17,1.94502785923867e-17,0,31,1.3,0,12,3.89005783174825e-17
930,1.33752641672771e-24,0,0,0,0,0,0,0,0,0,0,1.1490646850641898e-18,1.1490646850641898e-18,0,32,1.3,0,12,2.2981307076547965e-18
960,8.42757824524438e-26,0,0,0,0,0,0,0,0,0,0,6.78852983720723e-20,6.78852983720723e-20,0,33,1.3,0,12,1.3577068101992705e-19
990,5.2892452731885996e-27,0,0,0,0,0,0,0,0,0,0,4.01069441825693e-21,4.01069441825693e-21,0,34,1.3,0,12,8.021394125759133e-21
1020,3.3080458006299797e-28,0,0,0,0,0,0,0,0,0,0,2.36960517609846e-22,2.36960517609846e-22,0,35,1.3,0,12,4.739213660242721e-22
1050,2.0625317449405998e-29,0,0,0,0,0,0,0,0,0,0,1.40005457206406e-23,1.40005457206406e-23,0,36,1.3,0,12,2.8001112066598646e-23
1080,1.2823900033911798e-30,0,0,0,0,0,0,0,0,0,0,8.27230388503734e-25,8.27230388503734e-25,0,37,1.3,0,12,1.654462059397471e-24
1110,7.95332218023879e-32,0,0,0,0,0,0,0,0,0,0,4.88787982526885e-26,4.88787982526885e-26,0,38,1.3,0,12,9.77576760385988e-26
1140,4.9213925218642e-33,0,0,0,0,0,0,0,0,0,0,2.8881986786782e-27,2.8881986786782e-27,0,39,1.3,0,12,5.776402278748922e-27
1170,3.03897254212159e-34,0,0,0,0,0,0,0,0,0,0,1.7066564111234499e-28,1.7066564111234499e-28,0,40,1.3,0,12,3.413315861219442e-28
1200,1.87301794619087e-35,0,0,0,0,0,0,0,0,0,0,1.00850392833636e-29,1.00850392833636e-29,0,41,1.3,0,12,2.0170097296906662e-29
1230,1.1523942434836e-36,0,0,0,0,0,0,0,0,0,0,5.959660729980539e-31,5.959660729980539e-31,0,42,1.3,0,12,1.1919332983903513e-30
1260,7.07886802813701e-38,0,0,0,0,0,0,0,0,0,0,3.52190715711784e-32,3.52190715711784e-32,0,43,1.3,0,12,7.043821393103708e-32
1290,4.34193176227234e-39,0,0,0,0,0,0,0,0,0,0,2.08135743967297e-33,2.08135743967297e-33,0,44,1.3,0,12,4.162719221277702e-33
1320,2.65953483365142e-40,0,0,0,0,0,0,0,0,0,0,1.23006429730917e-34,1.23006429730917e-34,0,45,1.3,0,12,2.4601312541531734e-34
1350,1.62694917321766e-41,0,0,0,0,0,0,0,0,0,0,7.26978068649034e-36,7.26978068649034e-36,0,46,1.3,0,12,1.4539577642472411e-35
1380,9.940900173806238e-43,0,0,0,0,0,0,0,0,0,0,4.29662185010307e-37,4.29662185010307e-37,0,47,1.3,0,12,8.593253641106314e-37
1410,6.0672927154669795e-44,0,0,0,0,0,0,0,0,0,0,2.53948269201258e-38,2.53948269201258e-38,0,48,1.3,0,12,5.078971451317876e-38
1440,3.69924011601555e-45,0,0,0,0,0,0,0,0,0,0,1.5009825940124e-39,1.5009825940124e-39,0,49,1.3,0,12,3.001968887264916e-39
1470,2.25323461404468e-46,0,0,0,0,0,0,0,0,0,0,8.87193397993291e-41,8.87193397993291e-41,0,50,1.3,0,12,1.7743890492211959e-40
1500,1.37120406732046e-47,0,0,0,0,0,0,0,0,0,0,5.244126565608409e-42,5.244126565608409e-42,0,51,1.3,0,12,1.0488266843257492e-41
1530,8.33724967507346e-49,0,0,0,0,0,0,0,0,0,0,3.0998467000421997e-43,3.0998467000421997e-43,0,52,1.3,0,12,6.199701737334075e-43
1560,5.06512117360415e-50,0,0,0,0,0,0,0,0,0,0,1.83239638912005e-44,1.83239638912005e-44,0,53,1.3,0,12,3.6647978433612736e-44
1590,3.07484138619751e-51,0,0,0,0,0,0,0,0,0,0,1.0832052729257399e-45,1.0832052729257399e-45,0,54,1.3,0,12,2.166413620692866e-45
1620,1.86526012689149e-52,0,0,0,0,0,0,0,0,0,0,6.40345260564736e-47,6.40345260564736e-47,0,55,1.3,0,12,1.280692386389599e-46
1650,1.13072362774139e-53,0,0,0,0,0,0,0,0,0,0,3.7855561904829896e-48,3.7855561904829896e-48,0,56,1.3,0,12,7.571123688202257e-48
1680,6.84997840183181e-55,0,0,0,0,0,0,0,0,0,0,2.2379852744967098e-49,2.2379852744967098e-49,0,57,1.3,0,12,4.475977398971821e-49
1710,4.14716942109976e-56,0,0,0,0,0,0,0,0,0,0,1.32311242705934e-50,1.32311242705934e-50,0,58,1.3,0,12,2.6462290012881007e-50
1740,2.5093274340246997e-57,0,0,0,0,0,0,0,0,0,0,7.82254794724627e-52,7.82254794724627e-52,0,59,1.3,0,12,1.564512098776688e-51
1770,1.51746291182428e-58,0,0,0,0,0,0,0,0,0,0,4.62499901987761e-53,4.62499901987761e-53,0,60,1.3,0,12,9.250013214384338e-53
1800,9.1716061747806e-60,0,0,0,0,0,0,0,0,0,0,2.73455678390957e-54,2.73455678390957e-54,0,61,1.3,0,12,5.469122739425314e-54
1830,5.540511667596741e-61,0,0,0,0,0,0,0,0,0,0,1.6168662653282e-55,1.6168662653282e-55,0,62,1.3,0,12,3.2337380711680673e-55
1860,3.3453488603644597e-62,0,0,0,0,0,0,0,0,0,0,9.56033408549951e-57,9.56033408549951e-57,0,63,1.3,0,12,1.9120701624487622e-56
1890,2.01896727228342e-63,0,0,0,0,0,0,0,0,0,0,5.65306286174719e-58,5.65306286174719e-58,0,64,1.3,0,12,1.1306145913167103e-57
1920,1.2179294881257399e-64,0,0,0,0,0,0,0,0,0,0,3.34276848056957e-59,3.34276848056957e-59,0,65,1.3,0,12,6.685549140434022e-59
1950,7.34392362559601e-66,0,0,0,0,0,0,0,0,0,0,1.9766987163619597e-60,1.9766987163619597e-60,0,66,1.3,0,12,3.953404776647545e-60
1980,4.42644366939616e-67,0,0,0,0,0,0,0,0,0,0,1.1689241188223901e-61,1.1689241188223901e-61,0,67,1.3,0,12,2.3378526640884496e-61
0,250,0,0,0,0,0,0,0,0,0,0,0,0,0,1,1.3,0,13,250
30,250.000322400697,0,0,0,0,0,0,0,0,0,0,0,0,0,2,1.3,0,13,250.000322400697
60,250.000090984018,0,0,0,0,0,0,0,0,0,0,0,0,0,3,1.3,0,13,250.000090984018
90,250.000018876751,0,0,0,0,0,0,0,0,0,0,0,0,0,4,1.3,0,13,250.000018876751
120,204.11921964368,0,0,0,0,0,0,0,0,0,0,57.9146476764686,57.9146476764686,0,5,1.3,0,13,319.9485149966172
150,108.450847649906,0,0,0,0,0,0,0,0,0,0,92.5277982425539,92.5277982425539,0,6,1.3,0,13,293.5064441350138
180,51.9029281091018,0,0,0,0,0,0,0,0,0,0,95.4686100395322,95.4686100395322,0,7,1.3,0,13,242.84014818816618
210,21.4877131802371,0,0,0,0,0,0,0,0,0,0,85.8428888755609,85.8428888755609,0,8,1.3,0,13,193.1734909313589
240,7.15914841330835,0,0,0,0,0,0,0,0,0,0,72.5756829202249,72.5756829202249,0,9,1.3,0,13,152.31051425375816
270,1.7736282280408,0,0,0,0,0,0,0,0,0,0,61.4840094446841,61.4840094446841,0,10,1.3,0,13,124.741647117409
300,0.30490372717005,0,0,0,0,0,0,0,0,0,0,55.2398419436183,55.2398419436183,0,11,1.3,0,13,110.78458761440666
330,0.0366733746357735,0,0,0,0,0,0,0,0,0,0,52.9792392726245,52.9792392726245,0,12,1.3,0,13,105.99515191988476
360,0.00343958508564117,0,0,0,0,0,0,0,0,0,0,52.4664977464197,52.4664977464197,0,13,1.3,0,13,104.93643507792504
390,2.8053599161616e-4,0,0,0,0,0,0,0,0,0,0,52.3879278489531,52.3879278489531,0,14,1.3,0,13,104.77613623389782
420,2.11563501694755e-5,0,0,0,0,0,0,0,0,0,0,52.3786702745961,52.3786702745961,0,15,1.3,0,13,104.75736170554237
450,1.52050701069503e-6,0,0,0,0,0,0,0,0,0,0,52.3777439425367,52.3777439425367,0,16,1.3,0,13,104.75548940558042
480,1.05804007503341e-7,0,0,0,0,0,0,0,0,0,0,52.3776604867397,52.3776604867397,0,17,1.3,0,13,104.7553210792834
510,7.98056064943022e-9,0,0,0,0,0,0,0,0,0,0,3.09305688011083,3.09305688011083,0,18,1.3,0,13,6.18611376820222
540,9.22352727756922e-10,0,0,0,0,0,0,0,0,0,0,0.182654307938733,0.182654307938733,0,19,1.3,0,13,0.36530861679981874
570,1.00323275238753e-10,0,0,0,0,0,0,0,0,0,0,0.0107862994943856,0.0107862994943856,0,20,1.3,0,13,0.021572599089094473
600,8.84549399063235e-12,0,0,0,0,0,0,0,0,0,0,6.3696528324686e-4,6.3696528324686e-4,0,21,1.3,0,13,0.001273930575339214
630,6.95754377075768e-13,0,0,0,0,0,0,0,0,0,0,3.76148904866239e-5,3.76148904866239e-5,0,22,1.3,0,13,7.522978166900218e-5
660,5.1329463804129304e-14,0,0,0,0,0,0,0,0,0,0,2.22128657268757e-6,2.22128657268757e-6,0,23,1.3,0,13,4.442573196704604e-6
690,3.63605622226422e-15,0,0,0,0,0,0,0,0,0,0,1.31174715542073e-7,1.31174715542073e-7,0,24,1.3,0,13,2.6234943472020223e-7
720,2.50441199208453e-16,0,0,0,0,0,0,0,0,0,0,7.74633760686414e-9,7.74633760686414e-9,0,25,1.3,0,13,1.549267546416948e-8
750,1.68987558340195e-17,0,0,0,0,0,0,0,0,0,0,4.57449819487825e-10,4.57449819487825e-10,0,26,1.3,0,13,9.148996558744058e-10
780,1.1224923315461e-18,0,0,0,0,0,0,0,0,0,0,2.7014146470144497e-11,2.7014146470144497e-11,0,27,1.3,0,13,5.4028294062781326e-11
810,7.36428227283642e-20,0,0,0,0,0,0,0,0,0,0,1.5952905402938099e-12,1.5952905402938099e-12,0,28,1.3,0,13,3.1905811542304426e-12
840,4.78324320993241e-21,0,0,0,0,0,0,0,0,0,0,9.4208281031008e-14,9.4208281031008e-14,0,29,1.3,0,13,1.884165668452592e-13
870,3.08118487590633e-22,0,0,0,0,0,0,0,0,0,0,5.56338504824845e-15,5.56338504824845e-15,0,30,1.3,0,13,1.1126770404615388e-14
900,1.97102577550909e-23,0,0,0,0,0,0,0,0,0,0,3.28541252390863e-16,3.28541252390863e-16,0,31,1.3,0,13,6.570825244919838e-16
930,1.25341225979386e-24,0,0,0,0,0,0,0,0,0,0,1.94017742695761e-17,1.94017742695761e-17,0,32,1.3,0,13,3.8803549792564463e-17
960,7.93008325999558e-26,0,0,0,0,0,0,0,0,0,0,1.1457602110512299e-18,1.1457602110512299e-18,0,33,1.3,0,13,2.2915205014032924e-18
990,4.99493720260906e-27,0,0,0,0,0,0,0,0,0,0,6.7662302901942e-20,6.7662302901942e-20,0,34,1.3,0,13,1.353246107988212e-19
1020,3.13389907647777e-28,0,0,0,0,0,0,0,0,0,0,3.99577074911773e-21,3.99577074911773e-21,0,35,1.3,0,13,7.991541811625367e-21
1050,1.95946137585918e-29,0,0,0,0,0,0,0,0,0,0,2.35969081061321e-22,2.35969081061321e-22,0,36,1.3,0,13,4.719381817172557e-22
1080,1.2213712510287699e-30,0,0,0,0,0,0,0,0,0,0,1.39351095985947e-23,1.39351095985947e-23,0,37,1.3,0,13,2.787022041856065e-23
1110,7.59198784196237e-32,0,0,0,0,0,0,0,0,0,0,8.22936690608399e-25,8.22936690608399e-25,0,38,1.3,0,13,1.6458734571366764e-24
1140,4.70736143123047e-33,0,0,0,0,0,0,0,0,0,0,4.85985388647211e-26,4.85985388647211e-26,0,39,1.3,0,13,9.719708243680363e-26
1170,2.9121573327267597e-34,0,0,0,0,0,0,0,0,0,0,2.86999240899866e-27,2.86999240899866e-27,0,40,1.3,0,13,5.739985109213053e-27
1200,1.7978560680587298e-35,0,0,0,0,0,0,0,0,0,0,1.69488030538038e-28,1.69488030538038e-28,0,41,1.3,0,13,3.389760790546367e-28
1230,1.1078326754248699e-36,0,0,0,0,0,0,0,0,0,0,1.0009170046480799e-29,1.0009170046480799e-29,0,42,1.3,0,13,2.0018341200794273e-29
1260,6.8145879558009e-38,0,0,0,0,0,0,0,0,0,0,5.91095769532913e-31,5.91095769532913e-31,0,43,1.3,0,13,1.1821916072117054e-30
1290,4.1851434048940703e-39,0,0,0,0,0,0,0,0,0,0,3.49074708277335e-32,3.49074708277335e-32,0,44,1.3,0,13,6.98149458406104e-32
1320,2.5664856132265098e-40,0,0,0,0,0,0,0,0,0,0,2.06148256159905e-33,2.06148256159905e-33,0,45,1.3,0,13,4.1229653798466616e-33
1350,1.57170772562667e-41,0,0,0,0,0,0,0,0,0,0,1.2174235427064399e-34,1.2174235427064399e-34,0,46,1.3,0,13,2.434847242583652e-34
1380,9.612824270475338e-43,0,0,0,0,0,0,0,0,0,0,7.189595805904669e-36,7.189595805904669e-36,0,47,1.3,0,13,1.4379192573091764e-35
1410,5.87237832506312e-44,0,0,0,0,0,0,0,0,0,0,4.2458828135938e-37,4.2458828135938e-37,0,48,1.3,0,13,8.491766214425431e-37
1440,3.58339524813254e-45,0,0,0,0,0,0,0,0,0,0,2.50744999158602e-38,2.50744999158602e-38,0,49,1.3,0,13,5.014900341511565e-38
1470,2.1843573698821503e-46,0,0,0,0,0,0,0,0,0,0,1.48080306808324e-39,1.48080306808324e-39,0,50,1.3,0,13,2.961606354602217e-39
1500,1.3302362108656202e-47,0,0,0,0,0,0,0,0,0,0,8.74506575509286e-41,8.74506575509286e-41,0,51,1.3,0,13,1.7490132840421932e-40
1530,8.093479047858409e-49,0,0,0,0,0,0,0,0,0,0,5.1645156933649796e-42,5.1645156933649796e-42,0,52,1.3,0,13,1.0329032196077864e-41
1560,4.92001296170912e-50,0,0,0,0,0,0,0,0,0,0,3.0499791593325394e-43,3.0499791593325394e-43,0,53,1.3,0,13,6.099958810666375e-43
1590,2.98842888045934e-51,0,0,0,0,0,0,0,0,0,0,1.8012122431557997e-44,1.8012122431557997e-44,0,54,1.3,0,13,3.6024247851544876e-44
1620,1.81378038161022e-52,0,0,0,0,0,0,0,0,0,0,1.0637355087956799e-45,1.0637355087956799e-45,0,55,1.3,0,13,2.127471198969398e-45
1650,1.10004243561573e-53,0,0,0,0,0,0,0,0,0,0,6.28207578300964e-47,6.28207578300964e-47,0,56,1.3,0,13,1.2564152666061717e-46
1680,6.66704851470688e-55,0,0,0,0,0,0,0,0,0,0,3.7099959311091296e-48,3.7099959311091296e-48,0,57,1.3,0,13,7.419992528923111e-48
1710,4.0380570681201096e-56,0,0,0,0,0,0,0,0,0,0,2.19101042069146e-49,2.19101042069146e-49,0,58,1.3,0,13,4.382021245188627e-49
1740,2.44421860282202e-57,0,0,0,0,0,0,0,0,0,0,1.29394614322671e-50,1.29394614322671e-50,0,59,1.3,0,13,2.5878925308752803e-50
1770,1.4785958072441601e-58,0,0,0,0,0,0,0,0,0,0,7.64167749787353e-52,7.64167749787353e-52,0,60,1.3,0,13,1.5283356474342867e-51
1800,8.9394928517338e-60,0,0,0,0,0,0,0,0,0,0,4.51296491466706e-53,4.51296491466706e-53,0,61,1.3,0,13,9.025930723283405e-53
1830,5.401838474614791e-61,0,0,0,0,0,0,0,0,0,0,2.66523775234696e-54,2.66523775234696e-54,0,62,1.3,0,13,5.330476044877767e-54
1860,3.26246724492147e-62,0,0,0,0,0,0,0,0,0,0,1.5740216529218199e-55,1.5740216529218199e-55,0,63,1.3,0,13,3.1480436320903644e-55
1890,1.96941135284047e-63,0,0,0,0,0,0,0,0,0,0,9.29578767318301e-57,9.29578767318301e-57,0,64,1.3,0,13,1.8591577315777373e-56
1920,1.18828782101659e-64,0,0,0,0,0,0,0,0,0,0,5.48987473428179e-58,5.48987473428179e-58,0,65,1.3,0,13,1.0979750656851401e-57
1950,7.16655478722986e-66,0,0,0,0,0,0,0,0,0,0,3.24219716134597e-59,3.24219716134597e-59,0,66,1.3,0,13,6.484395039347419e-59
1980,4.32026990232475e-67,0,0,0,0,0,0,0,0,0,0,1.91477237787202e-60,1.91477237787202e-60,0,67,1.3,0,13,3.82954518777103e-60
0,250,0,0,0,0,0,0,0,0,0,0,0,0,0,1,1.3,0,14,250
30,250.000322400697,0,0,0,0,0,0,0,0,0,0,0,0,0,2,1.3,0,14,250.000322400697
60,250.000090984018,0,0,0,0,0,0,0,0,0,0,0,0,0,3,1.3,0,14,250.000090984018
90,250.000018876751,0,0,0,0,0,0,0,0,0,0,0,0,0,4,1.3,0,14,250.000018876751
120,204.11921964368,0,0,0,0,0,0,0,0,0,0,57.9146476764686,57.9146476764686,0,5,1.3,0,14,319.9485149966172
150,108.450847649906,0,0,0,0,0,0,0,0,0,0,92.5277982425539,92.5277982425539,0,6,1.3,0,14,293.5064441350138
180,51.9029281091018,0,0,0,0,0,0,0,0,0,0,95.4686100395322,95.4686100395322,0,7,1.3,0,14,242.84014818816618
210,21.4877131802371,0,0,0,0,0,0,0,0,0,0,85.8428888755609,85.8428888755609,0,8,1.3,0,14,193.1734909313589
240,7.15914841330835,0,0,0,0,0,0,0,0,0,0,72.5756829202249,72.5756829202249,0,9,1.3,0,14,152.31051425375816
270,1.7736282280408,0,0,0,0,0,0,0,0,0,0,61.4840094446841,61.4840094446841,0,10,1.3,0,14,124.741647117409
300,0.30490372717005,0,0,0,0,0,0,0,0,0,0,55.2398419436183,55.2398419436183,0,11,1.3,0,14,110.78458761440666
330,0.0366733746357735,0,0,0,0,0,0,0,0,0,0,52.9792392726245,52.9792392726245,0,12,1.3,0,14,105.99515191988476
360,0.00343958508564117,0,0,0,0,0,0,0,0,0,0,52.4664977464197,52.4664977464197,0,13,1.3,0,14,104.93643507792504
390,2.8053599161616e-4,0,0,0,0,0,0,0,0,0,0,52.3879278489531,52.3879278489531,0,14,1.3,0,14,104.77613623389782
420,2.11563501694755e-5,0,0,0,0,0,0,0,0,0,0,52.3786702745961,52.3786702745961,0,15,1.3,0,14,104.75736170554237
450,1.52050701069503e-6,0,0,0,0,0,0,0,0,0,0,52.3777439425367,52.3777439425367,0,16,1.3,0,14,104.75548940558042
480,1.05804007503341e-7,0,0,0,0,0,0,0,0,0,0,52.3776604867397,52.3776604867397,0,17,1.3,0,14,104.7553210792834
510,7.193692103880421e-9,0,0,0,0,0,0,0,0,0,0,52.3776534863341,52.3776534863341,0,18,1.3,0,14,104.75530697986188
540,5.27119352511513e-10,0,0,0,0,0,0,0,0,0,0,3.0930561963056,3.0930561963056,0,19,1.3,0,14,6.18611239313832
570,5.7765392471892097e-11,0,0,0,0,0,0,0,0,0,0,0.182654171905622,0.182654171905622,0,20,1.3,0,14,0.3653083438690094
600,6.1191257446225e-12,0,0,0,0,0,0,0,0,0,0,0.0107862731693331,0.0107862731693331,0,21,1.3,0,14,0.021572546344785327
630,5.33852227722141e-13,0,0,0,0,0,0,0,0,0,0,6.369616380154e-4,6.369616380154e-4,0,22,1.3,0,14,0.0012739232765646522
660,4.1765404381989e-14,0,0,0,0,0,0,0,0,0,0,3.76144905115771e-5,3.76144905115771e-5,0,23,1.3,0,14,7.52289810649196e-5
690,3.07125280249788e-15,0,0,0,0,0,0,0,0,0,0,2.22124843376724e-6,2.22124843376724e-6,0,24,1.3,0,14,4.442496870605733e-6
720,2.17087325222714e-16,0,0,0,0,0,0,0,0,0,0,1.31171392743797e-7,1.31171392743797e-7,0,25,1.3,0,14,2.6234278570468133e-7
750,1.49290693421249e-17,0,0,0,0,0,0,0,0,0,0,7.74606557629119e-9,7.74606557629119e-9,0,26,1.3,0,14,1.549213116751145e-8
780,1.00617334611307e-18,0,0,0,0,0,0,0,0,0,0,4.5742853511492003e-10,4.5742853511492003e-10,0,27,1.3,0,14,9.148570712360133e-10
810,6.67736066119015e-20,0,0,0,0,0,0,0,0,0,0,2.7012537399414198e-11,2.7012537399414198e-11,0,28,1.3,0,14,5.4025074865602e-11
840,4.37757852091017e-21,0,0,0,0,0,0,0,0,0,0,1.59517213107645e-12,1.59517213107645e-12,0,29,1.3,0,14,3.1903442665304783e-12
870,2.84161563399811e-22,0,0,0,0,0,0,0,0,0,0,9.41997543458621e-14,9.41997543458621e-14,0,30,1.3,0,14,1.8839950897588576e-13
900,1.82954445256927e-23,0,0,0,0,0,0,0,0,0,0,5.5627818784954905e-15,5.5627818784954905e-15,0,31,1.3,0,14,1.1125563775286426e-14
930,1.16985739477367e-24,0,0,0,0,0,0,0,0,0,0,3.2849921529633797e-16,3.2849921529633797e-16,0,32,1.3,0,14,6.569984317625333e-16
960,7.43662624937762e-26,0,0,0,0,0,0,0,0,0,0,1.9398881317503998e-17,1.9398881317503998e-17,0,33,1.3,0,14,3.879776270937426e-17
990,4.70350856119154e-27,0,0,0,0,0,0,0,0,0,0,1.1455632684268799e-18,1.1455632684268799e-18,0,34,1.3,0,14,2.2911265415572682e-18
1020,2.9617832360516596e-28,0,0,0,0,0,0,0,0,0,0,6.76490213188351e-20,6.76490213188351e-20,0,35,1.3,0,14,1.3529804293384851e-19
1050,1.85780946929994e-29,0,0,0,0,0,0,0,0,0,0,3.99488241135377e-21,3.99488241135377e-21,0,36,1.3,0,14,7.989764841285636e-21
1080,1.1613345712278e-30,0,0,0,0,0,0,0,0,0,0,2.35910095919205e-22,2.35910095919205e-22,0,37,1.3,0,14,4.718201929997445e-22
1110,7.2373993555816e-32,0,0,0,0,0,0,0,0,0,0,1.39312183193092e-23,1.39312183193092e-23,0,38,1.3,0,14,2.7862436710992395e-23
1140,4.49793099751861e-33,0,0,0,0,0,0,0,0,0,0,8.2268146641808e-25,8.2268146641808e-25,0,39,1.3,0,14,1.645362937334091e-24
1170,2.78845937578126e-34,0,0,0,0,0,0,0,0,0,0,4.85818862858687e-26,4.85818862858687e-26,0,40,1.3,0,14,9.716377285058334e-26
1200,1.72479379053361e-35,0,0,0,0,0,0,0,0,0,0,2.86891100886826e-27,2.86891100886826e-27,0,41,1.3,0,14,5.737822034984458e-27
1230,1.0646775679754299e-36,0,0,0,0,0,0,0,0,0,0,1.69418107147484e-28,1.69418107147484e-28,0,42,1.3,0,14,3.3883621535964556e-28
1260,6.55968205651977e-38,0,0,0,0,0,0,0,0,0,0,1.0004666533019599e-29,1.0004666533019599e-29,0,43,1.3,0,14,2.000933313163602e-29
1290,4.03457403637231e-39,0,0,0,0,0,0,0,0,0,0,5.908067580855649e-31,5.908067580855649e-31,0,44,1.3,0,14,1.1816135202057039e-30
1320,2.4775444511692698e-40,0,0,0,0,0,0,0,0,0,0,3.48889850396272e-32,3.48889850396272e-32,0,45,1.3,0,14,6.977797032700884e-32
1350,1.51916909293386e-41,0,0,0,0,0,0,0,0,0,0,2.06030378727668e-33,2.06030378727668e-33,0,46,1.3,0,14,4.1206075897450506e-33
1380,9.302464875380608e-43,0,0,0,0,0,0,0,0,0,0,1.2166740086998599e-34,1.2166740086998599e-34,0,47,1.3,0,14,2.4333480267021845e-34
1410,5.68903649696041e-44,0,0,0,0,0,0,0,0,0,0,7.18484236911632e-36,7.18484236911632e-36,0,48,1.3,0,14,1.4369684795123006e-35
1440,3.47508510913451e-45,0,0,0,0,0,0,0,0,0,0,4.24287564001029e-37,4.24287564001029e-37,0,49,1.3,0,14,8.485751314771431e-37
1470,2.1203709328682503e-46,0,0,0,0,0,0,0,0,0,0,2.50555191159174e-38,2.50555191159174e-38,0,50,1.3,0,14,5.01110384438719e-38
1500,1.29243389874446e-47,0,0,0,0,0,0,0,0,0,0,1.47960759506634e-39,1.47960759506634e-39,0,51,1.3,0,14,2.9592152030570194e-39
1530,7.87014199479329e-49,0,0,0,0,0,0,0,0,0,0,8.737551389389799e-41,8.737551389389799e-41,0,52,1.3,0,14,1.7475102857481018e-40
1560,4.78806109452209e-50,0,0,0,0,0,0,0,0,0,0,5.1598013096312596e-42,5.1598013096312596e-42,0,53,1.3,0,14,1.031960266714313e-41
1590,2.91046687586658e-51,0,0,0,0,0,0,0,0,0,0,3.0470266878391996e-43,3.0470266878391996e-43,0,54,1.3,0,14,6.094053404783068e-43
1620,1.76771618420041e-52,0,0,0,0,0,0,0,0,0,0,1.79936629843665e-44,1.79936629843665e-44,0,55,1.3,0,14,3.5987326145504617e-44
1650,1.07282435927351e-53,0,0,0,0,0,0,0,0,0,0,1.06258321236091e-45,1.06258321236091e-45,0,56,1.3,0,14,2.1251664354500637e-45
1680,6.506219238881299e-55,0,0,0,0,0,0,0,0,0,0,6.27489355173848e-47,6.27489355173848e-47,0,57,1.3,0,14,1.2549787168539153e-46
1710,3.9430213427405597e-56,0,0,0,0,0,0,0,0,0,0,3.7055256136838196e-48,3.7055256136838196e-48,0,58,1.3,0,14,7.411051266797853e-48
1740,2.3880591151047198e-57,0,0,0,0,0,0,0,0,0,0,2.18823177805512e-49,2.18823177805512e-49,0,59,1.3,0,14,4.376463579990831e-49
1770,1.44540833446618e-58,0,0,0,0,0,0,0,0,0,0,1.29222121284986e-50,1.29222121284986e-50,0,60,1.3,0,14,2.5844424401538034e-50
1800,8.743364503731619e-60,0,0,0,0,0,0,0,0,0,0,7.6309824670184e-52,7.6309824670184e-52,0,61,1.3,0,14,1.5261965021470445e-51
1830,5.285928171501661e-61,0,0,0,0,0,0,0,0,0,0,4.50634138881836e-53,4.50634138881836e-53,0,62,1.3,0,14,9.012682830496e-53
1860,3.19396267674198e-62,0,0,0,0,0,0,0,0,0,0,2.66114027531889e-54,2.66114027531889e-54,0,63,1.3,0,14,5.322280582577406e-54
1890,1.92892271377976e-63,0,0,0,0,0,0,0,0,0,0,1.5714895246475e-55,1.5714895246475e-55,0,64,1.3,0,14,3.142979068584227e-55
1920,1.16435668523184e-64,0,0,0,0,0,0,0,0,0,0,9.28015558139306e-57,9.28015558139306e-57,0,65,1.3,0,14,1.8560311279221788e-56
1950,7.02510240797942e-66,0,0,0,0,0,0,0,0,0,0,5.4802335647398106e-58,5.4802335647398106e-58,0,66,1.3,0,14,1.0960467199730645e-57
1980,4.2366567992275e-67,0,0,0,0,0,0,0,0,0,0,3.23625641002743e-59,3.23625641002743e-59,0,67,1.3,0,14,6.472512862421428e-59
0,250,0,0,0,0,0,0,0,0,0,0,0,0,0,1,1.3,0,15,250
30,250.000322400697,0,0,0,0,0,0,0,0,0,0,0,0,0,2,1.3,0,15,250.000322400697
60,250.000090984018,0,0,0,0,0,0,0,0,0,0,0,0,0,3,1.3,0,15,250.000090984018
90,250.000018876751,0,0,0,0,0,0,0,0,0,0,0,0,0,4,1.3,0,15,250.000018876751
120,204.11921964368,0,0,0,0,0,0,0,0,0,0,57.9146476764686,57.9146476764686,0,5,1.3,0,15,319.9485149966172
150,108.450847649906,0,0,0,0,0,0,0,0,0,0,92.5277982425539,92.5277982425539,0,6,1.3,0,15,293.5064441350138
180,51.9029281091018,0,0,0,0,0,0,0,0,0,0,95.4686100395322,95.4686100395322,0,7,1.3,0,15,242.84014818816618
210,21.4877131802371,0,0,0,0,0,0,0,0,0,0,85.8428888755609,85.8428888755609,0,8,1.3,0,15,193.1734909313589
240,7.15914841330835,0,0,0,0,0,0,0,0,0,0,72.5756829202249,72.5756829202249,0,9,1.3,0,15,152.31051425375816
270,1.7736282280408,0,0,0,0,0,0,0,0,0,0,61.4840094446841,61.4840094446841,0,10,1.3,0,15,124.741647117409
300,0.30490372717005,0,0,0,0,0,0,0,0,0,0,55.2398419436183,55.2398419436183,0,11,1.3,0,15,110.78458761440666
330,0.0366733746357735,0,0,0,0,0,0,0,0,0,0,52.9792392726245,52.9792392726245,0,12,1.3,0,15,105.99515191988476
360,0.00343958508564117,0,0,0,0,0,0,0,0,0,0,52.4664977464197,52.4664977464197,0,13,1.3,0,15,104.93643507792504
390,2.8053599161616e-4,0,0,0,0,0,0,0,0,0,0,52.3879278489531,52.3879278489531,0,14,1.3,0,15,104.77613623389782
420,2.11563501694755e-5,0,0,0,0,0,0,0,0,0,0,52.3786702745961,52.3786702745961,0,15,1.3,0,15,104.75736170554237
450,1.52050701069503e-6,0,0,0,0,0,0,0,0,0,0,52.3777439425367,52.3777439425367,0,16,1.3,0,15,104.75548940558042
480,1.05804007503341e-7,0,0,0,0,0,0,0,0,0,0,52.3776604867397,52.3776604867397,0,17,1.3,0,15,104.7553210792834
510,7.193692103880421e-9,0,0,0,0,0,0,0,0,0,0,52.3776534863341,52.3776534863341,0,18,1.3,0,15,104.75530697986188
540,4.80652419170558e-10,0,0,0,0,0,0,0,0,0,0,52.3776529284819,52.3776529284819,0,19,1.3,0,15,104.75530585744445
570,3.4425690546235695e-11,0,0,0,0,0,0,0,0,0,0,3.09305614500385,3.09305614500385,0,20,1.3,0,15,6.186112290042126
600,3.6059586569962796e-12,0,0,0,0,0,0,0,0,0,0,0.182654162605185,0.182654162605185,0,21,1.3,0,15,0.36530832521397594
630,3.7285256426179e-13,0,0,0,0,0,0,0,0,0,0,0.0107862714766565,0.0107862714766565,0,22,1.3,0,15,0.021572542953685853
660,3.22046688385552e-14,0,0,0,0,0,0,0,0,0,0,6.3696141056797e-4,6.3696141056797e-4,0,23,1.3,0,15,0.0012739228211681448
690,2.50647447024085e-15,0,0,0,0,0,0,0,0,0,0,3.76144659330284e-5,3.76144659330284e-5,0,24,1.3,0,15,7.522893186856328e-5
720,1.83734805608723e-16,0,0,0,0,0,0,0,0,0,0,2.22124611079779e-6,2.22124611079779e-6,0,25,1.3,0,15,4.442492221779315e-6
750,1.2959499705329e-17,0,0,0,0,0,0,0,0,0,0,1.31171191510118e-7,1.31171191510118e-7,0,26,1.3,0,15,2.623423830331955e-7
780,8.89864245268621e-19,0,0,0,0,0,0,0,0,0,0,7.746049166804581e-9,7.746049166804581e-9,0,27,1.3,0,15,1.5492098334499027e-8
810,5.990519694282499e-20,0,0,0,0,0,0,0,0,0,0,4.5742725491142004e-10,4.5742725491142004e-10,0,28,1.3,0,15,9.148545098827453e-10
840,3.97197766128815e-21,0,0,0,0,0,0,0,0,0,0,2.7012440831476797e-11,2.7012440831476797e-11,0,29,1.3,0,15,5.402488166692557e-11
870,2.60209565249233e-22,0,0,0,0,0,0,0,0,0,0,1.59516503713809e-12,1.59516503713809e-12,0,30,1.3,0,15,3.1903300745363897e-12
900,1.68810034453956e-23,0,0,0,0,0,0,0,0,0,0,9.41992442263179e-14,9.41992442263179e-14,0,31,1.3,0,15,1.883984884695168e-13
930,1.08633013685436e-24,0,0,0,0,0,0,0,0,0,0,5.56274583485943e-15,5.56274583485943e-15,0,32,1.3,0,15,1.1125491670805192e-14
960,6.94337083520489e-26,0,0,0,0,0,0,0,0,0,0,3.28496705719563e-16,3.28496705719563e-16,0,33,1.3,0,15,6.569934115085596e-16
990,4.41222512232055e-27,0,0,0,0,0,0,0,0,0,0,1.93987087532034e-17,1.93987087532034e-17,0,34,1.3,0,15,3.8797417510819024e-17
1020,2.78977072198278e-28,0,0,0,0,0,0,0,0,0,0,1.14555152915086e-18,1.14555152915086e-18,0,35,1.3,0,15,2.291103058580697e-18
1050,1.7562303054268698e-29,0,0,0,0,0,0,0,0,0,0,6.76482301239201e-20,6.76482301239201e-20,0,36,1.3,0,15,1.3529646026540252e-19
1080,1.1013486149788299e-30,0,0,0,0,0,0,0,0,0,0,3.99482952098478e-21,3.99482952098478e-21,0,37,1.3,0,15,7.98965904307091e-21
1110,6.88316153781965e-32,0,0,0,0,0,0,0,0,0,0,2.3590658570985e-22,2.3590658570985e-22,0,38,1.3,0,15,4.718131714885316e-22
1140,4.28874111883941e-33,0,0,0,0,0,0,0,0,0,0,1.39309868479051e-23,1.39309868479051e-23,0,39,1.3,0,15,2.786197370009894e-23
1170,2.66492527978551e-34,0,0,0,0,0,0,0,0,0,0,8.2266629030895e-25,8.2266629030895e-25,0,40,1.3,0,15,1.6453325808843925e-24
1200,1.65184241816182e-35,0,0,0,0,0,0,0,0,0,0,4.8580896434383296e-26,4.8580896434383296e-26,0,41,1.3,0,15,9.716179288528502e-26
1230,1.0215970848698599e-36,0,0,0,0,0,0,0,0,0,0,2.86884674914354e-27,2.86884674914354e-27,0,42,1.3,0,15,5.737693499308677e-27
1260,6.3052755822249e-38,0,0,0,0,0,0,0,0,0,0,1.69413953296591e-28,1.69413953296591e-28,0,43,1.3,0,15,3.3882790665623474e-28
1290,3.88433725459493e-39,0,0,0,0,0,0,0,0,0,0,1.00043990683749e-29,1.00043990683749e-29,0,44,1.3,0,15,2.0008798140634137e-29
1320,2.3888237582273e-40,0,0,0,0,0,0,0,0,0,0,5.9078959775462e-31,5.9078959775462e-31,0,45,1.3,0,15,1.1815791957481223e-30
1350,1.46677598744842e-41,0,0,0,0,0,0,0,0,0,0,3.4887887671390994e-32,3.4887887671390994e-32,0,46,1.3,0,15,6.977577535744975e-32
1380,8.993062287440378e-43,0,0,0,0,0,0,0,0,0,0,2.0602338262697698e-33,2.0602338262697698e-33,0,47,1.3,0,15,4.120467653438846e-33
1410,5.506321434752789e-44,0,0,0,0,0,0,0,0,0,0,1.21662953184498e-34,1.21662953184498e-34,0,48,1.3,0,15,2.4332590642405922e-34
1440,3.3671841294705e-45,0,0,0,0,0,0,0,0,0,0,7.18456035328891e-36,7.18456035328891e-36,0,49,1.3,0,15,1.4369120709945003e-35
1470,2.05665074064913e-46,0,0,0,0,0,0,0,0,0,0,4.24269725745188e-37,4.24269725745188e-37,0,50,1.3,0,15,8.48539451696041e-37
1500,1.25480431270571e-47,0,0,0,0,0,0,0,0,0,0,2.5054393368083e-38,2.5054393368083e-38,0,51,1.3,0,15,5.010878674871405e-38
1530,7.647922323718289e-49,0,0,0,0,0,0,0,0,0,0,1.47953670208445e-39,1.47953670208445e-39,0,52,1.3,0,15,2.959073404933692e-39
1560,4.65683014273825e-50,0,0,0,0,0,0,0,0,0,0,8.73710583943993e-41,8.73710583943993e-41,0,53,1.3,0,15,1.747421168353669e-40
1590,2.83296882181755e-51,0,0,0,0,0,0,0,0,0,0,5.1595218152947295e-42,5.1595218152947295e-42,0,54,1.3,0,15,1.0319043633422428e-41
1620,1.72194985505989e-52,0,0,0,0,0,0,0,0,0,0,3.046851670568749e-43,3.046851670568749e-43,0,55,1.3,0,15,6.093703342859448e-43
1650,1.0457970913549e-53,0,0,0,0,0,0,0,0,0,0,1.7992568867215597e-44,1.7992568867215597e-44,0,56,1.3,0,15,3.5985137744889166e-44
1680,6.3466096344123895e-55,0,0,0,0,0,0,0,0,0,0,1.0625149216103598e-45,1.0625149216103598e-45,0,57,1.3,0,15,2.1250298438553807e-45
1710,3.8487636671924996e-56,0,0,0,0,0,0,0,0,0,0,6.27446794160161e-47,6.27446794160161e-47,0,58,1.3,0,15,1.2548935887051984e-46
1740,2.33239500356396e-57,0,0,0,0,0,0,0,0,0,0,3.70526073437442e-48,3.70526073437442e-48,0,59,1.3,0,15,7.410521471081235e-48
1770,1.4125356847697101e-58,0,0,0,0,0,0,0,0,0,0,2.18806715089839e-49,2.18806715089839e-49,0,60,1.3,0,15,4.376134303209315e-49
1800,8.54923343828355e-60,0,0,0,0,0,0,0,0,0,0,1.2921190245155299e-50,1.2921190245155299e-50,0,61,1.3,0,15,2.584238049885983e-50
1830,5.17128286418067e-61,0,0,0,0,0,0,0,0,0,0,7.63034892637977e-52,7.63034892637977e-52,0,62,1.3,0,15,1.5260697857930825e-51
1860,3.12625803129391e-62,0,0,0,0,0,0,0,0,0,0,4.50594906384843e-53,4.50594906384843e-53,0,63,1.3,0,15,9.011898130823118e-53
1890,1.88893913936231e-63,0,0,0,0,0,0,0,0,0,0,2.6608975925185696e-54,2.6608975925185696e-54,0,64,1.3,0,15,5.321795186926078e-54
1920,1.14074397980923e-64,0,0,0,0,0,0,0,0,0,0,1.5713395646926e-55,1.5713395646926e-55,0,65,1.3,0,15,3.1426791305259437e-55
1950,6.88565485773872e-66,0,0,0,0,0,0,0,0,0,0,9.27922987108337e-57,9.27922987108337e-57,0,66,1.3,0,15,1.8558459749052395e-56
1980,4.1543042479155505e-67,0,0,0,0,0,0,0,0,0,0,5.4796626683192804e-58,5.4796626683192804e-58,0,67,1.3,0,15,1.0959325340792865e-57
0,250,0,0,0,0,0,0,0,0,0,0,0,0,0,1,1.3,0,16,250
30,250.000322400697,0,0,0,0,0,0,0,0,0,0,0,0,0,2,1.3,0,16,250.000322400697
60,250.000090984018,0,0,0,0,0,0,0,0,0,0,0,0,0,3,1.3,0,16,250.000090984018
90,250.000018876751,0,0,0,0,0,0,0,0,0,0,0,0,0,4,1.3,0,16,250.000018876751
120,204.11921964368,0,0,0,0,0,0,0,0,0,0,57.9146476764686,57.9146476764686,0,5,1.3,0,16,319.9485149966172
150,108.450847649906,0,0,0,0,0,0,0,0,0,0,92.5277982425539,92.5277982425539,0,6,1.3,0,16,293.5064441350138
180,51.9029281091018,0,0,0,0,0,0,0,0,0,0,95.4686100395322,95.4686100395322,0,7,1.3,0,16,242.84014818816618
210,21.4877131802371,0,0,0,0,0,0,0,0,0,0,85.8428888755609,85.8428888755609,0,8,1.3,0,16,193.1734909313589
240,7.15914841330835,0,0,0,0,0,0,0,0,0,0,72.5756829202249,72.5756829202249,0,9,1.3,0,16,152.31051425375816
270,1.7736282280408,0,0,0,0,0,0,0,0,0,0,61.4840094446841,61.4840094446841,0,10,1.3,0,16,124.741647117409
300,0.30490372717005,0,0,0,0,0,0,0,0,0,0,55.2398419436183,55.2398419436183,0,11,1.3,0,16,110.78458761440666
330,0.0366733746357735,0,0,0,0,0,0,0,0,0,0,52.9792392726245,52.9792392726245,0,12,1.3,0,16,105.99515191988476
360,0.00343958508564117,0,0,0,0,0,0,0,0,0,0,52.4664977464197,52.4664977464197,0,13,1.3,0,16,104.93643507792504
390,2.8053599161616e-4,0,0,0,0,0,0,0,0,0,0,52.3879278489531,52.3879278489531,0,14,1.3,0,16,104.77613623389782
420,2.11563501694755e-5,0,0,0,0,0,0,0,0,0,0,52.3786702745961,52.3786702745961,0,15,1.3,0,16,104.75736170554237
450,1.52050701069503e-6,0,0,0,0,0,0,0,0,0,0,52.3777439425367,52.3777439425367,0,16,1.3,0,16,104.75548940558042
480,1.05804007503341e-7,0,0,0,0,0,0,0,0,0,0,52.3776604867397,52.3776604867397,0,17,1.3,0,16,104.7553210792834
510,7.193692103880421e-9,0,0,0,0,0,0,0,0,0,0,52.3776534863341,52.3776534863341,0,18,1.3,0,16,104.75530697986188
540,4.80652419170558e-10,0,0,0,0,0,0,0,0,0,0,52.3776529284819,52.3776529284819,0,19,1.3,0,16,104.75530585744445
570,3.16816799434041e-11,0,0,0,0,0,0,0,0,0,0,52.3776528857037,52.3776528857037,0,20,1.3,0,16,104.75530577143907
600,2.22767987972938e-12,0,0,0,0,0,0,0,0,0,0,3.09305614125236,3.09305614125236,0,21,1.3,0,16,6.186112282506947
630,2.24442585584709e-13,0,0,0,0,0,0,0,0,0,0,0.182654161976581,0.182654161976581,0,22,1.3,0,16,0.3653083239533864
660,2.2697162000825502e-14,0,0,0,0,0,0,0,0,0,0,0.0107862713682747,0.0107862713682747,0,23,1.3,0,16,0.0215725427365721
690,1.9418848780696903e-15,0,0,0,0,0,0,0,0,0,0,6.3696139640105e-4,6.3696139640105e-4,0,24,1.3,0,16,0.0012739227928040418
720,1.50382996131743e-16,0,0,0,0,0,0,0,0,0,0,3.7614464424032397e-05,3.7614464424032397e-05,0,25,1.3,0,16,7.522892884821517e-5
750,1.09899373121842e-17,0,0,0,0,0,0,0,0,0,0,2.2212459693859e-6,2.2212459693859e-6,0,26,1.3,0,16,4.44249193878279e-6
780,7.73555587460843e-19,0,0,0,0,0,0,0,0,0,0,1.31171179327379e-7,1.31171179327379e-7,0,27,1.3,0,16,2.6234235865553154e-7
810,5.3036823852413096e-20,0,0,0,0,0,0,0,0,0,0,7.7460481771912e-9,7.7460481771912e-9,0,28,1.3,0,16,1.5492096354435436e-8
840,3.56637976501609e-21,0,0,0,0,0,0,0,0,0,0,4.57427177924166e-10,4.57427177924166e-10,0,29,1.3,0,16,9.148543558518984e-10
870,2.36257800417492e-22,0,0,0,0,0,0,0,0,0,0,2.7012435036772297e-11,2.7012435036772297e-11,0,30,1.3,0,16,5.402487007378085e-11
900,1.54665802935811e-23,0,0,0,0,0,0,0,0,0,0,1.59516461218301e-12,1.59516461218301e-12,0,31,1.3,0,16,3.1903292243814864e-12
930,1.0028042284469e-24,0,0,0,0,0,0,0,0,0,0,9.41992137103541e-14,9.41992137103541e-14,0,32,1.3,0,16,1.88398427421711e-13
960,6.450125401004419e-26,0,0,0,0,0,0,0,0,0,0,5.5627436811436506e-15,5.5627436811436506e-15,0,33,1.3,0,16,1.1125487362351803e-14
990,4.12094895167184e-27,0,0,0,0,0,0,0,0,0,0,3.28496555908175e-16,3.28496555908175e-16,0,34,1.3,0,16,6.569931118204709e-16
1020,2.6177634307809e-28,0,0,0,0,0,0,0,0,0,0,1.93986984602043e-17,1.93986984602043e-17,0,35,1.3,0,16,3.879739692067038e-17
1050,1.65465485058592e-29,0,0,0,0,0,0,0,0,0,0,1.14555082942472e-18,1.14555082942472e-18,0,36,1.3,0,16,2.2911016588659865e-18
1080,1.04136526522907e-30,0,0,0,0,0,0,0,0,0,0,6.76481829930247e-20,6.76481829930247e-20,0,37,1.3,0,16,1.3529636598709078e-19
1110,6.52894186618356e-32,0,0,0,0,0,0,0,0,0,0,3.99482637202884e-21,3.99482637202884e-21,0,38,1.3,0,16,7.98965274412297e-21
1140,4.07956376727027e-33,0,0,0,0,0,0,0,0,0,0,2.3590637681988698e-22,2.3590637681988698e-22,0,39,1.3,0,16,4.718127536438535e-22
1170,2.54139976623445e-34,0,0,0,0,0,0,0,0,0,0,1.3930973079016698e-23,1.3930973079016698e-23,0,40,1.3,0,16,2.786194615828754e-23
1200,1.57889688519457e-35,0,0,0,0,0,0,0,0,0,0,8.226653879114369e-25,8.226653879114369e-25,0,41,1.3,0,16,1.6453307758386627e-24
1230,9.78520549862881e-37,0,0,0,0,0,0,0,0,0,0,4.85808375961597e-26,4.85808375961597e-26,0,42,1.3,0,16,9.716167519329792e-26
1260,6.05089564790546e-38,0,0,0,0,0,0,0,0,0,0,2.86884293063017e-27,2.86884293063017e-27,0,43,1.3,0,16,5.737685861320849e-27
1290,3.73411821918458e-39,0,0,0,0,0,0,0,0,0,0,1.69413706531164e-28,1.69413706531164e-28,0,44,1.3,0,16,3.3882741306606212e-28
1320,2.3001148737796297e-40,0,0,0,0,0,0,0,0,0,0,1.00043831833384e-29,1.00043831833384e-29,0,45,1.3,0,16,2.0008766366906813e-29
1350,1.41439070391781e-41,0,0,0,0,0,0,0,0,0,0,5.907885788228659e-31,5.907885788228659e-31,0,46,1.3,0,16,1.1815771576598757e-30
1380,8.683711295277118e-43,0,0,0,0,0,0,0,0,0,0,3.48878225269269e-32,3.48878225269269e-32,0,47,1.3,0,16,6.977564505472217e-32
1410,5.323640274020399e-44,0,0,0,0,0,0,0,0,0,0,2.06022967391893e-33,2.06022967391893e-33,0,48,1.3,0,16,4.1204593478910965e-33
1440,3.25930534419954e-45,0,0,0,0,0,0,0,0,0,0,1.2166268925295499e-34,1.2166268925295499e-34,0,49,1.3,0,16,2.433253785091693e-34
1470,1.99294502919935e-46,0,0,0,0,0,0,0,0,0,0,7.184543620988509e-36,7.184543620988509e-36,0,50,1.3,0,16,1.4369087242176313e-35
1500,1.2171841446379802e-47,0,0,0,0,0,0,0,0,0,0,4.24268667552834e-37,4.24268667552834e-37,0,51,1.3,0,16,8.485373351178397e-37
1530,7.42576372229986e-49,0,0,0,0,0,0,0,0,0,0,2.50543265970612e-38,2.50543265970612e-38,0,52,1.3,0,16,5.010865319486498e-38
1560,4.52563867971516e-50,0,0,0,0,0,0,0,0,0,0,1.47953249783005e-39,1.47953249783005e-39,0,53,1.3,0,16,2.959064995705356e-39
1590,2.75549623444113e-51,0,0,0,0,0,0,0,0,0,0,8.73707941992953e-41,8.73707941992953e-41,0,54,1.3,0,16,1.7474158840134609e-40
1620,1.67619990865391e-52,0,0,0,0,0,0,0,0,0,0,5.1595052443434496e-42,5.1595052443434496e-42,0,55,1.3,0,16,1.0319010488854519e-41
1650,1.0187803376204001e-53,0,0,0,0,0,0,0,0,0,0,3.0468412951762092e-43,3.0468412951762092e-43,0,56,1.3,0,16,6.093682590454297e-43
1680,6.1870673577570694e-55,0,0,0,0,0,0,0,0,0,0,1.7992504012803097e-44,1.7992504012803097e-44,0,57,1.3,0,16,3.59850080262249e-44
1710,3.7545490139514895e-56,0,0,0,0,0,0,0,0,0,0,1.0625108740596699e-45,1.0625108740596699e-45,0,58,1.3,0,16,2.1250217481568854e-45
1740,2.2767583279604598e-57,0,0,0,0,0,0,0,0,0,0,6.27444271844122e-47,6.27444271844122e-47,0,59,1.3,0,16,1.2548885437110117e-46
1770,1.37968049796036e-58,0,0,0,0,0,0,0,0,0,0,3.7052450381596e-48,3.7052450381596e-48,0,60,1.3,0,16,7.410490076457169e-48
1800,8.355213321615249e-60,0,0,0,0,0,0,0,0,0,0,2.1880573962909498e-49,2.1880573962909498e-49,0,61,1.3,0,16,4.3761147926654514e-49
1830,5.056707925072399e-61,0,0,0,0,0,0,0,0,0,0,1.29211297008966e-50,1.29211297008966e-50,0,62,1.3,0,16,2.584225940229887e-50
1860,3.0585979425150497e-62,0,0,0,0,0,0,0,0,0,0,7.6303113935577e-52,7.6303113935577e-52,0,63,1.3,0,16,1.5260622787421262e-51
1890,1.84898373342952e-63,0,0,0,0,0,0,0,0,0,0,4.50592582313638e-53,4.50592582313638e-53,0,64,1.3,0,16,9.011851646457658e-53
1920,1.1171490555039e-64,0,0,0,0,0,0,0,0,0,0,2.6608832174229096e-54,2.6608832174229096e-54,0,65,1.3,0,16,5.321766434957534e-54
1950,6.74631938738402e-66,0,0,0,0,0,0,0,0,0,0,1.5713306825705398e-55,1.5713306825705398e-55,0,66,1.3,0,16,3.142661365208543e-55
1980,4.0720222464181705e-67,0,0,0,0,0,0,0,0,0,0,9.27917504495789e-57,9.27917504495789e-57,0,67,1.3,0,16,1.8558350090322982e-56
0,250,0,0,0,0,0,0,0,0,0,0,0,0,0,1,1.3,0,6,250
30,250.000322400697,0,0,0,0,0,0,0,0,0,0,0,0,0,2,1.3,0,6,250.000322400697
60,250.000090984018,0,0,0,0,0,0,0,0,0,0,0,0,0,3,1.3,0,6,250.000090984018
90,250.000018876751,0,0,0,0,0,0,0,0,0,0,0,0,0,4,1.3,0,6,250.000018876751
120,204.11921964368,0,0,0,0,0,0,0,0,0,0,57.9146476764686,57.9146476764686,0,5,1.3,0,6,319.9485149966172
150,108.450847649906,0,0,0,0,0,0,0,0,0,0,92.5277982425539,92.5277982425539,0,6,1.3,0,6,293.5064441350138
180,51.9029281091018,0,0,0,0,0,0,0,0,0,0,95.4686100395322,95.4686100395322,0,7,1.3,0,6,242.84014818816618
210,21.4877131802371,0,0,0,0,0,0,0,0,0,0,85.8428888755609,85.8428888755609,0,8,1.3,0,6,193.1734909313589
240,7.15914841330835,0,0,0,0,0,0,0,0,0,0,72.5756829202249,72.5756829202249,0,9,1.3,0,6,152.31051425375816
270,1.7736282280408,0,0,0,0,0,0,0,0,0,0,61.4840094446841,61.4840094446841,0,10,1.3,0,6,124.741647117409
300,0.475775887620206,0,0,0,0,0,0,0,0,0,0,8.35264008869329,8.35264008869329,0,11,1.3,0,6,17.181056065006786
330,0.212722684634616,0,0,0,0,0,0,0,0,0,0,4.55202009658722,4.55202009658722,0,12,1.3,0,6,9.316762877809056
360,0.144876670767165,0,0,0,0,0,0,0,0,0,0,2.90419424085837,2.90419424085837,0,13,1.3,0,6,5.9532651524839055
390,0.119777599279582,0,0,0,0,0,0,0,0,0,0,2.41602264834464,2.41602264834464,0,14,1.3,0,6,4.951822895968863
420,0.109204641597355,0,0,0,0,0,0,0,0,0,0,2.16134996318312,2.16134996318312,0,15,1.3,0,6,4.431904567963595
450,0.105145319900358,0,0,0,0,0,0,0,0,0,0,2.06204511195429,2.06204511195429,0,16,1.3,0,6,4.229235543808938
480,0.104663814721434,0,0,0,0,0,0,0,0,0,0,2.02468804278126,2.02468804278126,0,17,1.3,0,6,4.154039900283954
510,0.106248783691168,0,0,0,0,0,0,0,0,0,0,2.03076440604779,2.03076440604779,0,18,1.3,0,6,4.167777595786748
540,0.109219653160458,0,0,0,0,0,0,0,0,0,0,2.06058692544781,2.06058692544781,0,19,1.3,0,6,4.230393504056078
570,0.113131125071031,0,0,0,0,0,0,0,0,0,0,2.10711939734398,2.10711939734398,0,20,1.3,0,6,4.327369919758991
600,0.117750175464738,0,0,0,0,0,0,0,0,0,0,2.16447905431319,2.16447905431319,0,21,1.3,0,6,4.446708284091118
630,0.122921314049138,0,0,0,0,0,0,0,0,0,0,2.22971317504194,2.22971317504194,0,22,1.3,0,6,4.582347664133017
660,0.128558013811868,0,0,0,0,0,0,0,0,0,0,2.30072888737092,2.30072888737092,0,23,1.3,0,6,4.730015788553708
690,0.134608027998361,0,0,0,0,0,0,0,0,0,0,2.37632649858661,2.37632649858661,0,24,1.3,0,6,4.887261025171581
720,0.14104591222587,0,0,0,0,0,0,0,0,0,0,2.45574450210586,2.45574450210586,0,25,1.3,0,6,5.05253491643759
750,0.147862400744882,0,0,0,0,0,0,0,0,0,0,2.53855260232052,2.53855260232052,0,26,1.3,0,6,5.224967605385921
780,0.155060038344435,0,0,0,0,0,0,0,0,0,0,2.62451882956123,2.62451882956123,0,27,1.3,0,6,5.404097697466895
810,0.162649358526914,0,0,0,0,0,0,0,0,0,0,2.7135456609412,2.7135456609412,0,28,1.3,0,6,5.589740680409314
840,0.170646817823803,0,0,0,0,0,0,0,0,0,0,2.80562173134948,2.80562173134948,0,29,1.3,0,6,5.781890280522763
870,0.179073353989069,0,0,0,0,0,0,0,0,0,0,2.90079292376267,2.90079292376267,0,30,1.3,0,6,5.980659201514409
900,0.187953569369118,0,0,0,0,0,0,0,0,0,0,2.9991435457466,2.9991435457466,0,31,1.3,0,6,6.186240660862318
930,0.197315259851728,0,0,0,0,0,0,0,0,0,0,3.10078467509219,3.10078467509219,0,32,1.3,0,6,6.3988846100361085
960,0.207189204054501,0,0,0,0,0,0,0,0,0,0,3.2058470864577,3.2058470864577,0,33,1.3,0,6,6.618883376969901
990,0.217609121671046,0,0,0,0,0,0,0,0,0,0,3.31447707679738,3.31447707679738,0,34,1.3,0,6,6.846563275265806
1020,0.228611753059251,0,0,0,0,0,0,0,0,0,0,3.42683418252036,3.42683418252036,0,35,1.3,0,6,7.0822801180999715
1050,0.240237026476114,0,0,0,0,0,0,0,0,0,0,3.54309007239272,3.54309007239272,0,36,1.3,0,6,7.3264171712615545
1080,0.2525282935005,0,0,0,0,0,0,0,0,0,0,3.66342820209595,3.66342820209595,0,37,1.3,0,6,7.5793846976924
1110,0.265532621682007,0,0,0,0,0,0,0,0,0,0,3.78804395259738,3.78804395259738,0,38,1.3,0,6,7.841620526876767
1140,0.279301139396884,0,0,0,0,0,0,0,0,0,0,3.91714509160817,3.91714509160817,0,39,1.3,0,6,8.113591322613225
1170,0.293889432048344,0,0,0,0,0,0,0,0,0,0,4.05095245848296,4.05095245848296,0,40,1.3,0,6,8.395794349014263
1200,0.309357991663777,0,0,0,0,0,0,0,0,0,0,4.18970081718145,4.18970081718145,0,41,1.3,0,6,8.688759626026677
1230,0.325772724198667,0,0,0,0,0,0,0,0,0,0,4.3336398471595,4.3336398471595,0,42,1.3,0,6,8.993052418517667
1260,0.34320552069692,0,0,0,0,0,0,0,0,0,0,4.48303525878808,4.48303525878808,0,43,1.3,0,6,9.30927603827308
1290,0.361734900141392,0,0,0,0,0,0,0,0,0,0,4.63817003003011,4.63817003003011,0,44,1.3,0,6,9.638074960201612
1320,0.381446733494401,0,0,0,0,0,0,0,0,0,0,4.79934576777614,4.79934576777614,0,45,1.3,0,6,9.980138269046682
1350,0.40243506020353,0,0,0,0,0,0,0,0,0,0,4.96688420168816,4.96688420168816,0,46,1.3,0,6,10.33620346357985
1380,0.424803010425317,0,0,0,0,0,0,0,0,0,0,5.1411288216683,5.1411288216683,0,47,1.3,0,6,10.707060653761916
1410,0.448663848487287,0,0,0,0,0,0,0,0,0,0,5.32244667269989,5.32244667269989,0,48,1.3,0,6,11.093557193887067
1440,0.474142155752932,0,0,0,0,0,0,0,0,0,0,5.51123032317303,5.51123032317303,0,49,1.3,0,6,11.496602802098993
1470,0.501375174169042,0,0,0,0,0,0,0,0,0,0,5.70790002512279,5.70790002512279,0,50,1.3,0,6,11.91717522441462
1500,0.530514335467529,0,0,0,0,0,0,0,0,0,0,5.9129060872186,5.9129060872186,0,51,1.3,0,6,12.35632650990473
1530,0.561727005392315,0,0,0,0,0,0,0,0,0,0,6.12673148394332,6.12673148394332,0,52,1.3,0,6,12.815189973278954
1560,0.595198477580456,0,0,0,0,0,0,0,0,0,0,6.34989472725843,6.34989472725843,0,53,1.3,0,6,13.294987932097317
1590,0.631134258034731,0,0,0,0,0,0,0,0,0,0,6.58295303022097,6.58295303022097,0,54,1.3,0,6,13.79704031847667
1620,0.669762688716205,0,0,0,0,0,0,0,0,0,0,6.82650579554347,6.82650579554347,0,55,1.3,0,6,14.322774279803145
1650,0.711337967949982,0,0,0,0,0,0,0,0,0,0,7.08119846601128,7.08119846601128,0,56,1.3,0,6,14.873734899972542
1680,0.756143636437395,0,0,0,0,0,0,0,0,0,0,7.34772677802445,7.34772677802445,0,57,1.3,0,6,15.451597192486295
1710,0.804496611156366,0,0,0,0,0,0,0,0,0,0,7.62684146434439,7.62684146434439,0,58,1.3,0,6,16.058179539845145
1740,0.856751865878472,0,0,0,0,0,0,0,0,0,0,7.91935345741381,7.91935345741381,0,59,1.3,0,6,16.69545878070609
1770,0.913307877155156,0,0,0,0,0,0,0,0,0,0,8.22613965038372,8.22613965038372,0,60,1.3,0,6,17.365587177922595
1800,0.97461297933778,0,0,0,0,0,0,0,0,0,0,8.54814927919545,8.54814927919545,0,61,1.3,0,6,18.07091153772868
1830,1.04117280265586,0,0,0,0,0,0,0,0,0,0,8.8864109956634,8.8864109956634,0,62,1.3,0,6,18.813994793982662
1860,1.11355900606553,0,0,0,0,0,0,0,0,0,0,9.24204070835416,9.24204070835416,0,63,1.3,0,6,19.59764042277385
1890,1.19241956339592,0,0,0,0,0,0,0,0,0,0,9.61625027494039,9.61625027494039,0,64,1.3,0,6,20.4249201132767
1920,1.27849091971301,0,0,0,0,0,0,0,0,0,0,10.0103571362669,10.0103571362669,0,65,1.3,0,6,21.299205192246813
1950,1.3726124079565,0,0,0,0,0,0,0,0,0,0,10.4257949880484,10.4257949880484,0,66,1.3,0,6,22.2242023840533
1980,1.47574340790603,0,0,0,0,0,0,0,0,0,0,10.8641255900826,10.8641255900826,0,67,1.3,0,6,23.20399458807123
0,250,0,0,0,0,0,0,0,0,0,0,0,0,0,1,1.3,0,7,250
30,250.000322400697,0,0,0,0,0,0,0,0,0,0,0,0,0,2,1.3,0,7,250.000322400697
60,250.000090984018,0,0,0,0,0,0,0,0,0,0,0,0,0,3,1.3,0,7,250.000090984018
90,250.000018876751,0,0,0,0,0,0,0,0,0,0,0,0,0,4,1.3,0,7,250.000018876751
120,204.11921964368,0,0,0,0,0,0,0,0,0,0,57.9146476764686,57.9146476764686,0,5,1.3,0,7,319.9485149966172
150,108.450847649906,0,0,0,0,0,0,0,0,0,0,92.5277982425539,92.5277982425539,0,6,1.3,0,7,293.5064441350138
180,51.9029281091018,0,0,0,0,0,0,0,0,0,0,95.4686100395322,95.4686100395322,0,7,1.3,0,7,242.84014818816618
210,21.4877131802371,0,0,0,0,0,0,0,0,0,0,85.8428888755609,85.8428888755609,0,8,1.3,0,7,193.1734909313589
240,7.15914841330835,0,0,0,0,0,0,0,0,0,0,72.5756829202249,72.5756829202249,0,9,1.3,0,7,152.31051425375816
270,1.7736282280408,0,0,0,0,0,0,0,0,0,0,61.4840094446841,61.4840094446841,0,10,1.3,0,7,124.741647117409
300,0.30490372717005,0,0,0,0,0,0,0,0,0,0,55.2398419436183,55.2398419436183,0,11,1.3,0,7,110.78458761440666
330,0.0526815864457012,0,0,0,0,0,0,0,0,0,0,4.14267091999989,4.14267091999989,0,12,1.3,0,7,8.338023426445481
360,0.0148166202968765,0,0,0,0,0,0,0,0,0,0,0.919964456698024,0.919964456698024,0,13,1.3,0,7,1.8547455336929244
390,0.00456475289129371,0,0,0,0,0,0,0,0,0,0,0.339627592034372,0.339627592034372,0,14,1.3,0,7,0.6838199369600376
420,0.00183101833531145,0,0,0,0,0,0,0,0,0,0,0.127813720640839,0.127813720640839,0,15,1.3,0,7,0.2574584596169895
450,7.6405260663689e-4,0,0,0,0,0,0,0,0,0,0,0.0539268277444266,0.0539268277444266,0,16,1.3,0,7,0.1086177080954901
480,3.2909090992978e-4,0,0,0,0,0,0,0,0,0,0,0.0231254833878618,0.0231254833878618,0,17,1.3,0,7,0.04658005768565338
510,1.4387480407795e-4,0,0,0,0,0,0,0,0,0,0,0.0100752471216033,0.0100752471216033,0,18,1.3,0,7,0.020294369047284547
540,6.33294770460232e-5,0,0,0,0,0,0,0,0,0,0,0.00442420265879038,0.00442420265879038,0,19,1.3,0,7,0.008911734794626784
570,2.80285486701824e-5,0,0,0,0,0,0,0,0,0,0,0.00195192385340023,0.00195192385340023,0,20,1.3,0,7,0.003931876255470642
600,1.24512480036581e-5,0,0,0,0,0,0,0,0,0,0,8.6465218199999e-4,8.6465218199999e-4,0,21,1.3,0,7,0.001741755612003638
630,5.550270374936e-6,0,0,0,0,0,0,0,0,0,0,3.8428785944769e-4,3.8428785944769e-4,0,22,1.3,0,7,7.74125989270316e-4
660,2.48192233837282e-6,0,0,0,0,0,0,0,0,0,0,1.7133766092577e-4,1.7133766092577e-4,0,23,1.3,0,7,3.451572441899128e-4
690,1.11327584281771e-6,0,0,0,0,0,0,0,0,0,0,7.6627026370096e-5,7.6627026370096e-5,0,24,1.3,0,7,1.543673285830097e-4
720,5.00892518110641e-7,0,0,0,0,0,0,0,0,0,0,3.43742670846403e-5,3.43742670846403e-5,0,25,1.3,0,7,6.924942668739124e-5
750,2.26053189277803e-7,0,0,0,0,0,0,0,0,0,0,1.54669424023995e-5,1.54669424023995e-5,0,26,1.3,0,7,3.1159937994076804e-5
780,1.02330153725546e-7,0,0,0,0,0,0,0,0,0,0,6.98067171423252e-6,6.98067171423252e-6,0,27,1.3,0,7,1.4063673582190586e-5
810,4.64652025519608e-8,0,0,0,0,0,0,0,0,0,0,3.16021170689695e-6,3.16021170689695e-6,0,28,1.3,0,7,6.366888616345861e-6
840,2.1163560001381e-8,0,0,0,0,0,0,0,0,0,0,1.43504889175017e-6,1.43504889175017e-6,0,29,1.3,0,7,2.891261343501721e-6
870,9.669236196471781e-9,0,0,0,0,0,0,0,0,0,0,6.53664109421679e-7,6.53664109421679e-7,0,30,1.3,0,7,1.3169974550398296e-6
900,4.431434119283791e-9,0,0,0,0,0,0,0,0,0,0,2.98666205653537e-7,2.98666205653537e-7,0,31,1.3,0,7,6.017638454263578e-7
930,2.03728302328944e-9,0,0,0,0,0,0,0,0,0,0,1.36888590728395e-7,1.36888590728395e-7,0,32,1.3,0,7,2.7581446448007945e-7
960,9.39549626158436e-10,0,0,0,0,0,0,0,0,0,0,6.29367701530471e-8,6.29367701530471e-8,0,33,1.3,0,7,1.2681308993225263e-7
990,4.34666117401111e-10,0,0,0,0,0,0,0,0,0,0,2.90271274042053e-8,2.90271274042053e-8,0,34,1.3,0,7,5.848892092581171e-8
1020,2.01727931320612e-10,0,0,0,0,0,0,0,0,0,0,1.34298917410687e-8,1.34298917410687e-8,0,35,1.3,0,7,2.7061511413458014e-8
1050,9.39197654685813e-11,0,0,0,0,0,0,0,0,0,0,6.23327522033516e-9,6.23327522033516e-9,0,36,1.3,0,7,1.2560470206138902e-8
1080,4.3866730934230694e-11,0,0,0,0,0,0,0,0,0,0,2.9022978525840803e-9,2.9022978525840803e-9,0,37,1.3,0,7,5.848462436102391e-9
1110,2.0554527317309697e-11,0,0,0,0,0,0,0,0,0,0,1.35567674866807e-9,1.35567674866807e-9,0,38,1.3,0,7,2.73190802465345e-9
1140,9.662296695753329e-12,0,0,0,0,0,0,0,0,0,0,6.35280407681397e-10,6.35280407681397e-10,0,39,1.3,0,7,1.2802231120585473e-9
1170,4.55680718265282e-12,0,0,0,0,0,0,0,0,0,0,2.98659708200259e-10,2.98659708200259e-10,0,40,1.3,0,7,6.018762235831709e-10
1200,2.1560317697901498e-12,0,0,0,0,0,0,0,0,0,0,1.40862840261148e-10,1.40862840261148e-10,0,41,1.3,0,7,2.8388171229208617e-10
1230,1.0234597092422998e-12,0,0,0,0,0,0,0,0,0,0,6.66548416767939e-11,6.66548416767939e-11,0,42,1.3,0,7,1.343331430628301e-10
1260,4.87432365355985e-13,0,0,0,0,0,0,0,0,0,0,3.1643848776172e-11,3.1643848776172e-11,0,43,1.3,0,7,6.377512991769999e-11
1290,2.32912597887498e-13,0,0,0,0,0,0,0,0,0,0,1.5072183737449e-11,1.5072183737449e-11,0,44,1.3,0,7,3.03772800727855e-11
1320,1.11664119492376e-13,0,0,0,0,0,0,0,0,0,0,7.2027665531110005e-12,7.2027665531110005e-12,0,45,1.3,0,7,1.4517197225714377e-11
1350,5.3713501807622504e-14,0,0,0,0,0,0,0,0,0,0,3.4535507159267297e-12,3.4535507159267297e-12,0,46,1.3,0,7,6.960814933661082e-12
1380,2.59244534138671e-14,0,0,0,0,0,0,0,0,0,0,1.66143286017841e-12,1.66143286017841e-12,0,47,1.3,0,7,3.348790173770687e-12
1410,1.25544964579307e-14,0,0,0,0,0,0,0,0,0,0,8.01968652164468e-13,8.01968652164468e-13,0,48,1.3,0,7,1.6164918007868668e-12
1440,6.1004212618034705e-15,0,0,0,0,0,0,0,0,0,0,3.88415784558212e-13,3.88415784558212e-13,0,49,1.3,0,7,7.829319903782275e-13
1470,2.97439432431663e-15,0,0,0,0,0,0,0,0,0,0,1.8875937638756e-13,1.8875937638756e-13,0,50,1.3,0,7,3.8049314709943663e-13
1500,1.45520060856391e-15,0,0,0,0,0,0,0,0,0,0,9.20449041808812e-14,9.20449041808812e-14,0,51,1.3,0,7,1.8554500897032632e-13
1530,7.143980799459601e-16,0,0,0,0,0,0,0,0,0,0,4.5037881115513703e-14,4.5037881115513703e-14,0,52,1.3,0,7,9.079016031097337e-14
1560,3.51931647575617e-16,0,0,0,0,0,0,0,0,0,0,2.2113150957584802e-14,2.2113150957584802e-14,0,53,1.3,0,7,4.4578233562745224e-14
1590,1.73974105388948e-16,0,0,0,0,0,0,0,0,0,0,1.0894952799078301e-14,1.0894952799078301e-14,0,54,1.3,0,7,2.196387970354555e-14
1620,8.63031854118254e-17,0,0,0,0,0,0,0,0,0,0,5.38653821538343e-15,5.38653821538343e-15,0,55,1.3,0,7,1.0859379616178685e-14
1650,4.29628131568427e-17,0,0,0,0,0,0,0,0,0,0,2.6724617789856903e-15,2.6724617789856903e-15,0,56,1.3,0,7,5.387886371128223e-15
1680,2.14629830693687e-17,0,0,0,0,0,0,0,0,0,0,1.33057202577217e-15,1.33057202577217e-15,0,57,1.3,0,7,2.6826070346137088e-15
1710,1.07603606506739e-17,0,0,0,0,0,0,0,0,0,0,6.6481105842911895e-16,6.6481105842911895e-16,0,58,1.3,0,7,1.3403824775089118e-15
1740,5.41390836223381e-18,0,0,0,0,0,0,0,0,0,0,3.33348836643242e-16,3.33348836643242e-16,0,59,1.3,0,7,6.721115816487178e-16
1770,2.73369670042273e-18,0,0,0,0,0,0,0,0,0,0,1.67744576718951e-16,1.67744576718951e-16,0,60,1.3,0,7,3.382228501383247e-16
1800,1.38532991133378e-18,0,0,0,0,0,0,0,0,0,0,8.4713946035931e-17,8.4713946035931e-17,0,61,1.3,0,7,1.7081322198319577e-16
1830,7.04575798565529e-19,0,0,0,0,0,0,0,0,0,0,4.29364696124926e-17,4.29364696124926e-17,0,62,1.3,0,7,8.657751502355072e-17
1860,3.59651690420524e-19,0,0,0,0,0,0,0,0,0,0,2.1840920578071702e-17,2.1840920578071702e-17,0,63,1.3,0,7,4.4041492846563925e-17
1890,1.84257292984069e-19,0,0,0,0,0,0,0,0,0,0,1.1150568205020501e-17,1.1150568205020501e-17,0,64,1.3,0,7,2.248539370302507e-17
1920,9.474664955224449e-20,0,0,0,0,0,0,0,0,0,0,5.7136396846405294e-18,5.7136396846405294e-18,0,65,1.3,0,7,1.1522026018833303e-17
1950,4.8899915180988496e-20,0,0,0,0,0,0,0,0,0,0,2.9385082109915297e-18,2.9385082109915297e-18,0,66,1.3,0,7,5.925916337164048e-18
1980,2.53317955033209e-20,0,0,0,0,0,0,0,0,0,0,1.5168675841291001e-18,1.5168675841291001e-18,0,67,1.3,0,7,3.0590669637615212e-18
0,250,0,0,0,0,0,0,0,0,0,0,0,0,0,1,1.3,0,8,250
30,250.000322400697,0,0,0,0,0,0,0,0,0,0,0,0,0,2,1.3,0,8,250.000322400697
60,250.000090984018,0,0,0,0,0,0,0,0,0,0,0,0,0,3,1.3,0,8,250.000090984018
90,250.000018876751,0,0,0,0,0,0,0,0,0,0,0,0,0,4,1.3,0,8,250.000018876751
120,204.11921964368,0,0,0,0,0,0,0,0,0,0,57.9146476764686,57.9146476764686,0,5,1.3,0,8,319.9485149966172
150,108.450847649906,0,0,0,0,0,0,0,0,0,0,92.5277982425539,92.5277982425539,0,6,1.3,0,8,293.5064441350138
180,51.9029281091018,0,0,0,0,0,0,0,0,0,0,95.4686100395322,95.4686100395322,0,7,1.3,0,8,242.84014818816618
210,21.4877131802371,0,0,0,0,0,0,0,0,0,0,85.8428888755609,85.8428888755609,0,8,1.3,0,8,193.1734909313589
240,7.15914841330835,0,0,0,0,0,0,0,0,0,0,72.5756829202249,72.5756829202249,0,9,1.3,0,8,152.31051425375816
270,1.7736282280408,0,0,0,0,0,0,0,0,0,0,61.4840094446841,61.4840094446841,0,10,1.3,0,8,124.741647117409
300,0.30490372717005,0,0,0,0,0,0,0,0,0,0,55.2398419436183,55.2398419436183,0,11,1.3,0,8,110.78458761440666
330,0.0366733746357735,0,0,0,0,0,0,0,0,0,0,52.9792392726245,52.9792392726245,0,12,1.3,0,8,105.99515191988476
360,0.00450983461008396,0,0,0,0,0,0,0,0,0,0,3.23395244296801,3.23395244296801,0,13,1.3,0,8,6.472414720546104
390,9.083257967892e-4,0,0,0,0,0,0,0,0,0,0,0.253875426950665,0.253875426950665,0,14,1.3,0,8,0.5086591796981192
420,1.3588526409613e-4,0,0,0,0,0,0,0,0,0,0,0.0343191420489389,0.0343191420489389,0,15,1.3,0,8,0.06877416936197393
450,1.7707497712941e-5,0,0,0,0,0,0,0,0,0,0,0.00509728247399686,0.00509728247399686,0,16,1.3,0,8,0.01021227244570666
480,2.37037691804609e-6,0,0,0,0,0,0,0,0,0,0,7.0772235693917e-4,7.0772235693917e-4,0,17,1.3,0,8,0.001417815090796386
510,3.25661610846008e-7,0,0,0,0,0,0,0,0,0,0,9.64650126204133e-5,9.64650126204133e-5,0,18,1.3,0,8,1.9325568685167263e-4
540,4.49159197733147e-8,0,0,0,0,0,0,0,0,0,0,1.32100080271569e-5,1.32100080271569e-5,0,19,1.3,0,8,2.6464931974087116e-5
570,6.1830751002620705e-9,0,0,0,0,0,0,0,0,0,0,1.81611321542218e-6,1.81611321542218e-6,0,20,1.3,0,8,3.638409505944622e-6
600,8.5046105799216e-10,0,0,0,0,0,0,0,0,0,0,2.49855659023969e-7,2.49855659023969e-7,0,21,1.3,0,8,5.005617791059301e-7
630,1.17001624035037e-10,0,0,0,0,0,0,0,0,0,0,3.43706934204531e-8,3.43706934204531e-8,0,22,1.3,0,8,6.885838846494124e-8
660,1.6102093351559e-11,0,0,0,0,0,0,0,0,0,0,4.72843663513711e-9,4.72843663513711e-9,0,23,1.3,0,8,9.472975363625778e-9
690,2.21660506080429e-12,0,0,0,0,0,0,0,0,0,0,6.50645137635459e-10,6.50645137635459e-10,0,24,1.3,0,8,1.3035068803317223e-9
720,3.05204392675612e-13,0,0,0,0,0,0,0,0,0,0,8.955248200338689e-11,8.955248200338689e-11,0,25,1.3,0,8,1.794101683994494e-10
750,4.20328737553897e-14,0,0,0,0,0,0,0,0,0,0,1.2328553269234099e-11,1.2328553269234099e-11,0,26,1.3,0,8,2.4699139412223587e-11
780,5.7900930255068104e-15,0,0,0,0,0,0,0,0,0,0,1.69763708102264e-12,1.69763708102264e-12,0,27,1.3,0,8,3.401064255070787e-12
810,7.977759912560769e-16,0,0,0,0,0,0,0,0,0,0,2.33816865556819e-13,2.33816865556819e-13,0,28,1.3,0,8,4.684315071048941e-13
840,1.09944965781808e-16,0,0,0,0,0,0,0,0,0,0,3.22110944571583e-14,3.22110944571583e-14,0,29,1.3,0,8,6.45321338800984e-14
870,1.5155443937577e-17,0,0,0,0,0,0,0,0,0,0,4.438477065262131e-15,4.438477065262131e-15,0,30,1.3,0,8,8.892109574461838e-15
900,2.0895894070844198e-18,0,0,0,0,0,0,0,0,0,0,6.11732275699987e-16,6.11732275699987e-16,0,31,1.3,0,8,1.2255541408070584e-15
930,2.88172358302083e-19,0,0,0,0,0,0,0,0,0,0,8.433110398711651e-17,8.433110398711651e-17,0,32,1.3,0,8,1.689503803325351e-16
960,3.97505217101551e-20,0,0,0,0,0,0,0,0,0,0,1.16282196415153e-17,1.16282196415153e-17,0,33,1.3,0,8,2.3296189804740754e-17
990,5.48444357885174e-21,0,0,0,0,0,0,0,0,0,0,1.60375415910909e-18,1.60375415910909e-18,0,34,1.3,0,8,3.212992761797032e-18
1020,7.56870568982464e-22,0,0,0,0,0,0,0,0,0,0,2.21238941438998e-19,2.21238941438998e-19,0,35,1.3,0,8,4.432347534469784e-19
1050,1.04474438400697e-22,0,0,0,0,0,0,0,0,0,0,3.0527035563592695e-20,3.0527035563592695e-20,0,36,1.3,0,8,6.115854556558609e-20
1080,1.4424405834167498e-23,0,0,0,0,0,0,0,0,0,0,4.21315130209619e-21,4.21315130209619e-21,0,37,1.3,0,8,8.440727010026547e-21
1110,1.99198176596764e-24,0,0,0,0,0,0,0,0,0,0,5.816060545878069e-22,5.816060545878069e-22,0,38,1.3,0,8,1.1652040909415815e-21
1140,2.7515182699027796e-25,0,0,0,0,0,0,0,0,0,0,8.03064263564048e-23,8.03064263564048e-23,0,39,1.3,0,8,1.6088800453979987e-22
1170,3.80153626185458e-26,0,0,0,0,0,0,0,0,0,0,1.10910146145756e-23,1.10910146145756e-23,0,40,1.3,0,8,2.2220044591769746e-23
1200,5.25346262425327e-27,0,0,0,0,0,0,0,0,0,0,1.53211699211228e-24,1.53211699211228e-24,0,41,1.3,0,8,3.0694874468488133e-24
1230,7.261594730271979e-28,0,0,0,0,0,0,0,0,0,0,2.11695844623113e-25,2.11695844623113e-25,0,42,1.3,0,8,4.241178487192531e-25
1260,1.00396436310469e-28,0,0,0,0,0,0,0,0,0,0,2.925718705418e-26,2.925718705418e-26,0,43,1.3,0,8,5.861477054467047e-26
1290,1.3883680007262e-29,0,0,0,0,0,0,0,0,0,0,4.04438706460528e-27,4.04438706460528e-27,0,44,1.3,0,8,8.102657809217821e-27
1320,1.9203968299784197e-30,0,0,0,0,0,0,0,0,0,0,5.59207316446101e-28,5.59207316446101e-28,0,45,1.3,0,8,1.1203350297221805e-27
1350,2.6569142062537e-31,0,0,0,0,0,0,0,0,0,0,7.7338019031213e-29,7.7338019031213e-29,0,46,1.3,0,8,1.5494172948305137e-28
1380,3.67675190358067e-32,0,0,0,0,0,0,0,0,0,0,1.06982658972306e-29,1.06982658972306e-29,0,47,1.3,0,8,2.1433299313497006e-29
1410,5.08922256801219e-33,0,0,0,0,0,0,0,0,0,0,1.48024620388689e-30,1.48024620388689e-30,0,48,1.3,0,8,2.965581630341792e-30
1440,7.04594040119701e-34,0,0,0,0,0,0,0,0,0,0,2.04858895742989e-31,2.04858895742989e-31,0,49,1.3,0,8,4.104223855260977e-31
1470,9.757239561671689e-35,0,0,0,0,0,0,0,0,0,0,2.83580315276643e-32,2.83580315276643e-32,0,50,1.3,0,8,5.681363545094532e-32
1500,1.35149838688804e-35,0,0,0,0,0,0,0,0,0,0,3.92642942793817e-33,3.92642942793817e-33,0,51,1.3,0,8,7.866373839745221e-33
1530,1.87242631362754e-36,0,0,0,0,0,0,0,0,0,0,5.43776020011557e-34,5.43776020011557e-34,0,52,1.3,0,8,1.0894244663367414e-33
1560,2.59474485626476e-37,0,0,0,0,0,0,0,0,0,0,7.53256568492859e-35,7.53256568492859e-35,0,53,1.3,0,8,1.5091078818419827e-34
1590,3.59654404417691e-38,0,0,0,0,0,0,0,0,0,0,1.0436779371e-35,1.0436779371e-35,0,54,1.3,0,8,2.0909524182441769e-35
1620,4.98628371473032e-39,0,0,0,0,0,0,0,0,0,0,1.4464081399354198e-36,1.4464081399354198e-36,0,55,1.3,0,8,2.89780256358557e-36
1650,6.914639575191789e-40,0,0,0,0,0,0,0,0,0,0,2.00500781856726e-37,2.00500781856726e-37,0,56,1.3,0,8,4.016930276709712e-37
1680,9.59098359383607e-41,0,0,0,0,0,0,0,0,0,0,2.77998352666818e-38,2.77998352666818e-38,0,57,1.3,0,8,5.569558036930196e-38
1710,1.33063170648045e-41,0,0,0,0,0,0,0,0,0,0,3.85539955506012e-39,3.85539955506012e-39,0,58,1.3,0,8,7.724105427185044e-39
1740,1.8465190237065098e-42,0,0,0,0,0,0,0,0,0,0,5.34807712901432e-40,5.34807712901432e-40,0,59,1.3,0,8,1.0714619448265705e-39
1770,2.5630140344618294e-43,0,0,0,0,0,0,0,0,0,0,7.42039646190569e-41,7.42039646190569e-41,0,60,1.3,0,8,1.4866423064155999e-40
1800,3.55835720013551e-44,0,0,0,0,0,0,0,0,0,0,1.02981168726736e-41,1.02981168726736e-41,0,61,1.3,0,8,2.0631817317348555e-41
1830,4.94139463801904e-45,0,0,0,0,0,0,0,0,0,0,1.4295187700321498e-42,1.4295187700321498e-42,0,62,1.3,0,8,2.8639789347023187e-42
1860,6.86358565697515e-46,0,0,0,0,0,0,0,0,0,0,1.9848300555488594e-43,1.9848300555488594e-43,0,63,1.3,0,8,3.976523696754694e-43
1890,9.53573509355134e-47,0,0,0,0,0,0,0,0,0,0,2.7565018824461297e-44,2.7565018824461297e-44,0,64,1.3,0,8,5.522539499985811e-44
1920,1.32513150498255e-47,0,0,0,0,0,0,0,0,0,0,3.8290835260892595e-45,3.8290835260892595e-45,0,65,1.3,0,8,7.671418367228344e-45
1950,1.84189786353484e-48,0,0,0,0,0,0,0,0,0,0,5.32026234547834e-46,5.32026234547834e-46,0,66,1.3,0,8,1.0658943669592029e-45
1980,2.56078992657036e-49,0,0,0,0,0,0,0,0,0,0,7.39389023118614e-47,7.39389023118614e-47,0,67,1.3,0,8,1.4813388361637985e-46
0,250,0,0,0,0,0,0,0,0,0,0,0,0,0,1,1.3,0,9,250
30,250.000322400697,0,0,0,0,0,0,0,0,0,0,0,0,0,2,1.3,0,9,250.000322400697
60,250.000090984018,0,0,0,0,0,0,0,0,0,0,0,0,0,3,1.3,0,9,250.000090984018
90,250.000018876751,0,0,0,0,0,0,0,0,0,0,0,0,0,4,1.3,0,9,250.000018876751
120,204.11921964368,0,0,0,0,0,0,0,0,0,0,57.9146476764686,57.9146476764686,0,5,1.3,0,9,319.9485149966172
150,108.450847649906,0,0,0,0,0,0,0,0,0,0,92.5277982425539,92.5277982425539,0,6,1.3,0,9,293.5064441350138
180,51.9029281091018,0,0,0,0,0,0,0,0,0,0,95.4686100395322,95.4686100395322,0,7,1.3,0,9,242.84014818816618
210,21.4877131802371,0,0,0,0,0,0,0,0,0,0,85.8428888755609,85.8428888755609,0,8,1.3,0,9,193.1734909313589
240,7.15914841330835,0,0,0,0,0,0,0,0,0,0,72.5756829202249,72.5756829202249,0,9,1.3,0,9,152.31051425375816
270,1.7736282280408,0,0,0,0,0,0,0,0,0,0,61.4840094446841,61.4840094446841,0,10,1.3,0,9,124.741647117409
300,0.30490372717005,0,0,0,0,0,0,0,0,0,0,55.2398419436183,55.2398419436183,0,11,1.3,0,9,110.78458761440666
330,0.0366733746357735,0,0,0,0,0,0,0,0,0,0,52.9792392726245,52.9792392726245,0,12,1.3,0,9,105.99515191988476
360,0.00343958508564117,0,0,0,0,0,0,0,0,0,0,52.4664977464197,52.4664977464197,0,13,1.3,0,9,104.93643507792504
390,3.4506068292353e-4,0,0,0,0,0,0,0,0,0,0,3.10801029205834,3.10801029205834,0,14,1.3,0,9,6.216365644799604
420,5.75698073599651e-5,0,0,0,0,0,0,0,0,0,0,0.188258709810108,0.188258709810108,0,15,1.3,0,9,0.376574989427576
450,7.26539467535016e-6,0,0,0,0,0,0,0,0,0,0,0.0123483457754106,0.0123483457754106,0,16,1.3,0,9,0.02470395694549655
480,6.9119186186718e-7,0,0,0,0,0,0,0,0,0,0,8.9086136507486e-4,8.9086136507486e-4,0,17,1.3,0,9,0.0017824139220115874
510,5.82402167893974e-8,0,0,0,0,0,0,0,0,0,0,6.80115961722526e-5,6.80115961722526e-5,0,18,1.3,0,9,1.360814325612946e-4
540,4.6464166918632604e-9,0,0,0,0,0,0,0,0,0,0,5.31341576423858e-6,5.31341576423858e-6,0,19,1.3,0,9,1.0631477945169024e-5
570,3.61140308699632e-10,0,0,0,0,0,0,0,0,0,0,4.17222518000816e-7,4.17222518000816e-7,0,20,1.3,0,9,8.348061763103317e-7
600,2.7728164350177898e-11,0,0,0,0,0,0,0,0,0,0,3.26778187931819e-8,3.26778187931819e-8,0,21,1.3,0,9,6.538336575071397e-8
630,2.1181673355101497e-12,0,0,0,0,0,0,0,0,0,0,2.5469931533689402e-9,2.5469931533689402e-9,0,22,1.3,0,9,5.096104474073391e-9
660,1.61579227107975e-13,0,0,0,0,0,0,0,0,0,0,1.9756310059935002e-10,1.9756310059935002e-10,0,23,1.3,0,9,3.95287780425808e-10
690,1.23297874898127e-14,0,0,0,0,0,0,0,0,0,0,1.5264043345668498e-11,1.5264043345668498e-11,0,24,1.3,0,9,3.054041647882681e-11
720,9.41823599858702e-16,0,0,0,0,0,0,0,0,0,0,1.17590932964589e-12,1.17590932964589e-12,0,25,1.3,0,9,2.3527604828916387e-12
750,7.2025331817198e-17,0,0,0,0,0,0,0,0,0,0,9.041157235547491e-14,9.041157235547491e-14,0,26,1.3,0,9,1.80895170042767e-13
780,5.51375563601336e-18,0,0,0,0,0,0,0,0,0,0,6.9428430548364905e-15,6.9428430548364905e-15,0,27,1.3,0,9,1.3891199865308994e-14
810,4.22435862258948e-19,0,0,0,0,0,0,0,0,0,0,5.32772002977649e-16,5.32772002977649e-16,0,28,1.3,0,9,1.065966441817557e-15
840,3.2383745621550196e-20,0,0,0,0,0,0,0,0,0,0,4.0868428631091204e-17,4.0868428631091204e-17,0,29,1.3,0,9,8.176924100780396e-17
870,2.48349305103562e-21,0,0,0,0,0,0,0,0,0,0,3.13451937723044e-18,3.13451937723044e-18,0,30,1.3,0,9,6.2715222475119154e-18
900,1.90504227891834e-22,0,0,0,0,0,0,0,0,0,0,2.40405092902288e-19,2.40405092902288e-19,0,31,1.3,0,9,4.810006900324678e-19
930,1.46152814887395e-23,0,0,0,0,0,0,0,0,0,0,1.8438793150371798e-20,1.8438793150371798e-20,0,32,1.3,0,9,3.689220158223234e-20
960,1.12135021756185e-24,0,0,0,0,0,0,0,0,0,0,1.41431969178855e-21,1.41431969178855e-21,0,33,1.3,0,9,2.8297607337946617e-21
990,8.60377621366437e-26,0,0,0,0,0,0,0,0,0,0,1.0849009299567798e-22,1.0849009299567798e-22,0,34,1.3,0,9,2.170662237534926e-22
1020,6.60147426934066e-27,0,0,0,0,0,0,0,0,0,0,8.32255739613536e-24,8.32255739613536e-24,0,35,1.3,0,9,1.6651716266540062e-23
1050,5.06514833854784e-28,0,0,0,0,0,0,0,0,0,0,6.384737967991629e-25,6.384737967991629e-25,0,36,1.3,0,9,1.2774541084321807e-24
1080,3.88634437732144e-29,0,0,0,0,0,0,0,0,0,0,4.89828765798564e-26,4.89828765798564e-26,0,37,1.3,0,9,9.800461660348601e-26
1110,2.9818678090681796e-30,0,0,0,0,0,0,0,0,0,0,3.75799768338444e-27,3.75799768338444e-27,0,38,1.3,0,9,7.518977234577948e-27
1140,2.28788573576895e-31,0,0,0,0,0,0,0,0,0,0,2.88321320174745e-28,2.88321320174745e-28,0,39,1.3,0,9,5.768714289230669e-28
1170,1.75541647528751e-32,0,0,0,0,0,0,0,0,0,0,2.2120907006999998e-29,2.2120907006999998e-29,0,40,1.3,0,9,4.425936817875287e-29
1200,1.3468737742962e-33,0,0,0,0,0,0,0,0,0,0,1.6972024299574598e-30,1.6972024299574598e-30,0,41,1.3,0,9,3.3957517336892155e-30
1230,1.03341633422952e-34,0,0,0,0,0,0,0,0,0,0,1.3021711419575898e-31,1.3021711419575898e-31,0,42,1.3,0,9,2.605375700249409e-31
1260,7.92913935780151e-36,0,0,0,0,0,0,0,0,0,0,9.990925865667589e-33,9.990925865667589e-33,0,43,1.3,0,9,1.998978087069298e-32
1290,6.0838640746570704e-37,0,0,0,0,0,0,0,0,0,0,7.66560505256673e-34,7.66560505256673e-34,0,44,1.3,0,9,1.5337293969208116e-33
1320,4.66805480310307e-38,0,0,0,0,0,0,0,0,0,0,5.88152715362576e-35,5.88152715362576e-35,0,45,1.3,0,9,1.1767722362054621e-34
1350,3.58175223864916e-39,0,0,0,0,0,0,0,0,0,0,4.51270291675784e-36,4.51270291675784e-36,0,46,1.3,0,9,9.028987585754329e-36
1380,2.7482635150696396e-40,0,0,0,0,0,0,0,0,0,0,3.46247298545176e-37,3.46247298545176e-37,0,47,1.3,0,9,6.92769423441859e-37
1410,2.10874700048932e-41,0,0,0,0,0,0,0,0,0,0,2.65667915378336e-38,2.65667915378336e-38,0,48,1.3,0,9,5.315467054567209e-38
1440,1.6180571904687198e-42,0,0,0,0,0,0,0,0,0,0,2.03842592891076e-39,2.03842592891076e-39,0,49,1.3,0,9,4.0784699150119884e-39
1470,1.2415566436500197e-43,0,0,0,0,0,0,0,0,0,0,1.5640618178653499e-40,1.5640618178653499e-40,0,50,1.3,0,9,3.12936519237435e-40
1500,9.52669978357442e-45,0,0,0,0,0,0,0,0,0,0,1.20009623964734e-41,1.20009623964734e-41,0,51,1.3,0,9,2.401145149273037e-41
1530,7.31007243758615e-46,0,0,0,0,0,0,0,0,0,0,9.208341942453088e-43,9.208341942453088e-43,0,52,1.3,0,9,1.8423993957343764e-42
1560,5.60924141154508e-47,0,0,0,0,0,0,0,0,0,0,7.065615767860839e-44,7.065615767860839e-44,0,53,1.3,0,9,1.4136840777133224e-43
1590,4.30417405293023e-48,0,0,0,0,0,0,0,0,0,0,5.4215294172235495e-45,5.4215294172235495e-45,0,54,1.3,0,9,1.0847363008500029e-44
1620,3.3027732254238798e-49,0,0,0,0,0,0,0,0,0,0,4.16003369689997e-46,4.16003369689997e-46,0,55,1.3,0,9,8.323370167025363e-46
1650,2.53437524824801e-50,0,0,0,0,0,0,0,0,0,0,3.19208985811463e-47,3.19208985811463e-47,0,56,1.3,0,9,6.386714091477508e-47
1680,1.94476133937264e-51,0,0,0,0,0,0,0,0,0,0,2.4493824340655002e-48,2.4493824340655002e-48,0,57,1.3,0,9,4.900709629470373e-48
1710,1.4923302282923302e-52,0,0,0,0,0,0,0,0,0,0,1.87949563038946e-49,1.87949563038946e-49,0,58,1.3,0,9,3.7604835910072125e-49
1740,1.14516163208117e-53,0,0,0,0,0,0,0,0,0,0,1.44221255662439e-50,1.44221255662439e-50,0,59,1.3,0,9,2.885570274880861e-50
1770,8.787632183936469e-55,0,0,0,0,0,0,0,0,0,0,1.10667590615606e-51,1.10667590615606e-51,0,60,1.3,0,9,2.2142305755305136e-51
1800,6.743419571013889e-56,0,0,0,0,0,0,0,0,0,0,8.49209546075882e-53,8.49209546075882e-53,0,61,1.3,0,9,1.6990934341088657e-52
1830,5.17477799837618e-57,0,0,0,0,0,0,0,0,0,0,6.516471649632569e-54,6.516471649632569e-54,0,62,1.3,0,9,1.3038118077263515e-53
1860,3.9710604116255305e-58,0,0,0,0,0,0,0,0,0,0,5.000499439393969e-55,5.000499439393969e-55,0,63,1.3,0,9,1.0004969939199564e-54
1890,3.0473651423844e-59,0,0,0,0,0,0,0,0,0,0,3.8372269485940197e-56,3.8372269485940197e-56,0,64,1.3,0,9,7.677501262330424e-56
1920,2.3385449811569498e-60,0,0,0,0,0,0,0,0,0,0,2.94458990629314e-57,2.94458990629314e-57,0,65,1.3,0,9,5.891518357567437e-57
1950,1.7946104459677303e-61,0,0,0,0,0,0,0,0,0,0,2.25961985808827e-58,2.25961985808827e-58,0,66,1.3,0,9,4.521034326622508e-58
1980,1.3772027662043299e-62,0,0,0,0,0,0,0,0,0,0,1.73400033577372e-59,1.73400033577372e-59,0,67,1.3,0,9,3.4693778743136443e-59
0,250,0,0,0,0,0,0,0,0,0,0,0,0,0,1,1.3,1e-4,10,250
30,250.000322400697,0,0,0,0,0,0,0,0,0,0,0,0,0,2,1.3,1e-4,10,250.000322400697
60,250.000090984018,0,0,0,0,0,0,0,0,0,0,0,0,0,3,1.3,1e-4,10,250.000090984018
90,250.000018876751,0,0,0,0,0,0,0,0,0,0,0,0,0,4,1.3,1e-4,10,250.000018876751
120,204.110042625992,0,0,0,0,0,0,0,0,0,0,57.9129918848896,57.9129918848896,0.0142866869232179,5,1.3,1e-4,10,319.95031308269444
150,108.439360627362,0,0,0,0,0,0,0,0,0,0,92.519601761588,92.5182464038205,0.043173943831033,6,1.3,1e-4,10,293.52038273660156
180,51.8961227696972,0,0,0,0,0,0,0,0,0,0,95.4617100513945,95.459199784475,0.0867113585236648,7,1.3,1e-4,10,242.90374396409038
210,21.4950562364422,0,0,0,0,0,0,0,0,0,0,85.8639868355237,85.8613492116714,0.148836837914658,8,1.3,1e-4,10,193.36922912155197
240,7.18513904492119,0,0,0,0,0,0,0,0,0,0,72.6899478878662,72.6880280508498,0.233655499931989,9,1.3,1e-4,10,152.79677048356916
270,1.8106485671337,0,0,0,0,0,0,0,0,0,0,61.7995582653236,61.7985575252757,0.344968723875577,10,1.3,1e-4,10,125.75373308160857
300,0.336154321542376,0,0,0,0,0,0,0,0,0,0,55.8590115096034,55.8586065613509,0.486614110434971,11,1.3,1e-4,10,112.54038650293165
330,0.0529337934273278,0,0,0,0,0,0,0,0,0,0,53.9347648194306,53.9345621263484,0.667746931199315,12,1.3,1e-4,10,108.59000767040564
360,0.00914752422065998,0,0,0,0,0,0,0,0,0,0,53.7771331688268,53.7769372148159,0.902920936271381,13,1.3,1e-4,10,108.46613884413475
390,0.00184031334328112,0,0,0,0,0,0,0,0,0,0,54.1282658760146,54.1280170692959,1.20682030068005,14,1.3,1e-4,10,109.46494355933383
420,7.7778618020113e-4,0,0,0,0,0,0,0,0,0,0,9.43700471292908,9.43599446075017,1.14459114048417,15,1.3,1e-4,10,20.01836810034362
450,6.5773197270741e-4,0,0,0,0,0,0,0,0,0,0,11.2294953558214,11.2274033742775,6.74587703616901,16,1.3,1e-4,10,29.203433498240617
480,0.00197821747940123,0,0,0,0,0,0,0,0,0,0,29.2718384785999,29.2661504442527,26.3360621166413,17,1.3,1e-4,10,84.8760292569733
510,0.00273717075510057,0,0,0,0,0,0,0,0,0,0,41.8973059197308,41.8895559124082,65.0779289939963,18,1.3,1e-4,10,148.8675279968904
540,0.0028159239130756,0,0,0,0,0,0,0,0,0,0,42.7235114348676,42.7162039018708,105.544061635938,19,1.3,1e-4,10,190.98659289658946
570,0.00269157151814072,0,0,0,0,0,0,0,0,0,0,40.9188128137284,40.9124668414768,133.663242836372,20,1.3,1e-4,10,215.49721406309536
600,0.00241138311223439,0,0,0,0,0,0,0,0,0,0,36.6380026013258,36.6328295845195,155.053258197244,21,1.3,1e-4,10,228.32650176620152
630,0.00215015456484221,0,0,0,0,0,0,0,0,0,0,32.6689749779404,32.6647501690036,170.217597809939,22,1.3,1e-4,10,235.55347311144786
660,0.00191680279792011,0,0,0,0,0,0,0,0,0,0,29.1198917686295,29.1164115961229,181.59080169249,23,1.3,1e-4,10,239.8290218600403
690,0.00171884200953699,0,0,0,0,0,0,0,0,0,0,26.1099926457376,26.1070850775742,190.300729750767,24,1.3,1e-4,10,242.51952631608833
720,0.00155181497020223,0,0,0,0,0,0,0,0,0,0,23.5704225183954,23.5679588697971,197.160819238051,25,1.3,1e-4,10,244.30075244121372
750,0.00141072922009856,0,0,0,0,0,0,0,0,0,0,21.4253795512171,21.423264413369,202.681928220946,26,1.3,1e-4,10,245.5319829147522
780,0.00129081894730646,0,0,0,0,0,0,0,0,0,0,19.6023349562583,19.6004974973912,207.209867868484,27,1.3,1e-4,10,246.4139911410808
810,0.0011881346733436,0,0,0,0,0,0,0,0,0,0,18.0412232141948,18.0396102286358,210.982973969757,28,1.3,1e-4,10,247.06499554726096
840,0.00109950206666878,0,0,0,0,0,0,0,0,0,0,16.69376737016,16.6923383312572,214.170572447989,29,1.3,1e-4,10,247.55777765147286
870,0.00102240377781991,0,0,0,0,0,0,0,0,0,0,15.5216856656845,15.5204092524092,216.895800164103,30,1.3,1e-4,10,247.9389174859745
900,9.54845241658e-4,0,0,0,0,0,0,0,0,0,0,14.4946478097582,14.4934994731463,219.250136779923,31,1.3,1e-4,10,248.23923890806915
930,8.9523998489838e-4,0,0,0,0,0,0,0,0,0,0,13.5885301293158,13.587490372445,221.30282353514,32,1.3,1e-4,10,248.47973927688568
960,8.4231809386874e-4,0,0,0,0,0,0,0,0,0,0,12.784023129157,12.783076276862399,223.107147390843,33,1.3,1e-4,10,248.67508911495628
990,7.9505549290198e-4,0,0,0,0,0,0,0,0,0,0,12.0655557911707,12.0646890982276,224.704729795628,34,1.3,1e-4,10,248.8357697405192
1020,7.5261990121566e-4,0,0,0,0,0,0,0,0,0,0,11.4204736209871,11.4196766168378,226.128516279058,35,1.3,1e-4,10,248.96941913678413
1050,7.1432962838138e-4,0,0,0,0,0,0,0,0,0,0,10.8384119982899,10.8376759991775,227.404900104898,36,1.3,1e-4,10,249.08170243199376
1080,6.7962207778004e-4,0,0,0,0,0,0,0,0,0,0,10.3108171914229,10.3101349325565,228.555256854764,37,1.3,1e-4,10,249.17688860082117
1110,6.480295489375e-4,0,0,0,0,0,0,0,0,0,0,9.83057838430369,9.82994373920286,229.597070717401,38,1.3,1e-4,10,249.2582408704565
1140,6.191605286117e-4,0,0,0,0,0,0,0,0,0,0,9.3917431797245,9.39115094367474,230.544772928451,39,1.3,1e-4,10,249.32828621237886
1170,5.9268512395049e-4,0,0,0,0,0,0,0,0,0,0,8.98929609501776,8.98874181623664,231.410374090458,40,1.3,1e-4,10,249.38900468683633
1200,5.683236381361e-4,0,0,0,0,0,0,0,0,0,0,8.6189848466786,8.61846469338814,232.203946772674,41,1.3,1e-4,10,249.44196463637886
1230,5.4583754523638e-4,0,0,0,0,0,0,0,0,0,0,8.27718311946687,8.27669377427693,232.933997916911,42,1.3,1e-4,10,249.48842064820005
1260,5.2502230927632e-4,0,0,0,0,0,0,0,0,0,0,7.96078137960812,7.96031995488087,233.607759148537,43,1.3,1e-4,10,249.52938550533528
1290,5.0570163086173e-4,0,0,0,0,0,0,0,0,0,0,7.66709939552635,7.66666336501118,234.231415233842,44,1.3,1e-4,10,249.56568369601038
1320,4.8772280658265e-4,0,0,0,0,0,0,0,0,0,0,7.39381567928936,7.39340282248659,234.810285444305,45,1.3,1e-4,10,249.59799166888754
1350,4.709529618296e-4,0,0,0,0,0,0,0,0,0,0,7.13891020875414,7.13851856531979,235.348968715095,46,1.3,1e-4,10,249.62686844213076
1380,4.5527597376781e-4,0,0,0,0,0,0,0,0,0,0,6.90061764375094,6.90024547588437,235.851460714069,47,1.3,1e-4,10,249.65277910967808
1410,4.4058994322522e-4,0,0,0,0,0,0,0,0,0,0,6.67738888852193,6.67703464974648,236.321248932211,48,1.3,1e-4,10,249.67611306042264
1440,4.2680510590415e-4,0,0,0,0,0,0,0,0,0,0,6.4678593340028,6.46752164310215,236.761390439578,49,1.3,1e-4,10,249.69719822178885
1470,4.1384209733347e-4,0,0,0,0,0,0,0,0,0,0,6.27082247859931,6.27050009773856,237.174575866992,50,1.3,1e-4,10,249.7163122854272
1500,4.0163050430275e-4,0,0,0,0,0,0,0,0,0,0,6.08520790476771,6.08489972103222,237.563182365332,51,1.3,1e-4,10,249.73369162163624
1530,3.9010764959778e-4,0,0,0,0,0,0,0,0,0,0,5.9100628027774,5.90976781251939,237.929317685939,52,1.3,1e-4,10,249.74953840888537
1560,3.7921756773975e-4,0,0,0,0,0,0,0,0,0,0,5.7445363985196,5.74425369402398,238.274857063958,53,1.3,1e-4,10,249.76402637406932
1590,3.6891013789501e-4,0,0,0,0,0,0,0,0,0,0,5.58786677093692,5.58759552901286,238.601474233382,54,1.3,1e-4,10,249.77730544346966
1620,3.5914034674521e-4,0,0,0,0,0,0,0,0,0,0,5.43936964535202,5.43910911753172,238.910667630404,55,1.3,1e-4,10,249.78950553363447
1650,3.4986765931913e-4,0,0,0,0,0,0,0,0,0,0,5.29842882821703,5.29817833230186,239.203782630482,56,1.3,1e-4,10,249.8007396586602
1680,3.4105547991125e-4,0,0,0,0,0,0,0,0,0,0,5.16448801150695,5.16424692424843,239.482030499567,57,1.3,1e-4,10,249.8111064908023
1710,3.3267068849257e-4,0,0,0,0,0,0,0,0,0,0,5.03704372485949,5.03681147560012,239.746504610122,58,1.3,1e-4,10,249.8206924812701
1740,3.2468324064234e-4,0,0,0,0,0,0,0,0,0,0,4.91563925344711,4.91541531857632,239.99819436996,59,1.3,1e-4,10,249.82957362522407
1770,3.1706582113697e-4,0,0,0,0,0,0,0,0,0,0,4.79985937161546,4.79964326972053,240.237997230232,60,1.3,1e-4,10,249.83781693738914
1800,3.0979354303448e-4,0,0,0,0,0,0,0,0,0,0,4.68932576819941,4.68911705581114,240.466729073555,61,1.3,1e-4,10,249.84548169110857
1830,3.0284368547335e-4,0,0,0,0,0,0,0,0,0,0,4.58369306041671,4.58349132826564,240.685133230719,62,1.3,1e-4,10,249.85262046308682
1860,2.961954645291e-4,0,0,0,0,0,0,0,0,0,0,4.48264531033944,4.48245018005225,240.89388833194,63,1.3,1e-4,10,249.8592800177962
1890,2.8982983239241e-4,0,0,0,0,0,0,0,0,0,0,4.38589297193515,4.38570409311143,241.093615164088,64,1.3,1e-4,10,249.86550205896697
1920,2.8372930088846e-4,0,0,0,0,0,0,0,0,0,0,4.29317020816397,4.29298725578281,241.284882677221,65,1.3,1e-4,10,249.87132387046867
1950,2.7787778598083e-4,0,0,0,0,0,0,0,0,0,0,4.20423252709894,4.20405519921248,241.468213260649,66,1.3,1e-4,10,249.8767788647464
1980,2.7226047041964e-4,0,0,0,0,0,0,0,0,0,0,4.11885469388689,4.11868270956412,241.644087389792,67,1.3,1e-4,10,249.88189705371343
0,250,0,0,0,0,0,0,0,0,0,0,0,0,0,1,1.3,1e-4,11,250
30,250.000322400697,0,0,0,0,0,0,0,0,0,0,0,0,0,2,1.3,1e-4,11,250.000322400697
60,250.000090984018,0,0,0,0,0,0,0,0,0,0,0,0,0,3,1.3,1e-4,11,250.000090984018
90,250.000018876751,0,0,0,0,0,0,0,0,0,0,0,0,0,4,1.3,1e-4,11,250.000018876751
120,204.110042625992,0,0,0,0,0,0,0,0,0,0,57.9129918848896,57.9129918848896,0.0142866869232179,5,1.3,1e-4,11,319.95031308269444
150,108.439360627362,0,0,0,0,0,0,0,0,0,0,92.519601761588,92.5182464038205,0.043173943831033,6,1.3,1e-4,11,293.52038273660156
180,51.8961227696972,0,0,0,0,0,0,0,0,0,0,95.4617100513945,95.459199784475,0.0867113585236648,7,1.3,1e-4,11,242.90374396409038
210,21.4950562364422,0,0,0,0,0,0,0,0,0,0,85.8639868355237,85.8613492116714,0.148836837914658,8,1.3,1e-4,11,193.36922912155197
240,7.18513904492119,0,0,0,0,0,0,0,0,0,0,72.6899478878662,72.6880280508498,0.233655499931989,9,1.3,1e-4,11,152.79677048356916
270,1.8106485671337,0,0,0,0,0,0,0,0,0,0,61.7995582653236,61.7985575252757,0.344968723875577,10,1.3,1e-4,11,125.75373308160857
300,0.336154321542376,0,0,0,0,0,0,0,0,0,0,55.8590115096034,55.8586065613509,0.486614110434971,11,1.3,1e-4,11,112.54038650293165
330,0.0529337934273278,0,0,0,0,0,0,0,0,0,0,53.9347648194306,53.9345621263484,0.667746931199315,12,1.3,1e-4,11,108.59000767040564
360,0.00914752422065998,0,0,0,0,0,0,0,0,0,0,53.7771331688268,53.7769372148159,0.902920936271381,13,1.3,1e-4,11,108.46613884413475
390,0.00184031334328112,0,0,0,0,0,0,0,0,0,0,54.1282658760146,54.1280170692959,1.20682030068005,14,1.3,1e-4,11,109.46494355933383
420,4.0231954339475e-4,0,0,0,0,0,0,0,0,0,0,54.6636617036309,54.6633367767669,1.59673462867972,15,1.3,1e-4,11,110.92413542862091
450,1.832393218171e-4,0,0,0,0,0,0,0,0,0,0,11.1054681923572,11.1041962901257,1.54527552929654,16,1.3,1e-4,11,23.755123251101256
480,1.6256745451477e-4,0,0,0,0,0,0,0,0,0,0,13.4749087271331,13.472396874552,8.94003715492869,17,1.3,1e-4,11,35.88750532406831
510,4.3379005345722e-4,0,0,0,0,0,0,0,0,0,0,31.7316899929169,31.7255589895889,30.9875160408214,18,1.3,1e-4,11,94.44519881338066
540,5.6768076702851e-4,0,0,0,0,0,0,0,0,0,0,42.6914557529792,42.6836307064705,70.3153270536575,19,1.3,1e-4,11,155.69098119387422
570,5.7236493494637e-4,0,0,0,0,0,0,0,0,0,0,42.7420322355556,42.7348065512116,109.372339271013,20,1.3,1e-4,11,194.84975042271515
600,5.4100619206537e-4,0,0,0,0,0,0,0,0,0,0,40.4637554026839,40.4575522330683,136.524433688392,21,1.3,1e-4,11,217.44628233033626
630,4.8383935470997e-4,0,0,0,0,0,0,0,0,0,0,36.1707339401056,36.1656828370414,157.047508061514,22,1.3,1e-4,11,229.38440867801572
660,4.3121816382932e-4,0,0,0,0,0,0,0,0,0,0,32.2363704352117,32.2322429339746,171.690814370494,23,1.3,1e-4,11,236.1598589578441
690,3.8462036894135e-4,0,0,0,0,0,0,0,0,0,0,28.7495489357313,28.7461436943099,182.704856392318,24,1.3,1e-4,11,240.20093364272813
720,3.4515411667028e-4,0,0,0,0,0,0,0,0,0,0,25.7971103685965,25.7942606985376,191.169018386277,25,1.3,1e-4,11,242.76073460752778
750,3.1186285408707e-4,0,0,0,0,0,0,0,0,0,0,23.3066223414193,23.30420393423,197.853565538009,26,1.3,1e-4,11,244.46470367651239
780,2.8372660354889e-4,0,0,0,0,0,0,0,0,0,0,21.2018628481271,21.1997835828577,203.245879430668,27,1.3,1e-4,11,245.64780958825634
810,2.5979383317969e-4,0,0,0,0,0,0,0,0,0,0,19.4115926072275,19.4097840179199,207.676851058512,28,1.3,1e-4,11,246.49848747749257
840,2.3928071774324e-4,0,0,0,0,0,0,0,0,0,0,17.87716066524,17.8755712435441,211.375349744453,29,1.3,1e-4,11,247.12832093395483
870,2.215587552125e-4,0,0,0,0,0,0,0,0,0,0,16.5515383619114,16.5501288078536,214.504448434709,30,1.3,1e-4,11,247.6063371632292
900,2.0612978705435e-4,0,0,0,0,0,0,0,0,0,0,15.397453131067,15.3961930212074,217.183042836109,31,1.3,1e-4,11,247.97689511817046
930,1.9259900867204e-4,0,0,0,0,0,0,0,0,0,0,14.3853666308661,14.3842320822417,219.49966148605,32,1.3,1e-4,11,248.26945279816647
960,1.8065219438081e-4,0,0,0,0,0,0,0,0,0,0,13.4917700918964,13.4907421087865,221.521446069213,33,1.3,1e-4,11,248.50413892209028
990,1.7003761472223e-4,0,0,0,0,0,0,0,0,0,0,12.6978309334999,12.6968942231175,223.300159892878,34,1.3,1e-4,11,248.69505508711015
1020,1.6055209319968e-4,0,0,0,0,0,0,0,0,0,0,11.9883493238404,11.9874914364877,224.876298881123,35,1.3,1e-4,11,248.8523001935443
1050,1.5203035777837e-4,0,0,0,0,0,0,0,0,0,0,11.350961355577,11.3501720518837,226.281963743125,36,1.3,1e-4,11,248.9832491809435
1080,1.4433692123937e-4,0,0,0,0,0,0,0,0,0,0,10.7755314883536,10.7748022674679,227.542904387658,37,1.3,1e-4,11,249.09338248040075
1110,1.373598716036e-4,0,0,0,0,0,0,0,0,0,0,10.2536879329692,10.2530116763269,228.679999989024,38,1.3,1e-4,11,249.1868369581917
1140,1.3100609831717e-4,0,0,0,0,0,0,0,0,0,0,9.77846547504582,9.77783617420774,229.710347099669,39,1.3,1e-4,11,249.26677975502088
1170,1.2519759841549e-4,0,0,0,0,0,0,0,0,0,0,9.3440291105181,9.34344165691805,230.648070922014,40,1.3,1e-4,11,249.33566688704857
1200,1.1986859812539e-4,0,0,0,0,0,0,0,0,0,0,8.94545869562016,8.94490871644635,231.504938006911,41,1.3,1e-4,11,249.39542528757565
1230,1.149632935409e-4,0,0,0,0,0,0,0,0,0,0,8.57857991701676,8.57806364585696,232.29082448817,42,1.3,1e-4,11,249.44758301433725
1260,1.1043406430362e-4,0,0,0,0,0,0,0,0,0,0,8.23983065195173,8.2393448259112,233.01407783855,43,1.3,1e-4,11,249.49336375047724
1290,1.0624005116e-4,0,0,0,0,0,0,0,0,0,0,7.92615455285335,7.9256963300328,233.681799193197,44,1.3,1e-4,11,249.53375631613432
1320,1.0234601540963e-4,0,0,0,0,0,0,0,0,0,0,7.63491572196144,7.63448261474005,234.30006575129,45,1.3,1e-4,11,249.5695664340069
1350,9.87214182627635e-5,0,0,0,0,0,0,0,0,0,0,7.36382983841792,7.36341965911341,234.874107503003,46,1.3,1e-4,11,249.6014557219526
1380,9.53396729371807e-5,0,0,0,0,0,0,0,0,0,0,7.1109082086038,7.11051902490498,235.408448803544,47,1.3,1e-4,11,249.6299713767257
1410,9.21775333541749e-5,0,0,0,0,0,0,0,0,0,0,6.87441203579264,6.87404213396804,235.907022647214,48,1.3,1e-4,11,249.65556899450803
1440,8.92145915572218e-5,0,0,0,0,0,0,0,0,0,0,6.65281482350267,6.65246267784174,236.373263560645,49,1.3,1e-4,11,249.67863027658098
1470,8.64328622080395e-5,0,0,0,0,0,0,0,0,0,0,6.44477129315255,6.4444355404369,236.810183618157,50,1.3,1e-4,11,249.69947688460866
1500,8.3816437243994e-5,0,0,0,0,0,0,0,0,0,0,6.2490915504632,6.24877096852375,237.220435034623,51,1.3,1e-4,11,249.71838137004718
1530,8.13511973934222e-5,0,0,0,0,0,0,0,0,0,0,6.06471950533613,6.06441299494942,237.606362009046,52,1.3,1e-4,11,249.73557586052894
1560,7.90245700227728e-5,0,0,0,0,0,0,0,0,0,0,5.89071475772864,5.89042132725816,237.970043902923,53,1.3,1e-4,11,249.75125901247984
1590,7.68253249380206e-5,0,0,0,0,0,0,0,0,0,0,5.72623732279186,5.72595607509826,238.31333138987,54,1.3,1e-4,11,249.76560161308507
1620,7.47434014350859e-5,0,0,0,0,0,0,0,0,0,0,5.57053469364763,5.5702648148839,238.637876870444,55,1.3,1e-4,11,249.77875112237695
1650,7.27697612032649e-5,0,0,0,0,0,0,0,0,0,0,5.42293083813145,5.42267158811212,238.94516018181,56,1.3,1e-4,11,249.79083537781477
1680,7.08962627166125e-5,0,0,0,0,0,0,0,0,0,0,5.28281680295609,5.28256750684668,239.236510426678,57,1.3,1e-4,11,249.80196563274347
1710,6.91155535644732e-5,0,0,0,0,0,0,0,0,0,0,5.1496426598155,5.14940270093471,239.513124585455,58,1.3,1e-4,11,249.81223906175876
1740,6.7420977822079e-5,0,0,0,0,0,0,0,0,0,0,5.02291057655556,5.0226793901187,239.776083449265,59,1.3,1e-4,11,249.8217408369171
1770,6.58064960819529e-5,0,0,0,0,0,0,0,0,0,0,4.90216883542556,4.90194590308807,240.02636531155,60,1.3,1e-4,11,249.8305458565597
1800,6.42666161848021e-5,0,0,0,0,0,0,0,0,0,0,4.78700665169124,4.78679149677436,240.264857776321,61,1.3,1e-4,11,249.83872019140279
1830,6.27963330262224e-5,0,0,0,0,0,0,0,0,0,0,4.67704967114822,4.67684185444879,240.492367977481,62,1.3,1e-4,11,249.84632229941104
1860,6.13910760895452e-5,0,0,0,0,0,0,0,0,0,0,4.571956045573,4.57175516167493,240.709631452289,63,1.3,1e-4,11,249.853404050613
1890,6.00466635785104e-5,0,0,0,0,0,0,0,0,0,0,4.47141300185717,4.47121867587554,240.917319870619,64,1.3,1e-4,11,249.8600115950153
1920,5.87592622062832e-5,0,0,0,0,0,0,0,0,0,0,4.37513383424808,4.37494571894722,241.116047787949,65,1.3,1e-4,11,249.86618610040648
1950,5.75253518476138e-5,0,0,0,0,0,0,0,0,0,0,4.28285526036095,4.28267303359702,241.3063785625,66,1.3,1e-4,11,249.87196438180982
1980,5.63416943849466e-5,0,0,0,0,0,0,0,0,0,0,4.19433509090417,4.19415845334998,241.488829554402,67,1.3,1e-4,11,249.87737944035052
0,250,0,0,0,0,0,0,0,0,0,0,0,0,0,1,1.3,1e-4,12,250
30,250.000322400697,0,0,0,0,0,0,0,0,0,0,0,0,0,2,1.3,1e-4,12,250.000322400697
60,250.000090984018,0,0,0,0,0,0,0,0,0,0,0,0,0,3,1.3,1e-4,12,250.000090984018
90,250.000018876751,0,0,0,0,0,0,0,0,0,0,0,0,0,4,1.3,1e-4,12,250.000018876751
120,204.110042625992,0,0,0,0,0,0,0,0,0,0,57.9129918848896,57.9129918848896,0.0142866869232179,5,1.3,1e-4,12,319.95031308269444
150,108.439360627362,0,0,0,0,0,0,0,0,0,0,92.519601761588,92.5182464038205,0.043173943831033,6,1.3,1e-4,12,293.52038273660156
180,51.8961227696972,0,0,0,0,0,0,0,0,0,0,95.4617100513945,95.459199784475,0.0867113585236648,7,1.3,1e-4,12,242.90374396409038
210,21.4950562364422,0,0,0,0,0,0,0,0,0,0,85.8639868355237,85.8613492116714,0.148836837914658,8,1.3,1e-4,12,193.36922912155197
240,7.18513904492119,0,0,0,0,0,0,0,0,0,0,72.6899478878662,72.6880280508498,0.233655499931989,9,1.3,1e-4,12,152.79677048356916
270,1.8106485671337,0,0,0,0,0,0,0,0,0,0,61.7995582653236,61.7985575252757,0.344968723875577,10,1.3,1e-4,12,125.75373308160857
300,0.336154321542376,0,0,0,0,0,0,0,0,0,0,55.8590115096034,55.8586065613509,0.486614110434971,11,1.3,1e-4,12,112.54038650293165
330,0.0529337934273278,0,0,0,0,0,0,0,0,0,0,53.9347648194306,53.9345621263484,0.667746931199315,12,1.3,1e-4,12,108.59000767040564
360,0.00914752422065998,0,0,0,0,0,0,0,0,0,0,53.7771331688268,53.7769372148159,0.902920936271381,13,1.3,1e-4,12,108.46613884413475
390,0.00184031334328112,0,0,0,0,0,0,0,0,0,0,54.1282658760146,54.1280170692959,1.20682030068005,14,1.3,1e-4,12,109.46494355933383
420,4.0231954339475e-4,0,0,0,0,0,0,0,0,0,0,54.6636617036309,54.6633367767669,1.59673462867972,15,1.3,1e-4,12,110.92413542862091
450,9.42349955759156e-5,0,0,0,0,0,0,0,0,0,0,55.3440718409859,55.3436514803908,2.09528154356696,16,1.3,1e-4,12,112.78309909993924
480,4.63758326857175e-5,0,0,0,0,0,0,0,0,0,0,13.054016277048,13.0524417351197,2.0740516699102,17,1.3,1e-4,12,28.180556057910586
510,4.25751858125738e-5,0,0,0,0,0,0,0,0,0,0,15.8922761407717,15.8893166529888,11.5284477627206,18,1.3,1e-4,12,43.310083131666914
540,1.014524176481e-4,0,0,0,0,0,0,0,0,0,0,33.9981279234604,33.9916024526627,35.7928856913126,19,1.3,1e-4,12,103.78271751985335
570,1.2624870128418e-4,0,0,0,0,0,0,0,0,0,0,43.2806785230812,43.2728222671615,75.4408927401574,20,1.3,1e-4,12,161.99451977910138
600,1.2519559791365e-4,0,0,0,0,0,0,0,0,0,0,42.6762896692383,42.6691613869425,113.049248716191,21,1.3,1e-4,12,198.39482496796973
630,1.1718367747586e-4,0,0,0,0,0,0,0,0,0,0,39.994942586159,39.9888829769917,139.266910383369,22,1.3,1e-4,12,219.25085313019719
660,1.046532832285e-4,0,0,0,0,0,0,0,0,0,0,35.7038006129791,35.6988697800891,158.97016997124,23,1.3,1e-4,12,230.37294501759143
690,9.3242145108451e-5,0,0,0,0,0,0,0,0,0,0,31.8097666436754,31.805734465545,173.116173153102,24,1.3,1e-4,12,236.7317675044675
720,8.32140181952981e-5,0,0,0,0,0,0,0,0,0,0,28.3854682478766,28.3821363794391,183.786651622484,25,1.3,1e-4,12,240.55433946381788
750,7.4731981598283e-5,0,0,0,0,0,0,0,0,0,0,25.4897334556057,25.4869405590287,192.014583105714,26,1.3,1e-4,12,242.99133185232998
780,6.75778630759233e-5,0,0,0,0,0,0,0,0,0,0,23.0473608450322,23.0449868940856,198.529798012247,27,1.3,1e-4,12,244.62221332922786
810,6.15278852456649e-5,0,0,0,0,0,0,0,0,0,0,20.9820143792551,20.9799704448066,203.797488518004,28,1.3,1e-4,12,245.75953486995095
840,5.63774665113426e-5,0,0,0,0,0,0,0,0,0,0,19.2238017256769,19.2220216346305,208.134387039643,29,1.3,1e-4,12,246.5802667774169
870,5.19589666082904e-5,0,0,0,0,0,0,0,0,0,0,17.7154781997625,17.7139120895847,211.760342943453,30,1.3,1e-4,12,247.18978519176682
900,4.81382447916211e-5,0,0,0,0,0,0,0,0,0,0,16.4112386702855,16.4098484321084,214.832449800313,31,1.3,1e-4,12,247.65358504095167
930,4.48090217627593e-5,0,0,0,0,0,0,0,0,0,0,15.2747945118845,15.2735505953485,217.465535545094,32,1.3,1e-4,12,248.01392546134878
960,4.18870416830947e-5,0,0,0,0,0,0,0,0,0,0,14.2773780521857,14.2762572233436,219.745290669549,33,1.3,1e-4,12,248.29896783211998
990,3.93052005964642e-5,0,0,0,0,0,0,0,0,0,0,13.3960786168659,13.3950623693182,221.736833009899,34,1.3,1e-4,12,248.5280133012837
1020,3.70096965490141e-5,0,0,0,0,0,0,0,0,0,0,12.6125276136108,12.6116010285512,223.490454078493,35,1.3,1e-4,12,248.71461973035156
1050,3.4957066308166e-5,0,0,0,0,0,0,0,0,0,0,11.911886550009,11.9110374672702,225.045560538752,36,1.3,1e-4,12,248.8685195130975
1080,3.31119234274911e-5,0,0,0,0,0,0,0,0,0,0,11.2820746150853,11.2812930221599,226.433434113035,37,1.3,1e-4,12,248.99683486220363
1110,3.14452332068256e-5,0,0,0,0,0,0,0,0,0,0,10.7131796336279,10.7124572094216,227.679200070778,38,1.3,1e-4,12,249.1048683590607
1140,2.99329927790711e-5,0,0,0,0,0,0,0,0,0,0,10.1970073763704,10.1963371462365,228.803254947224,39,1.3,1e-4,12,249.19662940282367
1170,2.85552156795248e-5,0,0,0,0,0,0,0,0,0,0,9.72673484842866,9.72611092026349,229.822317930058,40,1.3,1e-4,12,249.27519225396583
1200,2.72951455177189e-5,0,0,0,0,0,0,0,0,0,0,9.29664181055063,9.29605917066871,230.750215950416,41,1.3,1e-4,12,249.34294422678084
1230,2.61386427298215e-5,0,0,0,0,0,0,0,0,0,0,8.90190140078725,8.90135575440126,231.598477442699,42,1.3,1e-4,12,249.40176073653024
1260,2.50737028237534e-5,0,0,0,0,0,0,0,0,0,0,8.53841565447546,8.53790329983029,232.376786693505,43,1.3,1e-4,12,249.4531307215136
1290,2.40900751685984e-5,0,0,0,0,0,0,0,0,0,0,8.20268535423577,8.2022030824005,233.09333528949,44,1.3,1e-4,12,249.49824781620143
1320,2.31789591931866e-5,0,0,0,0,0,0,0,0,0,0,7.89170631007185,7.89125132448681,233.755096699828,45,1.3,1e-4,12,249.53807751334585
1350,2.23327606008435e-5,0,0,0,0,0,0,0,0,0,0,7.60288613059518,7.6024559819707,234.368042802326,46,1.3,1e-4,12,249.57340724765248
1380,2.15448944412369e-5,0,0,0,0,0,0,0,0,0,0,7.33397699222952,7.33356952547802,234.937316106155,47,1.3,1e-4,12,249.604884168757
1410,2.08096250172362e-5,0,0,0,0,0,0,0,0,0,0,7.0830209844453504,7.08263429512364,235.467367840804,48,1.3,1e-4,12,249.633043929998
1440,2.01219349422024e-5,0,0,0,0,0,0,0,0,0,0,6.84830540724852,6.84793780557378,235.962069510109,49,1.3,1e-4,12,249.65833284486624
1470,1.94774174157263e-5,0,0,0,0,0,0,0,0,0,0,6.62832599557935,6.62797597652053,236.424803645316,50,1.3,1e-4,12,249.68112509483328
1500,1.88721871083469e-5,0,0,0,0,0,0,0,0,0,0,6.42175649684726,6.42142271512346,236.858538123604,51,1.3,1e-4,12,249.70173620776183
1530,1.83028060502661e-5,0,0,0,0,0,0,0,0,0,0,6.22742337079705,6.22710461986454,237.265887405985,52,1.3,1e-4,12,249.72043369945266
1560,1.77662216869541e-5,0,0,0,0,0,0,0,0,0,0,6.04428464308306,6.04397983738453,237.649163291584,53,1.3,1e-4,12,249.73744553827328
1590,1.72597148553079e-5,0,0,0,0,0,0,0,0,0,0,5.87141214563187,5.87112030552894,238.010417214702,54,1.3,1e-4,12,249.75296692557765
1620,1.67808558913621e-5,0,0,0,0,0,0,0,0,0,0,5.70797653302034,5.70769677194528,238.351475677126,55,1.3,1e-4,12,249.7671657629475
1650,1.63274674367576e-5,0,0,0,0,0,0,0,0,0,0,5.55323458571088,5.55296609916331,238.673970075799,56,1.3,1e-4,12,249.78018708814062
1680,1.58975927902381e-5,0,0,0,0,0,0,0,0,0,0,5.40651840626322,5.40626046234796,238.979361929259,57,1.3,1e-4,12,249.79215669546298
1710,1.54894688703299e-5,0,0,0,0,0,0,0,0,0,0,5.2672261897124,5.2669781209711,239.268964306869,58,1.3,1e-4,12,249.80318410702137
1740,1.51015030295586e-5,0,0,0,0,0,0,0,0,0,0,5.13481430877594,5.13457550510922,239.543960108726,59,1.3,1e-4,12,249.81336502411418
1770,1.47322530993e-5,0,0,0,0,0,0,0,0,0,0,5.00879050192096,5.00856040443384,239.805417721248,60,1.3,1e-4,12,249.82278335985592
1800,1.43804101554328e-5,0,0,0,0,0,0,0,0,0,0,4.88870799024049,4.8884860858727,240.054304476072,61,1.3,1e-4,12,249.83151293259533
1830,1.40447835843079e-5,0,0,0,0,0,0,0,0,0,0,4.7741603795922,4.77394619641816,240.291498262335,62,1.3,1e-4,12,249.83961888312896
1860,1.37242881007686e-5,0,0,0,0,0,0,0,0,0,0,4.66477722910831,4.66457033221069,240.517797580264,63,1.3,1e-4,12,249.84715886587108
1890,1.34179324285998e-5,0,0,0,0,0,0,0,0,0,0,4.56022018720452,4.56002017504065,240.733930273962,64,1.3,1e-4,12,249.85418405413958
1920,1.31248094016018e-5,0,0,0,0,0,0,0,0,0,0,4.46017961254217,4.45998611373565,240.940561140835,65,1.3,1e-4,12,249.86073999192223
1950,1.28440872826546e-5,0,0,0,0,0,0,0,0,0,0,4.36437161076876,4.36418428126861,241.138298582105,66,1.3,1e-4,12,249.86686731822965
1980,1.2575002130342e-5,0,0,0,0,0,0,0,0,0,0,4.27253542885647,4.27235394941557,241.327700432075,67,1.3,1e-4,12,249.87260238534918
0,250,0,0,0,0,0,0,0,0,0,0,0,0,0,1,1.3,1e-4,13,250
30,250.000322400697,0,0,0,0,0,0,0,0,0,0,0,0,0,2,1.3,1e-4,13,250.000322400697
60,250.000090984018,0,0,0,0,0,0,0,0,0,0,0,0,0,3,1.3,1e-4,13,250.000090984018
90,250.000018876751,0,0,0,0,0,0,0,0,0,0,0,0,0,4,1.3,1e-4,13,250.000018876751
120,204.110042625992,0,0,0,0,0,0,0,0,0,0,57.9129918848896,57.9129918848896,0.0142866869232179,5,1.3,1e-4,13,319.95031308269444
150,108.439360627362,0,0,0,0,0,0,0,0,0,0,92.519601761588,92.5182464038205,0.043173943831033,6,1.3,1e-4,13,293.52038273660156
180,51.8961227696972,0,0,0,0,0,0,0,0,0,0,95.4617100513945,95.459199784475,0.0867113585236648,7,1.3,1e-4,13,242.90374396409038
210,21.4950562364422,0,0,0,0,0,0,0,0,0,0,85.8639868355237,85.8613492116714,0.148836837914658,8,1.3,1e-4,13,193.36922912155197
240,7.18513904492119,0,0,0,0,0,0,0,0,0,0,72.6899478878662,72.6880280508498,0.233655499931989,9,1.3,1e-4,13,152.79677048356916
270,1.8106485671337,0,0,0,0,0,0,0,0,0,0,61.7995582653236,61.7985575252757,0.344968723875577,10,1.3,1e-4,13,125.75373308160857
300,0.336154321542376,0,0,0,0,0,0,0,0,0,0,55.8590115096034,55.8586065613509,0.486614110434971,11,1.3,1e-4,13,112.54038650293165
330,0.0529337934273278,0,0,0,0,0,0,0,0,0,0,53.9347648194306,53.9345621263484,0.667746931199315,12,1.3,1e-4,13,108.59000767040564
360,0.00914752422065998,0,0,0,0,0,0,0,0,0,0,53.7771331688268,53.7769372148159,0.902920936271381,13,1.3,1e-4,13,108.46613884413475
390,0.00184031334328112,0,0,0,0,0,0,0,0,0,0,54.1282658760146,54.1280170692959,1.20682030068005,14,1.3,1e-4,13,109.46494355933383
420,4.0231954339475e-4,0,0,0,0,0,0,0,0,0,0,54.6636617036309,54.6633367767669,1.59673462867972,15,1.3,1e-4,13,110.92413542862091
450,9.42349955759156e-5,0,0,0,0,0,0,0,0,0,0,55.3440718409859,55.3436514803908,2.09528154356696,16,1.3,1e-4,13,112.78309909993924
480,2.37992321560119e-5,0,0,0,0,0,0,0,0,0,0,56.1835040452416,56.1829670156404,2.73037300626636,17,1.3,1e-4,13,115.09686786638052
510,1.25546427832443e-5,0,0,0,0,0,0,0,0,0,0,15.2829540647022,15.2810371862752,2.76765787247276,18,1.3,1e-4,13,33.33166167809294
540,1.18018096858875e-5,0,0,0,0,0,0,0,0,0,0,18.4393947746281,18.4359695909516,14.5175797899559,19,1.3,1e-4,13,51.392955957345286
570,2.52940895112728e-5,0,0,0,0,0,0,0,0,0,0,36.0676131980865,36.0607432618542,40.7301486084107,20,1.3,1e-4,13,112.85853036244092
600,3.00822819954676e-5,0,0,0,0,0,0,0,0,0,0,43.6980577507424,43.6902078576064,80.4682158281934,21,1.3,1e-4,13,167.8565115188242
630,2.94172981602122e-5,0,0,0,0,0,0,0,0,0,0,42.5359348078308,42.5289178849998,116.608750460756,22,1.3,1e-4,13,201.67363257088476
660,2.72995657412942e-5,0,0,0,0,0,0,0,0,0,0,39.5126573710369,39.5067424920444,141.915959049376,23,1.3,1e-4,13,220.93538621202305
690,2.43527803090572e-5,0,0,0,0,0,0,0,0,0,0,35.2352755228449,35.2304640525054,160.838250943123,24,1.3,1e-4,13,231.3040148712536
720,2.16937126169923e-5,0,0,0,0,0,0,0,0,0,0,31.3866081139589,31.3826699872984,174.505971689191,25,1.3,1e-4,13,237.27527148416092
750,1.93725617384383e-5,0,0,0,0,0,0,0,0,0,0,28.0252898156241,28.0220303403352,184.845300485054,26,1.3,1e-4,13,240.89264001357503
780,1.74114113585631e-5,0,0,0,0,0,0,0,0,0,0,25.1858214098057,25.1830846171993,192.844451778695,27,1.3,1e-4,13,243.21337521711135
810,1.57572900558704e-5,0,0,0,0,0,0,0,0,0,0,22.7909134690071,22.7885835471789,199.195094342724,28,1.3,1e-4,13,244.77460711620006
840,1.43575488560231e-5,0,0,0,0,0,0,0,0,0,0,20.7643813542807,20.762372493799,204.341289153217,29,1.3,1e-4,13,245.86805735884553
870,1.3164912634105e-5,0,0,0,0,0,0,0,0,0,0,19.0377339374219,19.0359822033866,208.586233970669,30,1.3,1e-4,13,246.65996327639016
900,1.21408222849769e-5,0,0,0,0,0,0,0,0,0,0,17.5551305989259,17.5535877364597,212.14112053038,31,1.3,1e-4,13,247.24985100658787
930,1.12544809206128e-5,0,0,0,0,0,0,0,0,0,0,16.2719725024918,16.2706015679324,215.157282873584,32,1.3,1e-4,13,247.69986819848913
960,1.04814951443895e-5,0,0,0,0,0,0,0,0,0,0,15.1529365009298,15.1517087995463,217.745618911922,33,1.3,1e-4,13,248.05027469389324
990,9.80251922290969e-6,0,0,0,0,0,0,0,0,0,0,14.1700098533905,14.1689027884774,219.989069850639,34,1.3,1e-4,13,248.32799229502612
1020,9.20213487873557e-6,0,0,0,0,0,0,0,0,0,0,13.3008675448812,13.2998630913816,221.950788341749,35,1.3,1e-4,13,248.55152818014668
1050,8.66796978854733e-6,0,0,0,0,0,0,0,0,0,0,12.5275954527083,12.5266790603645,223.679633745888,36,1.3,1e-4,13,248.7339169269306
1080,8.19002016278956e-6,0,0,0,0,0,0,0,0,0,0,11.8357092274314,11.8348690218941,225.21395079569,37,1.3,1e-4,13,248.88453723503568
1110,7.76013386482169e-6,0,0,0,0,0,0,0,0,0,0,11.2134057316833,11.2126319247648,226.584221408493,38,1.3,1e-4,13,249.01026682507495
1140,7.37161613188769e-6,0,0,0,0,0,0,0,0,0,0,10.6509920631082,10.6502765117319,227.814959897448,39,1.3,1e-4,13,249.11623584390424
1170,7.0189277290835504e-06,0,0,0,0,0,0,0,0,0,0,10.1404484516525,10.1397843239045,228.926090064073,40,1.3,1e-4,13,249.20632985855775
1200,6.69745256832065e-6,0,0,0,0,0,0,0,0,0,0,9.67509175980297,9.67447327911681,229.933960998687,41,1.3,1e-4,13,249.28353273505937
1230,6.40331761330189e-6,0,0,0,0,0,0,0,0,0,0,9.24931470269018,9.24873694973304,230.852106758907,42,1.3,1e-4,13,249.35016481464785
1260,6.13325230822283e-6,0,0,0,0,0,0,0,0,0,0,8.85838230373392,8.85784106140489,231.691821717102,43,1.3,1e-4,13,249.40805121549312
1290,5.88447805482942e-6,0,0,0,0,0,0,0,0,0,0,8.49827186289156,8.49776349388818,232.462601389683,44,1.3,1e-4,13,249.45864263094077
1320,5.65462068346479e-6,0,0,0,0,0,0,0,0,0,0,8.16554622129568,8.16506757054038,233.172483834758,45,1.3,1e-4,13,249.50310328121475
1350,5.44164064148121e-6,0,0,0,0,0,0,0,0,0,0,7.85725268089251,7.85680099712081,233.828316677808,46,1.3,1e-4,13,249.54237579746197
1380,5.24377692924483e-6,0,0,0,0,0,0,0,0,0,0,7.57084183039572,7.57041470265045,234.435967895274,47,1.3,1e-4,13,249.57722967209708
1410,5.05950177804408e-6,0,0,0,0,0,0,0,0,0,0,7.30410192508582,7.30369723090711,235.000493630238,48,1.3,1e-4,13,249.6082978457327
1440,4.88748377895659e-6,0,0,0,0,0,0,0,0,0,0,7.0551055030656,7.05472136593256,235.526272867966,49,1.3,1e-4,13,249.63610462444794
1470,4.72655770469057e-6,0,0,0,0,0,0,0,0,0,0,6.822165692383,6.82180044652968,236.017116323334,50,1.3,1e-4,13,249.66108718880437
1500,4.575699666308e-6,0,0,0,0,0,0,0,0,0,0,6.6038002425167,6.60345240366846,236.47635509383,51,1.3,1e-4,13,249.6836123157148
1530,4.43400654872257e-6,0,0,0,0,0,0,0,0,0,0,6.39870175101676,6.3983699919118,236.906913311684,52,1.3,1e-4,13,249.70398948861913
1560,4.30067889840384e-6,0,0,0,0,0,0,0,0,0,0,6.20571288847263,6.20539601827641,237.311368050031,53,1.3,1e-4,13,249.72248125745895
1590,4.17500661231998e-6,0,0,0,0,0,0,0,0,0,0,6.02380567925527,6.02350262616064,237.691999005782,54,1.3,1e-4,13,249.73931148620454
1620,4.05635691234801e-6,0,0,0,0,0,0,0,0,0,0,5.85206409124302,5.85177388769255,238.05082992924,55,1.3,1e-4,13,249.7546719645325
1650,3.94416419411688e-6,0,0,0,0,0,0,0,0,0,0,5.68966933939623,5.68939110947464,238.389663349918,56,1.3,1e-4,13,249.76872774295308
1680,3.8379214208796e-6,0,0,0,0,0,0,0,0,0,0,5.53588742624418,5.53562037487577,238.710109825515,57,1.3,1e-4,13,249.78162146455637
1710,3.73717279700745e-6,0,0,0,0,0,0,0,0,0,0,5.39005853501019,5.38980193866521,239.013612691849,58,1.3,1e-4,13,249.7934769026972
1740,3.64150750615541e-6,0,0,0,0,0,0,0,0,0,0,5.25158796415804,5.25134116282605,239.301469097688,59,1.3,1e-4,13,249.8044018661796
1770,3.55055433914698e-6,0,0,0,0,0,0,0,0,0,0,5.11993835005709,5.11970074028905,239.574847956654,60,1.3,1e-4,13,249.81449059755448
1800,3.4639770685029e-6,0,0,0,0,0,0,0,0,0,0,4.99462297061709,4.99439399947275,239.834805328781,61,1.3,1e-4,13,249.8238257628479
1830,3.38147045207069e-6,0,0,0,0,0,0,0,0,0,0,4.87519995971198,4.87497911947707,240.08229764946,62,1.3,1e-4,13,249.8324801101195
1860,3.30275676876383e-6,0,0,0,0,0,0,0,0,0,0,4.76126729196741,4.76105411552794,240.318193147955,63,1.3,1e-4,13,249.8405178582071
1890,3.22758280603906e-6,0,0,0,0,0,0,0,0,0,0,4.65245842155063,4.65225247833038,240.543281737071,64,1.3,1e-4,13,249.84799586453482
1920,3.15571723224262e-6,0,0,0,0,0,0,0,0,0,0,4.54843847815001,4.548239370532,240.758283606743,65,1.3,1e-4,13,249.85496461114224
1950,3.0869482979732e-6,0,0,0,0,0,0,0,0,0,0,4.44890093928208,4.44870829944774,240.96385671481,66,1.3,1e-4,13,249.86146904048812
1980,3.02108181963534e-6,0,0,0,0,0,0,0,0,0,0,4.35356471113299,4.3533781982627,241.160603336078,67,1.3,1e-4,13,249.8675492665555
0,250,0,0,0,0,0,0,0,0,0,0,0,0,0,1,1.3,1e-4,14,250
30,250.000322400697,0,0,0,0,0,0,0,0,0,0,0,0,0,2,1.3,1e-4,14,250.000322400697
60,250.000090984018,0,0,0,0,0,0,0,0,0,0,0,0,0,3,1.3,1e-4,14,250.000090984018
90,250.000018876751,0,0,0,0,0,0,0,0,0,0,0,0,0,4,1.3,1e-4,14,250.000018876751
120,204.110042625992,0,0,0,0,0,0,0,0,0,0,57.9129918848896,57.9129918848896,0.0142866869232179,5,1.3,1e-4,14,319.95031308269444
150,108.439360627362,0,0,0,0,0,0,0,0,0,0,92.519601761588,92.5182464038205,0.043173943831033,6,1.3,1e-4,14,293.52038273660156
180,51.8961227696972,0,0,0,0,0,0,0,0,0,0,95.4617100513945,95.459199784475,0.0867113585236648,7,1.3,1e-4,14,242.90374396409038
210,21.4950562364422,0,0,0,0,0,0,0,0,0,0,85.8639868355237,85.8613492116714,0.148836837914658,8,1.3,1e-4,14,193.36922912155197
240,7.18513904492119,0,0,0,0,0,0,0,0,0,0,72.6899478878662,72.6880280508498,0.233655499931989,9,1.3,1e-4,14,152.79677048356916
270,1.8106485671337,0,0,0,0,0,0,0,0,0,0,61.7995582653236,61.7985575252757,0.344968723875577,10,1.3,1e-4,14,125.75373308160857
300,0.336154321542376,0,0,0,0,0,0,0,0,0,0,55.8590115096034,55.8586065613509,0.486614110434971,11,1.3,1e-4,14,112.54038650293165
330,0.0529337934273278,0,0,0,0,0,0,0,0,0,0,53.9347648194306,53.9345621263484,0.667746931199315,12,1.3,1e-4,14,108.59000767040564
360,0.00914752422065998,0,0,0,0,0,0,0,0,0,0,53.7771331688268,53.7769372148159,0.902920936271381,13,1.3,1e-4,14,108.46613884413475
390,0.00184031334328112,0,0,0,0,0,0,0,0,0,0,54.1282658760146,54.1280170692959,1.20682030068005,14,1.3,1e-4,14,109.46494355933383
420,4.0231954339475e-4,0,0,0,0,0,0,0,0,0,0,54.6636617036309,54.6633367767669,1.59673462867972,15,1.3,1e-4,14,110.92413542862091
450,9.42349955759156e-5,0,0,0,0,0,0,0,0,0,0,55.3440718409859,55.3436514803908,2.09528154356696,16,1.3,1e-4,14,112.78309909993924
480,2.37992321560119e-5,0,0,0,0,0,0,0,0,0,0,56.1835040452416,56.1829670156404,2.73037300626636,17,1.3,1e-4,14,115.09686786638052
510,6.46616010716419e-6,0,0,0,0,0,0,0,0,0,0,57.2037634782673,57.203086056755,3.53495192688377,18,1.3,1e-4,14,117.94180792806617
540,3.62456550882846e-6,0,0,0,0,0,0,0,0,0,0,17.7773365967605,17.7750420200465,3.66873311818748,19,1.3,1e-4,14,39.22111535955999
570,3.45636035295735e-6,0,0,0,0,0,0,0,0,0,0,21.066999146979,21.0631015787816,17.8991732426333,20,1.3,1e-4,14,60.02927742475425
600,6.71789827678074e-6,0,0,0,0,0,0,0,0,0,0,37.9324143411788,37.9252521625066,45.7726988149733,21,1.3,1e-4,14,121.63037203655698
630,7.67034624269029e-6,0,0,0,0,0,0,0,0,0,0,43.9687725517861,43.9609618536839,85.3944578215603,22,1.3,1e-4,14,173.32419989737653
660,7.41198195221597e-6,0,0,0,0,0,0,0,0,0,0,42.3290085899119,42.322115576828,120.066529775953,23,1.3,1e-4,14,204.71766135467485
690,6.82693828271825e-6,0,0,0,0,0,0,0,0,0,0,39.0182920584018,39.0125231575318,144.483195530626,24,1.3,1e-4,14,222.51401757349788
720,6.08456554504321e-6,0,0,0,0,0,0,0,0,0,0,34.7648381469229,34.7601454948225,162.659168273333,25,1.3,1e-4,14,232.18415799964393
750,5.41997178355592e-6,0,0,0,0,0,0,0,0,0,0,30.9659803000544,30.9621353443286,175.865400491799,26,1.3,1e-4,14,237.7935215561538
780,4.84325913116066e-6,0,0,0,0,0,0,0,0,0,0,27.6680800815854,27.6648923497645,185.884533776837,27,1.3,1e-4,14,241.21751105144602
810,4.35641565759875e-6,0,0,0,0,0,0,0,0,0,0,24.8845377242543,24.8818566332649,193.661437802068,28,1.3,1e-4,14,243.42783651600286
840,3.94574717667983e-6,0,0,0,0,0,0,0,0,0,0,22.5365613091855,22.5342752049338,199.851650296704,29,1.3,1e-4,14,244.92249075657048
870,3.59799118598538e-6,0,0,0,0,0,0,0,0,0,0,20.5483522964962,20.5463784290113,204.879043010303,30,1.3,1e-4,14,245.9737773338017
900,3.30142874815913e-6,0,0,0,0,0,0,0,0,0,0,18.8528684725232,18.8511450998739,209.03383729803,31,1.3,1e-4,14,246.73785417185584
930,3.04654074198276e-6,0,0,0,0,0,0,0,0,0,0,17.3956719039043,17.3941523477141,212.518890506223,32,1.3,1e-4,14,247.30871780438213
960,2.82573671752989e-6,0,0,0,0,0,0,0,0,0,0,16.1333552544675,16.1320037155145,215.47997289275,33,1.3,1e-4,14,247.74533468846872
990,2.63300553320117e-6,0,0,0,0,0,0,0,0,0,0,15.0315449481351,15.030333573648,218.024174494517,34,1.3,1e-4,14,248.08605564930565
1020,2.46357788058831e-6,0,0,0,0,0,0,0,0,0,0,14.062969623512,14.0618764450738,220.231765571652,35,1.3,1e-4,14,248.35661410381567
1050,2.31364991695891e-6,0,0,0,0,0,0,0,0,0,0,13.2058792502497,13.2048867183034,222.16398508463,36,1.3,1e-4,14,248.57475336683302
1080,2.18016663717912e-6,0,0,0,0,0,0,0,0,0,0,12.4428060410835,12.441899970129,223.868294823269,37,1.3,1e-4,14,248.75300301464813
1110,2.06065563337994e-6,0,0,0,0,0,0,0,0,0,0,11.7596136740713,11.7587824731432,225.382001264784,38,1.3,1e-4,14,248.90039947265413
1140,1.95310029114968e-6,0,0,0,0,0,0,0,0,0,0,11.144772107144,11.1440062108422,226.734803012435,39,1.3,1e-4,14,249.0235832835215
1170,1.8558430369241e-6,0,0,0,0,0,0,0,0,0,0,10.5888042811332,10.5880957234677,227.95061508957,40,1.3,1e-4,14,249.12751695001393
1200,1.76751122501782e-6,0,0,0,0,0,0,0,0,0,0,10.0838623077294,10.0832043989892,229.04889693397,41,1.3,1e-4,14,249.21596540819985
1230,1.68696003853329e-6,0,0,0,0,0,0,0,0,0,0,9.62340096086516,9.62278803975826,230.0456336203,42,1.3,1e-4,14,249.29182430788347
1260,1.61322820153468e-6,0,0,0,0,0,0,0,0,0,0,9.20192443317576,9.20135167463662,230.954070802874,43,1.3,1e-4,14,249.3573485239146
1290,1.54550338135146e-6,0,0,0,0,0,0,0,0,0,0,8.81478850634809,8.81425177099293,231.785272112348,44,1.3,1e-4,14,249.4143139351924
1320,1.48309496329945e-6,0,0,0,0,0,0,0,0,0,0,8.45804488001756,8.4575405951021,232.548546784722,45,1.3,1e-4,14,249.4641337429366
1350,1.42541247148564e-6,0,0,0,0,0,0,0,0,0,0,8.12831778647923,8.12784285093129,233.251781232797,46,1.3,1e-4,14,249.50794329561998
1380,1.37194834359416e-6,0,0,0,0,0,0,0,0,0,0,7.8227055020677,7.82225721009713,233.901698674057,47,1.3,1e-4,14,249.54666275817019
1410,1.3222640868621e-6,0,0,0,0,0,0,0,0,0,0,7.53870119226874,7.53827717144422,234.504064285939,48,1.3,1e-4,14,249.58104397191605
1440,1.27597907813593e-6,0,0,0,0,0,0,0,0,0,0,7.27412887548982,7.27372703617784,235.063848697345,49,1.3,1e-4,14,249.61170588499175
1470,1.23276144573964e-6,0,0,0,0,0,0,0,0,0,0,7.02709129029239,7.02670978409237,235.585359311539,50,1.3,1e-4,14,249.63916161868522
1500,1.19232060135104e-6,0,0,0,0,0,0,0,0,0,0,6.79592719696917,6.7955643823257,236.072346571901,51,1.3,1e-4,14,249.66383934351646
1530,1.15440108804582e-6,0,0,0,0,0,0,0,0,0,0,6.57917620455393,6.57883061813544,236.528090548408,52,1.3,1e-4,14,249.68609852549844
1560,1.11877748470484e-6,0,0,0,0,0,0,0,0,0,0,6.37554963771062,6.37521997045292,236.955471948585,53,1.3,1e-4,14,249.70624267552603
1590,1.08525016329602e-6,0,0,0,0,0,0,0,0,0,0,6.18390627998128,6.18359135692832,237.357030711043,54,1.3,1e-4,14,249.72452943320275
1620,1.05364173865836e-6,0,0,0,0,0,0,0,0,0,0,6.00323207641376,6.00293083966843,237.735014631518,55,1.3,1e-4,14,249.74117860124193
1650,1.02379408363471e-6,0,0,0,0,0,0,0,0,0,0,5.83262306854,5.8323345627763,238.091419936235,56,1.3,1e-4,14,249.7563785913454
1680,9.95565808153199e-7,0,0,0,0,0,0,0,0,0,0,5.67127098193313,5.67099434202938,238.428025309883,57,1.3,1e-4,14,249.7702916294113
1710,9.68830120943405e-7,0,0,0,0,0,0,0,0,0,0,5.51845100142098,5.51818544185855,238.746420572635,58,1.3,1e-4,14,249.78305798474466
1740,9.43473008330613e-7,0,0,0,0,0,0,0,0,0,0,5.37351135913279,5.37325616487113,239.048030958808,59,1.3,1e-4,14,249.79479942628492
1770,9.19391676983234e-7,0,0,0,0,0,0,0,0,0,0,5.23586443163601,5.23561895022835,239.33413776142,60,1.3,1e-4,14,249.80562206267604
1800,8.96493217349591e-7,0,0,0,0,0,0,0,0,0,0,5.1049790988046,5.10474273356046,239.605895959362,61,1.3,1e-4,14,249.81561868822027
1830,8.74693452383774e-7,0,0,0,0,0,0,0,0,0,0,4.98037416202016,4.98014636605515,239.864349327483,62,1.3,1e-4,14,249.82487073025177
1860,8.53915942462438e-7,0,0,0,0,0,0,0,0,0,0,4.8616126553412,4.8613929263815,240.110443437642,63,1.3,1e-4,14,249.83344987328064
1890,8.34091122469976e-7,0,0,0,0,0,0,0,0,0,0,4.74829691229515,4.74808478812671,240.345036885095,64,1.3,1e-4,14,249.84141941960797
1920,8.15155551136345e-7,0,0,0,0,0,0,0,0,0,0,4.64006427442919,4.63985932889948,240.568911015553,65,1.3,1e-4,14,249.84883543403723
1950,7.97051256049911e-7,0,0,0,0,0,0,0,0,0,0,4.53658334684094,4.53638518633591,240.782778380628,66,1.3,1e-4,14,249.85574771085612
1980,7.797251604927e-7,0,0,0,0,0,0,0,0,0,0,4.43755072149065,4.43735898182187,240.987290110813,67,1.3,1e-4,14,249.86220059385067
0,250,0,0,0,0,0,0,0,0,0,0,0,0,0,1,1.3,1e-4,15,250
30,250.000322400697,0,0,0,0,0,0,0,0,0,0,0,0,0,2,1.3,1e-4,15,250.000322400697
60,250.000090984018,0,0,0,0,0,0,0,0,0,0,0,0,0,3,1.3,1e-4,15,250.000090984018
90,250.000018876751,0,0,0,0,0,0,0,0,0,0,0,0,0,4,1.3,1e-4,15,250.000018876751
120,204.110042625992,0,0,0,0,0,0,0,0,0,0,57.9129918848896,57.9129918848896,0.0142866869232179,5,1.3,1e-4,15,319.95031308269444
150,108.439360627362,0,0,0,0,0,0,0,0,0,0,92.519601761588,92.5182464038205,0.043173943831033,6,1.3,1e-4,15,293.52038273660156
180,51.8961227696972,0,0,0,0,0,0,0,0,0,0,95.4617100513945,95.459199784475,0.0867113585236648,7,1.3,1e-4,15,242.90374396409038
210,21.4950562364422,0,0,0,0,0,0,0,0,0,0,85.8639868355237,85.8613492116714,0.148836837914658,8,1.3,1e-4,15,193.36922912155197
240,7.18513904492119,0,0,0,0,0,0,0,0,0,0,72.6899478878662,72.6880280508498,0.233655499931989,9,1.3,1e-4,15,152.79677048356916
270,1.8106485671337,0,0,0,0,0,0,0,0,0,0,61.7995582653236,61.7985575252757,0.344968723875577,10,1.3,1e-4,15,125.75373308160857
300,0.336154321542376,0,0,0,0,0,0,0,0,0,0,55.8590115096034,55.8586065613509,0.486614110434971,11,1.3,1e-4,15,112.54038650293165
330,0.0529337934273278,0,0,0,0,0,0,0,0,0,0,53.9347648194306,53.9345621263484,0.667746931199315,12,1.3,1e-4,15,108.59000767040564
360,0.00914752422065998,0,0,0,0,0,0,0,0,0,0,53.7771331688268,53.7769372148159,0.902920936271381,13,1.3,1e-4,15,108.46613884413475
390,0.00184031334328112,0,0,0,0,0,0,0,0,0,0,54.1282658760146,54.1280170692959,1.20682030068005,14,1.3,1e-4,15,109.46494355933383
420,4.0231954339475e-4,0,0,0,0,0,0,0,0,0,0,54.6636617036309,54.6633367767669,1.59673462867972,15,1.3,1e-4,15,110.92413542862091
450,9.42349955759156e-5,0,0,0,0,0,0,0,0,0,0,55.3440718409859,55.3436514803908,2.09528154356696,16,1.3,1e-4,15,112.78309909993924
480,2.37992321560119e-5,0,0,0,0,0,0,0,0,0,0,56.1835040452416,56.1829670156404,2.73037300626636,17,1.3,1e-4,15,115.09686786638052
510,6.46616010716419e-6,0,0,0,0,0,0,0,0,0,0,57.2037634782673,57.203086056755,3.53495192688377,18,1.3,1e-4,15,117.94180792806617
540,1.88311616439759e-6,0,0,0,0,0,0,0,0,0,0,58.4245272100842,58.4236838543258,4.54589261236328,19,1.3,1e-4,15,121.39410555988945
570,1.11228385111456e-6,0,0,0,0,0,0,0,0,0,0,20.5017198030467,20.499020205247,4.82282101469825,20,1.3,1e-4,15,45.8235621352758
600,1.06713143002571e-6,0,0,0,0,0,0,0,0,0,0,23.719348182723,23.7149842472842,21.6468786449157,21,1.3,1e-4,15,69.08121214205433
630,1.89754157048653e-6,0,0,0,0,0,0,0,0,0,0,39.5825823845279,39.5751824721657,50.8879914040189,22,1.3,1e-4,15,130.04575815825407
660,2.08887641390875e-6,0,0,0,0,0,0,0,0,0,0,44.1136665886808,44.1059238859033,90.2047630515555,23,1.3,1e-4,15,178.42435561501603
690,1.99790484543216e-6,0,0,0,0,0,0,0,0,0,0,42.0629000081085,42.0561420347497,123.426570232252,24,1.3,1e-4,15,207.54561427301505
720,1.82821685940003e-6,0,0,0,0,0,0,0,0,0,0,38.514288537575,38.5086666414002,146.971582187583,25,1.3,1e-4,15,223.99453919477506
750,1.62829332190879e-6,0,0,0,0,0,0,0,0,0,0,34.2934071127112,34.288832808103,164.434364504106,26,1.3,1e-4,15,233.0166060532135
780,1.45055291576988e-6,0,0,0,0,0,0,0,0,0,0,30.5481853464675,30.5444328294906,177.195225066818,27,1.3,1e-4,15,238.28784469332902
810,1.29711506404541e-6,0,0,0,0,0,0,0,0,0,0,27.3139567602777,27.3108402651363,186.904734727607,28,1.3,1e-4,15,241.52953305013608
840,1.16767455023798e-6,0,0,0,0,0,0,0,0,0,0,24.585937311411,24.5833116434321,194.465735388297,29,1.3,1e-4,15,243.63498551081463
870,1.05846518010397e-6,0,0,0,0,0,0,0,0,0,0,22.2843369635986,22.282094570542,200.499563185054,30,1.3,1e-4,15,245.0659957776598
900,9.65917688563022e-7,0,0,0,0,0,0,0,0,0,0,20.333951693054,20.332012827434,205.410795788621,31,1.3,1e-4,15,246.07676127502668
930,8.86923235693584e-7,0,0,0,0,0,0,0,0,0,0,18.6692262831509,18.667531353946,209.477215177519,32,1.3,1e-4,15,246.81397370153914
960,8.18965721667905e-7,0,0,0,0,0,0,0,0,0,0,17.2371211053683,17.2356249820427,212.893656309326,33,1.3,1e-4,15,247.36640321570272
990,7.60041702309806e-7,0,0,0,0,0,0,0,0,0,0,15.9954044442316,15.9940724531259,215.800515678374,34,1.3,1e-4,15,247.7899933357732
1020,7.08564698892043e-7,0,0,0,0,0,0,0,0,0,0,14.9106360587267,14.9094411767786,218.301194453097,35,1.3,1e-4,15,248.121272397167
1050,6.63275377016832e-7,0,0,0,0,0,0,0,0,0,0,13.9562723244247,13.9551932036314,220.473368549862,36,1.3,1e-4,15,248.38483474119346
1080,6.23168570153938e-7,0,0,0,0,0,0,0,0,0,0,13.1111275100897,13.1101470713849,222.376413741527,37,1.3,1e-4,15,248.59768894617017
1110,5.87436281657568e-7,0,0,0,0,0,0,0,0,0,0,12.3581720381851,12.3572764576896,224.056428260242,38,1.3,1e-4,15,248.77187734355297
1140,5.55423998987795e-7,0,0,0,0,0,0,0,0,0,0,11.683611508085,11.6827894763061,225.549703674904,39,1.3,1e-4,15,248.9161052147191
1170,5.26597378943481e-7,0,0,0,0,0,0,0,0,0,0,11.0761843998893,11.0754265731069,226.885171576156,40,1.3,1e-4,15,249.03678307574958
1200,5.00516820006934e-7,0,0,0,0,0,0,0,0,0,0,10.5266260688389,10.525924657567,228.086159255896,41,1.3,1e-4,15,249.13871048281874
1230,4.7681797281866e-7,0,0,0,0,0,0,0,0,0,0,10.0272579285607,10.0266063850509,229.171670098123,42,1.3,1e-4,15,249.22553488855257
1260,4.55196713422947e-7,0,0,0,0,0,0,0,0,0,0,9.57167071410391,9.57106349231984,230.157331212016,43,1.3,1e-4,15,249.30006587363647
1290,4.35397478369028e-7,0,0,0,0,0,0,0,0,0,0,9.15447861319741,9.15391098246214,231.056104304118,44,1.3,1e-4,15,249.36449433517504
1320,4.17204144256252e-7,0,0,0,0,0,0,0,0,0,0,8.77112703269105,8.77059493154569,231.878825578826,45,1.3,1e-4,15,249.42054796026687
1350,4.00432844586505e-7,0,0,0,0,0,0,0,0,0,0,8.4177412009179,8.41724112143447,232.634620482272,46,1.3,1e-4,15,249.4696032050572
1380,3.84926271476513e-7,0,0,0,0,0,0,0,0,0,0,8.09100606817614,8.09053496357222,233.331225668985,47,1.3,1e-4,15,249.51276708565965
1410,3.70549123367659e-7,0,0,0,0,0,0,0,0,0,0,7.78807036220068,7.78762557245533,233.975241389475,48,1.3,1e-4,15,249.55093769468013
1440,3.57184443424162e-7,0,0,0,0,0,0,0,0,0,0,7.50646941693214,7.50604860843477,234.572331130456,49,1.3,1e-4,15,249.58484951300736
1470,3.44730655014363e-7,0,0,0,0,0,0,0,0,0,0,7.24406269365648,7.24366380988815,235.127380864555,50,1.3,1e-4,15,249.61510771283028
1500,3.33099146474851e-7,0,0,0,0,0,0,0,0,0,0,6.99898287916187,6.99860410011984,235.644627081,51,1.3,1e-4,15,249.64221439338087
1530,3.22212291561395e-7,0,0,0,0,0,0,0,0,0,0,6.76959416656629,6.76923387516998,236.127760474496,52,1.3,1e-4,15,249.66658883844457
1560,3.12001817693305e-7,0,0,0,0,0,0,0,0,0,0,6.55445786625524,6.55411462036619,236.580010498656,53,1.3,1e-4,15,249.68858329727925
1590,3.02407453537394e-7,0,0,0,0,0,0,0,0,0,0,6.35230390412545,6.35197641311213,237.004214760963,54,1.3,1e-4,15,249.70849538060804
1620,2.93375802276145e-7,0,0,0,0,0,0,0,0,0,0,6.16200707625312,6.16169418125831,237.402876322812,55,1.3,1e-4,15,249.72657787369923
1650,2.84859398242852e-7,0,0,0,0,0,0,0,0,0,0,5.98256716808912,5.9822678253317,237.778211283314,56,1.3,1e-4,15,249.7430465615942
1680,2.76815913348723e-7,0,0,0,0,0,0,0,0,0,0,5.81309223054588,5.8128054971234,238.132188507654,57,1.3,1e-4,15,249.75808651213922
1710,2.69207486509186e-7,0,0,0,0,0,0,0,0,0,0,5.65278444829205,5.65250947005561,238.466562965896,58,1.3,1e-4,15,249.77185715345115
1740,2.62000154570137e-7,0,0,0,0,0,0,0,0,0,0,5.50092814714074,5.50066414829549,238.782903844819,59,1.3,1e-4,15,249.7844964022554
1770,2.55163367390358e-7,0,0,0,0,0,0,0,0,0,0,5.35687957500124,5.3566258491511,239.082618360589,60,1.3,1e-4,15,249.79612403990473
1800,2.48669573016943e-7,0,0,0,0,0,0,0,0,0,0,5.22005816000699,5.2198140624134,239.366972017211,61,1.3,1e-4,15,249.80684448830095
1830,2.42493861494461e-7,0,0,0,0,0,0,0,0,0,0,5.08993900431324,5.08970394517888,239.637105912226,62,1.3,1e-4,15,249.81674910421197
1860,2.36613657926285e-7,0,0,0,0,0,0,0,0,0,0,4.9660464158465,4.96581985446817,239.894051577954,63,1.3,1e-4,15,249.82591808488232
1890,2.31008457072575e-7,0,0,0,0,0,0,0,0,0,0,4.84794831540274,4.84772975506388,240.138743756716,64,1.3,1e-4,15,249.83442205819108
1920,2.25659593112065e-7,0,0,0,0,0,0,0,0,0,0,4.7352513847869,4.73504036828227,240.372031436752,65,1.3,1e-4,15,249.84232341548076
1950,2.20550039281675e-7,0,0,0,0,0,0,0,0,0,0,4.62759684459445,4.62739295029681,240.594687418003,66,1.3,1e-4,15,249.8496774334443
1980,2.15664232991925e-7,0,0,0,0,0,0,0,0,0,0,4.52465676886423,4.52445960725729,240.807416630477,67,1.3,1e-4,15,249.85653322226275
0,250,0,0,0,0,0,0,0,0,0,0,0,0,0,1,1.3,1e-4,16,250
30,250.000322400697,0,0,0,0,0,0,0,0,0,0,0,0,0,2,1.3,1e-4,16,250.000322400697
60,250.000090984018,0,0,0,0,0,0,0,0,0,0,0,0,0,3,1.3,1e-4,16,250.000090984018
90,250.000018876751,0,0,0,0,0,0,0,0,0,0,0,0,0,4,1.3,1e-4,16,250.000018876751
120,204.110042625992,0,0,0,0,0,0,0,0,0,0,57.9129918848896,57.9129918848896,0.0142866869232179,5,1.3,1e-4,16,319.95031308269444
150,108.439360627362,0,0,0,0,0,0,0,0,0,0,92.519601761588,92.5182464038205,0.043173943831033,6,1.3,1e-4,16,293.52038273660156
180,51.8961227696972,0,0,0,0,0,0,0,0,0,0,95.4617100513945,95.459199784475,0.0867113585236648,7,1.3,1e-4,16,242.90374396409038
210,21.4950562364422,0,0,0,0,0,0,0,0,0,0,85.8639868355237,85.8613492116714,0.148836837914658,8,1.3,1e-4,16,193.36922912155197
240,7.18513904492119,0,0,0,0,0,0,0,0,0,0,72.6899478878662,72.6880280508498,0.233655499931989,9,1.3,1e-4,16,152.79677048356916
270,1.8106485671337,0,0,0,0,0,0,0,0,0,0,61.7995582653236,61.7985575252757,0.344968723875577,10,1.3,1e-4,16,125.75373308160857
300,0.336154321542376,0,0,0,0,0,0,0,0,0,0,55.8590115096034,55.8586065613509,0.486614110434971,11,1.3,1e-4,16,112.54038650293165
330,0.0529337934273278,0,0,0,0,0,0,0,0,0,0,53.9347648194306,53.9345621263484,0.667746931199315,12,1.3,1e-4,16,108.59000767040564
360,0.00914752422065998,0,0,0,0,0,0,0,0,0,0,53.7771331688268,53.7769372148159,0.902920936271381,13,1.3,1e-4,16,108.46613884413475
390,0.00184031334328112,0,0,0,0,0,0,0,0,0,0,54.1282658760146,54.1280170692959,1.20682030068005,14,1.3,1e-4,16,109.46494355933383
420,4.0231954339475e-4,0,0,0,0,0,0,0,0,0,0,54.6636617036309,54.6633367767669,1.59673462867972,15,1.3,1e-4,16,110.92413542862091
450,9.42349955759156e-5,0,0,0,0,0,0,0,0,0,0,55.3440718409859,55.3436514803908,2.09528154356696,16,1.3,1e-4,16,112.78309909993924
480,2.37992321560119e-5,0,0,0,0,0,0,0,0,0,0,56.1835040452416,56.1829670156404,2.73037300626636,17,1.3,1e-4,16,115.09686786638052
510,6.46616010716419e-6,0,0,0,0,0,0,0,0,0,0,57.2037634782673,57.203086056755,3.53495192688377,18,1.3,1e-4,16,117.94180792806617
540,1.88311616439759e-6,0,0,0,0,0,0,0,0,0,0,58.4245272100842,58.4236838543258,4.54589261236328,19,1.3,1e-4,16,121.39410555988945
570,5.85667099772156e-7,0,0,0,0,0,0,0,0,0,0,59.8577230714833,59.8566878734905,5.8013021502495,20,1.3,1e-4,16,125.5157136808904
600,3.61234225016264e-7,0,0,0,0,0,0,0,0,0,0,23.3990254184298,23.3959051930203,6.27284262568688,21,1.3,1e-4,16,53.067773598371204
630,3.46399301649705e-7,0,0,0,0,0,0,0,0,0,0,26.3369865704676,26.332175558599,25.7139339194696,22,1.3,1e-4,16,78.3830963949355
660,5.68479579460855e-7,0,0,0,0,0,0,0,0,0,0,41.0091279334579,41.0015463352404,56.0349763746728,23,1.3,1e-4,16,138.04565121185067
690,6.0587425512434e-7,0,0,0,0,0,0,0,0,0,0,44.1510673961447,44.1434177102699,94.8744715822303,24,1.3,1e-4,16,183.16895729451915
720,5.74328991294218e-7,0,0,0,0,0,0,0,0,0,0,41.7453170539746,41.7387036220572,126.683263570616,25,1.3,1e-4,16,210.1672848209768
750,5.22599186806592e-7,0,0,0,0,0,0,0,0,0,0,38.004257462955,37.9987830581005,149.377177221042,26,1.3,1e-4,16,225.38021826469668
780,4.65215499326604e-7,0,0,0,0,0,0,0,0,0,0,33.8231197952985,33.8186631601725,166.160387357754,27,1.3,1e-4,16,233.80217077844048
810,4.14510441214961e-7,0,0,0,0,0,0,0,0,0,0,30.1346526563481,30.1309917671301,178.492544008397,28,1.3,1e-4,16,238.75818884638565
840,3.70935812211446e-7,0,0,0,0,0,0,0,0,0,0,26.9640032989041,26.9609575008457,187.903471925772,29,1.3,1e-4,16,241.82843309645762
870,3.3419436865028e-7,0,0,0,0,0,0,0,0,0,0,24.2908936762121,24.2883231403555,195.255313029675,30,1.3,1e-4,16,243.83453018043696
900,3.03186451947242e-7,0,0,0,0,0,0,0,0,0,0,22.034966344247,22.0327675548277,201.137131283473,31,1.3,1e-4,16,245.20486548573416
930,2.76888911935048e-7,0,0,0,0,0,0,0,0,0,0,20.1217944413814,20.119890592088,205.935111655391,32,1.3,1e-4,16,246.17679696574933
960,2.54421920359836e-7,0,0,0,0,0,0,0,0,0,0,18.4873347319215,18.4856683382384,209.915146457444,33,1.3,1e-4,16,246.8881497820258
990,2.35075679136362e-7,0,0,0,0,0,0,0,0,0,0,17.0799349080949,17.0784623571885,213.264370692023,34,1.3,1e-4,16,247.42276819238208
1020,2.18285709382226e-7,0,0,0,0,0,0,0,0,0,0,15.8585187942348,15.857206518129,216.11800587185,35,1.3,1e-4,16,247.8337314024995
1050,2.03605005472173e-7,0,0,0,0,0,0,0,0,0,0,14.7905604152192,14.7893822076061,218.575890113322,36,1.3,1e-4,16,248.15583293975232
1080,1.90678550265715e-7,0,0,0,0,0,0,0,0,0,0,13.850228187402,13.8491633123149,220.713186861234,37,1.3,1e-4,16,248.41257855162945
1110,1.7922275577339e-7,0,0,0,0,0,0,0,0,0,0,13.0168884547294,13.0159202982209,222.58746326212,38,1.3,1e-4,16,248.62027219429305
1140,1.6900945739814e-7,0,0,0,0,0,0,0,0,0,0,12.2739405431079,12.2730556395232,224.243491137678,39,1.3,1e-4,16,248.79048748931856
1170,1.59853659743366e-7,0,0,0,0,0,0,0,0,0,0,11.6079249467178,11.6071122659399,225.716572929314,40,1.3,1e-4,16,248.93161030182534
1200,1.51604192934036e-7,0,0,0,0,0,0,0,0,0,0,11.0078433685603,11.0070937873088,227.034891419445,41,1.3,1e-4,16,249.0498287269183
1230,1.44136578384696e-7,0,0,0,0,0,0,0,0,0,0,10.464639570968,10.4639454755862,228.221199225862,42,1.3,1e-4,16,249.14978441655276
1260,1.37347557152614e-7,0,0,0,0,0,0,0,0,0,0,9.9708012248449691,9.97015620924452,229.294053178563,43,1.3,1e-4,16,249.23501075000004
1290,1.31150867931442e-7,0,0,0,0,0,0,0,0,0,0,9.52005269967416,9.51945133301408,230.268729423044,44,1.3,1e-4,16,249.3082335868831
1320,1.25473966849424e-7,0,0,0,0,0,0,0,0,0,0,9.10711638901774,9.10655403510579,231.157910940393,45,1.3,1e-4,16,249.37158148999052
1350,1.20255460548851e-7,0,0,0,0,0,0,0,0,0,0,8.7275259399578,8.72699861545412,231.972210446492,46,1.3,1e-4,16,249.42673512215939
1380,1.15443082764039e-7,0,0,0,0,0,0,0,0,0,0,8.37747903059141,8.37698329263731,232.720572596653,47,1.3,1e-4,16,249.4750350353248
1410,1.10992087806673e-7,0,0,0,0,0,0,0,0,0,0,8.053720483327,8.05325333971535,233.410586592446,48,1.3,1e-4,16,249.51756052648045
1440,1.06863966083975e-7,0,0,0,0,0,0,0,0,0,0,7.75344881003163,7.75300764681108,234.048731504631,49,1.3,1e-4,16,249.55518806833769
1470,1.03025410114681e-7,0,0,0,0,0,0,0,0,0,0,7.47424098362933,7.47382350631359,234.640570525758,50,1.3,1e-4,16,249.58863511872633
1500,9.94474767537448e-8,0,0,0,0,0,0,0,0,0,0,7.21399148578626,7.21359567127007,235.190906071454,51,1.3,1e-4,16,249.61849332795782
1530,9.61049041476391e-8,0,0,0,0,0,0,0,0,0,0,6.97086261257448,6.97048666954273,235.703904588106,52,1.3,1e-4,16,249.64525396632814
1560,9.29755515154728e-8,0,0,0,0,0,0,0,0,0,0,6.74324371664603,6.74288605277055,236.183197716528,53,1.3,1e-4,16,249.66932757892013
1590,9.00399370505709e-8,0,0,0,0,0,0,0,0,0,0,6.52971758832598,6.52937678292503,236.631964851333,54,1.3,1e-4,16,249.69105931262396
1620,8.72808546864527e-8,0,0,0,0,0,0,0,0,0,0,6.32903257455118,6.32870735567494,237.053000949527,55,1.3,1e-4,16,249.71074096703396
1650,8.46830546226469e-8,0,0,0,0,0,0,0,0,0,0,6.14007933666105,6.13976856178538,237.44877255975,56,1.3,1e-4,16,249.7286205428795
1680,8.22329756889829e-8,0,0,0,0,0,0,0,0,0,0,5.96187137966389,5.9615740193433,237.821464381362,57,1.3,1e-4,16,249.74490986260219
1710,7.99185200831941e-8,0,0,0,0,0,0,0,0,0,0,5.79352866431853,5.79324378827971,238.173018161393,58,1.3,1e-4,16,249.75979069390976
1740,7.77288629235945e-8,0,0,0,0,0,0,0,0,0,0,5.63426375212027,5.63399051737917,238.505165354814,59,1.3,1e-4,16,249.7734197020423
1770,7.56542905479649e-8,0,0,0,0,0,0,0,0,0,0,5.48337004164569,5.48310768231065,238.819454679549,60,1.3,1e-4,16,249.78593247915964
1800,7.36860626597746e-8,0,0,0,0,0,0,0,0,0,0,5.34021173983802,5.33995955832488,239.117275469782,61,1.3,1e-4,16,249.79744684163094
1830,7.18162943471233e-8,0,0,0,0,0,0,0,0,0,0,5.2042152790618,5.2039726384964196,239.39987755356,62,1.3,1e-4,16,249.80806554293451
1860,7.00378547338699e-8,0,0,0,0,0,0,0,0,0,0,5.07486194416543,5.07462826178938,239.668388241234,63,1.3,1e-4,16,249.81787851722666
1890,6.83442796084969e-8,0,0,0,0,0,0,0,0,0,0,4.95168151643089,4.9514562578582,239.923826901227,64,1.3,1e-4,16,249.82696474386034
1920,6.67296958465206e-8,0,0,0,0,0,0,0,0,0,0,4.83424677550512,4.83402944970353,240.167117512159,65,1.3,1e-4,16,249.83539380409735
1950,6.51887558214238e-8,0,0,0,0,0,0,0,0,0,0,4.72216872799271,4.72195888288447,240.39909951051,66,1.3,1e-4,16,249.84322718657594
1980,6.37165803062113e-8,0,0,0,0,0,0,0,0,0,0,4.61509245373541,4.61488967232941,240.62053719692,67,1.3,1e-4,16,249.8505193867014
0,250,0,0,0,0,0,0,0,0,0,0,0,0,0,1,1.3,1e-4,6,250
30,250.000322400697,0,0,0,0,0,0,0,0,0,0,0,0,0,2,1.3,1e-4,6,250.000322400697
60,250.000090984018,0,0,0,0,0,0,0,0,0,0,0,0,0,3,1.3,1e-4,6,250.000090984018
90,250.000018876751,0,0,0,0,0,0,0,0,0,0,0,0,0,4,1.3,1e-4,6,250.000018876751
120,204.110042625992,0,0,0,0,0,0,0,0,0,0,57.9129918848896,57.9129918848896,0.0142866869232179,5,1.3,1e-4,6,319.95031308269444
150,108.439360627362,0,0,0,0,0,0,0,0,0,0,92.519601761588,92.5182464038205,0.043173943831033,6,1.3,1e-4,6,293.52038273660156
180,51.8961227696972,0,0,0,0,0,0,0,0,0,0,95.4617100513945,95.459199784475,0.0867113585236648,7,1.3,1e-4,6,242.90374396409038
210,21.4950562364422,0,0,0,0,0,0,0,0,0,0,85.8639868355237,85.8613492116714,0.148836837914658,8,1.3,1e-4,6,193.36922912155197
240,7.18513904492119,0,0,0,0,0,0,0,0,0,0,72.6899478878662,72.6880280508498,0.233655499931989,9,1.3,1e-4,6,152.79677048356916
270,1.8106485671337,0,0,0,0,0,0,0,0,0,0,61.7995582653236,61.7985575252757,0.344968723875577,10,1.3,1e-4,6,125.75373308160857
300,0.546689072666195,0,0,0,0,0,0,0,0,0,0,9.94629634667768,9.94540416084378,0.374617065615277,11,1.3,1e-4,6,20.813006645802933
330,0.361383203402011,0,0,0,0,0,0,0,0,0,0,8.37581231595361,8.37434211088141,1.67947980319788,12,1.3,1e-4,6,18.79101743343491
360,0.890719241534768,0,0,0,0,0,0,0,0,0,0,18.3706449453188,18.367096973786,8.51430524511098,13,1.3,1e-4,6,46.14276640575055
390,1.59223387538903,0,0,0,0,0,0,0,0,0,0,33.5478423816507,33.541476001821,34.7174490703391,14,1.3,1e-4,6,103.39900132919983
420,2.02528992712749,0,0,0,0,0,0,0,0,0,0,41.946628334616,41.939092329455,74.458822086623,15,1.3,1e-4,6,160.3698326778215
450,2.09866793582218,0,0,0,0,0,0,0,0,0,0,43.2629621653556,43.2558273764938,109.559007421622,16,1.3,1e-4,6,198.1764648992936
480,1.94259475076926,0,0,0,0,0,0,0,0,0,0,39.8240292473502,39.8180481991689,137.204133518617,17,1.3,1e-4,6,218.78880571590537
510,1.74991278609439,0,0,0,0,0,0,0,0,0,0,35.731580156712,35.726687943507,156.926188936709,18,1.3,1e-4,6,230.13436982302238
540,1.56163476593891,0,0,0,0,0,0,0,0,0,0,31.7805181752054,31.7765215735742,171.462159922718,19,1.3,1e-4,6,236.58083443743652
570,1.39688741962067,0,0,0,0,0,0,0,0,0,0,28.3487382066938,28.3454361616366,182.374835394417,20,1.3,1e-4,6,240.46589718236808
600,1.25647741063431,0,0,0,0,0,0,0,0,0,0,25.4383648748642,25.4355983582303,190.808476682398,21,1.3,1e-4,6,242.9389173261268
630,1.1377239551372,0,0,0,0,0,0,0,0,0,0,22.986165938815,22.983815491227,197.483807752159,22,1.3,1e-4,6,244.5915131373382
660,1.03704944287648,0,0,0,0,0,0,0,0,0,0,20.9135454752355,20.911522656736,202.879878369258,23,1.3,1e-4,6,245.74199594410598
690,0.951192835141294,0,0,0,0,0,0,0,0,0,0,19.1504098201479,19.1486487947913,207.320606378251,24,1.3,1e-4,6,246.5708578283315
720,0.877432786152542,0,0,0,0,0,0,0,0,0,0,17.6389205875966,17.6373717654768,211.031745303047,25,1.3,1e-4,6,247.18547044227293
750,0.813577788810867,0,0,0,0,0,0,0,0,0,0,16.3328369806655,16.3314624782895,214.174617341647,26,1.3,1e-4,6,247.65249458941287
780,0.757882459315642,0,0,0,0,0,0,0,0,0,0,15.1955217039494,15.1942921613625,216.867186638377,27,1.3,1e-4,6,248.01488296300454
810,0.70895831400243,0,0,0,0,0,0,0,0,0,0,14.1979449470563,14.1968372925088,219.197478988101,28,1.3,1e-4,6,248.30121954166853
840,0.66569663223227,0,0,0,0,0,0,0,0,0,0,13.3170001803821,13.3159960463718,221.232375907211,29,1.3,1e-4,6,248.53106876619717
870,0.627206691997808,0,0,0,0,0,0,0,0,0,0,12.5341735131736,12.5332581002812,223.023517641976,30,1.3,1e-4,6,248.7181559474286
900,0.592767783067529,0,0,0,0,0,0,0,0,0,0,11.8345187898555,11.8336800408734,224.611355326824,31,1.3,1e-4,6,248.87232194062042
930,0.561792356682975,0,0,0,0,0,0,0,0,0,0,11.2058754094206,11.2051034009235,226.027989177457,32,1.3,1e-4,6,249.00076034448406
960,0.533797798543012,0,0,0,0,0,0,0,0,0,0,10.6382720120341,10.6375585002587,227.299193062066,33,1.3,1e-4,6,249.10882137290182
990,0.508384759994949,0,0,0,0,0,0,0,0,0,0,10.1234704389978,10.1228085166544,228.445882858706,34,1.3,1e-4,6,249.20054657435315
1020,0.485220445261958,0,0,0,0,0,0,0,0,0,0,9.65461509222926,9.65399892608342,229.485197646025,35,1.3,1e-4,6,249.27903210959963
1050,0.464025643005014,0,0,0,0,0,0,0,0,0,0,9.22596156814213,9.22538619613435,230.431306908243,36,1.3,1e-4,6,249.34668031552448
1080,0.444564595519019,0,0,0,0,0,0,0,0,0,0,8.83266515123099,8.83212632400075,231.296020888077,37,1.3,1e-4,6,249.40537695882776
1110,0.426637029108698,0,0,0,0,0,0,0,0,0,0,8.47061475930341,8.4701088151999,232.089257519778,38,1.3,1e-4,6,249.45661812339
1140,0.410071840325565,0,0,0,0,0,0,0,0,0,0,8.13630162286203,8.13582538847426,232.819403517664,39,1.3,1e-4,6,249.50160236932587
1170,0.39472205918723,0,0,0,0,0,0,0,0,0,0,7.82671469086095,7.82626540118776,233.493596415141,40,1.3,1e-4,6,249.54129856637695
1200,0.380460803848658,0,0,0,0,0,0,0,0,0,0,7.53925674578139,7.53883197965728,234.117946910194,41,1.3,1e-4,6,249.57649643948133
1230,0.36717801027116,0,0,0,0,0,0,0,0,0,0,7.27167667818827,7.27127430566299,234.697715668525,42,1.3,1e-4,6,249.60784466264744
1260,0.35477777176083,0,0,0,0,0,0,0,0,0,0,7.02201445747718,7.02163259663887,235.237455046614,43,1.3,1e-4,6,249.63587987249088
1290,0.343176161583004,0,0,0,0,0,0,0,0,0,0,6.78855614474294,6.78819312605937,235.741123550916,44,1.3,1e-4,6,249.66104898330133
1320,0.332299440657717,0,0,0,0,0,0,0,0,0,0,6.56979690011201,6.56945123680054,236.212178929909,45,1.3,1e-4,6,249.68372650747926
1350,0.322082574108324,0,0,0,0,0,0,0,0,0,0,6.36441039423908,6.36408075750447,236.65365438847,46,1.3,1e-4,6,249.70422811432186
1380,0.312467996991462,0,0,0,0,0,0,0,0,0,0,6.17122338086025,6.17090857908799,237.068221372214,47,1.3,1e-4,6,249.7228213291537
1410,0.303404582208329,0,0,0,0,0,0,0,0,0,0,5.98919445257065,5.98889341375453,237.458241590807,48,1.3,1e-4,6,249.7397340393405
1440,0.294846773356576,0,0,0,0,0,0,0,0,0,0,5.8173962059786,5.81710796280788,237.825810362335,49,1.3,1e-4,6,249.75516130447807
1470,0.286753852844479,0,0,0,0,0,0,0,0,0,0,5.65500020022556,5.6547238773712,238.172792914628,50,1.3,1e-4,6,249.76927084506923
1500,0.27908932148395,0,0,0,0,0,0,0,0,0,0,5.50126421573473,5.50099901896327,238.500854937657,51,1.3,1e-4,6,249.78220749383897
1530,0.27182037040083,0,0,0,0,0,0,0,0,0,0,5.35552141627177,5.35526662308586,238.811488417374,52,1.3,1e-4,6,249.79409682713245
1560,0.264917429744948,0,0,0,0,0,0,0,0,0,0,5.21717109318075,5.21692604474059,239.106033576298,53,1.3,1e-4,6,249.80504814396429
1590,0.258353781571334,0,0,0,0,0,0,0,0,0,0,5.08567073066898,5.08543482479348,239.385697585877,54,1.3,1e-4,6,249.8151569229108
1620,0.252105226565963,0,0,0,0,0,0,0,0,0,0,4.96052917878928,4.9603018638712,239.651570589286,55,1.3,1e-4,6,249.82450685851245
1650,0.246149796133347,0,0,0,0,0,0,0,0,0,0,4.84130075899861,4.84108152869639,239.904639473431,56,1.3,1e-4,6,249.83317155725933
1680,0.240467502847259,0,0,0,0,0,0,0,0,0,0,4.72758015791402,4.72736854650624,240.145799749175,57,1.3,1e-4,6,249.84121595644254
1710,0.235040123465884,0,0,0,0,0,0,0,0,0,0,4.61899798972615,4.61879356803348,240.3758658351,58,1.3,1e-4,6,249.8486975163255
1740,0.229851009687523,0,0,0,0,0,0,0,0,0,0,4.5152169278916,4.51501929968625,240.595579988694,59,1.3,1e-4,6,249.85566722595937
1770,0.224884922618176,0,0,0,0,0,0,0,0,0,0,4.41592832316151,4.41573712199709,240.805620087344,60,1.3,1e-4,6,249.86217045512078
1800,0.22012788757394,0,0,0,0,0,0,0,0,0,0,4.32084923845999,4.32066412486505,241.006606427732,61,1.3,1e-4,6,249.86824767863098
1830,0.215567066377056,0,0,0,0,0,0,0,0,0,0,4.22971984218794,4.2295405011750304,241.199107684633,62,1.3,1e-4,6,249.87393509437302
1860,0.21119064474709,0,0,0,0,0,0,0,0,0,0,4.14230111065664,4.14212724950579,241.383646147529,63,1.3,1e-4,6,249.8792651524385
1890,0.206987732755561,0,0,0,0,0,0,0,0,0,0,4.05837279791783,4.05820414419977,241.560702334795,64,1.3,1e-4,6,249.88426700966815
1920,0.202948276617564,0,0,0,0,0,0,0,0,0,0,3.97773163754514,3.97756793735417,241.730719069827,65,1.3,1e-4,6,249.88896692134387
1950,0.199062980348764,0,0,0,0,0,0,0,0,0,0,3.90018974616798,3.90003076253871,241.894105090678,66,1.3,1e-4,6,249.89338857973345
1980,0.195323236029516,0,0,0,0,0,0,0,0,0,0,3.82557320295093,3.82541871443694,242.05123825416,67,1.3,1e-4,6,249.8975534075774
0,250,0,0,0,0,0,0,0,0,0,0,0,0,0,1,1.3,1e-4,7,250
30,250.000322400697,0,0,0,0,0,0,0,0,0,0,0,0,0,2,1.3,1e-4,7,250.000322400697
60,250.000090984018,0,0,0,0,0,0,0,0,0,0,0,0,0,3,1.3,1e-4,7,250.000090984018
90,250.000018876751,0,0,0,0,0,0,0,0,0,0,0,0,0,4,1.3,1e-4,7,250.000018876751
120,204.110042625992,0,0,0,0,0,0,0,0,0,0,57.9129918848896,57.9129918848896,0.0142866869232179,5,1.3,1e-4,7,319.95031308269444
150,108.439360627362,0,0,0,0,0,0,0,0,0,0,92.519601761588,92.5182464038205,0.043173943831033,6,1.3,1e-4,7,293.52038273660156
180,51.8961227696972,0,0,0,0,0,0,0,0,0,0,95.4617100513945,95.459199784475,0.0867113585236648,7,1.3,1e-4,7,242.90374396409038
210,21.4950562364422,0,0,0,0,0,0,0,0,0,0,85.8639868355237,85.8613492116714,0.148836837914658,8,1.3,1e-4,7,193.36922912155197
240,7.18513904492119,0,0,0,0,0,0,0,0,0,0,72.6899478878662,72.6880280508498,0.233655499931989,9,1.3,1e-4,7,152.79677048356916
270,1.8106485671337,0,0,0,0,0,0,0,0,0,0,61.7995582653236,61.7985575252757,0.344968723875577,10,1.3,1e-4,7,125.75373308160857
300,0.336154321542376,0,0,0,0,0,0,0,0,0,0,55.8590115096034,55.8586065613509,0.486614110434971,11,1.3,1e-4,7,112.54038650293165
330,0.0901130124337691,0,0,0,0,0,0,0,0,0,0,6.85050019259917,6.84994517826319,0.463789092149699,12,1.3,1e-4,7,14.254347475445828
360,0.0646734795638639,0,0,0,0,0,0,0,0,0,0,6.63203717295617,6.63083265185003,2.3277313989858,13,1.3,1e-4,7,15.655274703355863
390,0.233506739348029,0,0,0,0,0,0,0,0,0,0,20.7933253914554,20.7892569767233,13.0521137688655,14,1.3,1e-4,7,54.86820287639223
420,0.400842568151398,0,0,0,0,0,0,0,0,0,0,37.1312767016034,37.1242399889871,46.6660957480356,15,1.3,1e-4,7,121.3224550067775
450,0.462127380402465,0,0,0,0,0,0,0,0,0,0,42.229862552891,42.2223803523507,89.6489538349211,16,1.3,1e-4,7,174.56332412056526
480,0.462904544260649,0,0,0,0,0,0,0,0,0,0,42.3604672521464,42.3536409505475,121.79018124862,17,1.3,1e-4,7,206.96719399557455
510,0.419826926492127,0,0,0,0,0,0,0,0,0,0,38.3505281026695,38.344907501551,146.622210568691,18,1.3,1e-4,7,223.73747309940362
540,0.375732823736239,0,0,0,0,0,0,0,0,0,0,34.2958011136711,34.2912124864317,163.997562011531,19,1.3,1e-4,7,232.96030843537002
570,0.334677436595947,0,0,0,0,0,0,0,0,0,0,30.5239287847272,30.5201679968985,176.88576949714,20,1.3,1e-4,7,238.26454371536164
600,0.299467349965514,0,0,0,0,0,0,0,0,0,0,27.2947160462975,27.2915929209366,186.634546296673,21,1.3,1e-4,7,241.5203226138726
630,0.26967245024787,0,0,0,0,0,0,0,0,0,0,24.564795278396,24.5621646363658,194.2342094529,22,1.3,1e-4,7,243.63084181790967
660,0.244527103200027,0,0,0,0,0,0,0,0,0,0,22.2627553754538,22.2605091011826,200.296620972671,23,1.3,1e-4,7,245.06441255250743
690,0.223205534082772,0,0,0,0,0,0,0,0,0,0,20.3120402680113,20.3100983203624,205.231205709725,24,1.3,1e-4,7,246.07654983218148
720,0.204999548068181,0,0,0,0,0,0,0,0,0,0,18.6472776095423,18.6455801818747,209.3166806956,25,1.3,1e-4,7,246.8145380350852
750,0.189332193723943,0,0,0,0,0,0,0,0,0,0,17.215317957007102,17.213819771643,212.748934469489,26,1.3,1e-4,7,247.36740439186303
780,0.175743823198395,0,0,0,0,0,0,0,0,0,0,15.9738805854433,15.9725468643476,215.669059949827,27,1.3,1e-4,7,247.7912312228163
810,0.163870029064033,0,0,0,0,0,0,0,0,0,0,14.8894812508644,14.8882848959213,218.180989802974,28,1.3,1e-4,7,248.12262597882375
840,0.153421354093415,0,0,0,0,0,0,0,0,0,0,13.9355450595923,13.9344646678133,220.362799172112,29,1.3,1e-4,7,248.38623025361102
870,0.144166633283908,0,0,0,0,0,0,0,0,0,0,13.0908634681051,13.089881919484,222.274169493306,30,1.3,1e-4,7,248.599081514179
900,0.135919965711616,0,0,0,0,0,0,0,0,0,0,12.338390599444,12.3374940391513,223.961435446308,31,1.3,1e-4,7,248.77324005061493
930,0.128530709780027,0,0,0,0,0,0,0,0,0,0,11.6643204807679,11.6634975755807,225.46107366641,32,1.3,1e-4,7,248.91742243253861
960,0.121875845105984,0,0,0,0,0,0,0,0,0,0,11.057383459547,11.0566248473135,226.802162166784,33,1.3,1e-4,7,249.03804631875047
990,0.115854137520227,0,0,0,0,0,0,0,0,0,0,10.5083092468801,10.5076071236249,228.008145285038,34,1.3,1e-4,7,249.13991579306324
1020,0.110381663706515,0,0,0,0,0,0,0,0,0,0,10.0094154109565,10.0087632174143,229.098120873939,35,1.3,1e-4,7,249.2266811660163
1050,0.105388358755201,0,0,0,0,0,0,0,0,0,0,9.55429014010852,9.55368232099304,230.087792980087,36,1.3,1e-4,7,249.30115379994376
1080,0.100815334928303,0,0,0,0,0,0,0,0,0,0,9.13754601189,9.13697782902413,230.990186499315,37,1.3,1e-4,7,249.36552567515744
1110,0.0966127845017664,0,0,0,0,0,0,0,0,0,0,8.75462749676314,8.75409488255188,231.816189943205,38,1.3,1e-4,7,249.42152510702178
1140,0.0927383275523417,0,0,0,0,0,0,0,0,0,0,8.40165936945179,8.40115881090508,232.574972375687,39,1.3,1e-4,7,249.47052888359622
1170,0.0891557009245149,0,0,0,0,0,0,0,0,0,0,8.07532647027031,8.07485491639694,233.274307073125,40,1.3,1e-4,7,249.51364416071675
1200,0.085833710613884,0,0,0,0,0,0,0,0,0,0,7.77277765902889,7.77233244628299,233.920825231474,41,1.3,1e-4,7,249.55176904739977
1230,0.0827453889472468,0,0,0,0,0,0,0,0,0,0,7.49154856957326,7.49112736137158,234.520216643489,42,1.3,1e-4,7,249.5856379633811
1260,0.0798673120878028,0,0,0,0,0,0,0,0,0,0,7.22949907664815,7.22909981394867,235.077389769894,43,1.3,1e-4,7,249.61585597257863
1290,0.0771790439028753,0,0,0,0,0,0,0,0,0,0,6.98476235439365,6.98438321503901,235.596600425768,44,1.3,1e-4,7,249.64292503910355
1320,0.0746626800829214,0,0,0,0,0,0,0,0,0,0,6.75570312825244,6.75534249331146,236.081555996522,45,1.3,1e-4,7,249.66726429816885
1350,0.0723024723030099,0,0,0,0,0,0,0,0,0,0,6.54088326490285,6.54053969063887,236.535500417981,46,1.3,1e-4,7,249.68922584582575
1380,0.0700845166837057,0,0,0,0,0,0,0,0,0,0,6.33903325534484,6.33870544973903,236.961283918859,47,1.3,1e-4,7,249.7091071406266
1410,0.0679964942089569,0,0,0,0,0,0,0,0,0,0,6.14902845873751,6.14871526172249,237.361420605614,48,1.3,1e-4,7,249.72716082028296
1440,0.0660274533648048,0,0,0,0,0,0,0,0,0,0,5.96986921396801,5.96956958070208,237.738136281006,49,1.3,1e-4,7,249.7436025290409
1470,0.0641676272727371,0,0,0,0,0,0,0,0,0,0,5.80066411048556,5.80037709713269,238.093408367005,50,1.3,1e-4,7,249.758617201896
1500,0.0624082791512288,0,0,0,0,0,0,0,0,0,0,5.64061585309917,5.64034060468517,238.428999405659,51,1.3,1e-4,7,249.77236414259457
1530,0.0607415711565959,0,0,0,0,0,0,0,0,0,0,5.48900926716474,5.48874500716232,238.746485306611,52,1.3,1e-4,7,249.78498115209464
1560,0.0591604526102968,0,0,0,0,0,0,0,0,0,0,5.34520107828768,5.34494709964824,239.047279273882,53,1.3,1e-4,7,249.7965879044282
1590,0.0576585643746608,0,0,0,0,0,0,0,0,0,0,5.20861116989712,5.20836682729857,239.332652160726,54,1.3,1e-4,7,249.80728872229636
1620,0.0562301567382621,0,0,0,0,0,0,0,0,0,0,5.07871507699225,5.07847978011376,239.603749857115,55,1.3,1e-4,7,249.81717487095926
1650,0.0548700186503591,0,0,0,0,0,0,0,0,0,0,4.95503751819926,4.95481072586626,239.861608200652,56,1.3,1e-4,7,249.82632646336788
1680,0.05357341652734,0,0,0,0,0,0,0,0,0,0,4.83714680342735,4.83692801849762,240.107165811369,57,1.3,1e-4,7,249.8348140498213
1710,0.0523360411632091,0,0,0,0,0,0,0,0,0,0,4.72464998273628,4.72443874761897,240.341275178782,58,1.3,1e-4,7,249.84269995030047
1740,0.051153961526405,0,0,0,0,0,0,0,0,0,0,4.61718862495562,4.61698451767314,240.564712271711,59,1.3,1e-4,7,249.85003937586615
1770,0.0500235844287884,0,0,0,0,0,0,0,0,0,0,4.51443513324065,4.51423776395754,240.778184894711,60,1.3,1e-4,7,249.85688137633798
1800,0.0489416192188897,0,0,0,0,0,0,0,0,0,0,4.41608951997682,4.41589852793187,240.98233997713,61,1.3,1e-4,7,249.8632696442576
1830,0.0479050467878858,0,0,0,0,0,0,0,0,0,0,4.32187657593247,4.32169162671994,241.177769950006,62,1.3,1e-4,7,249.8692431994463
1860,0.0469110922890778,0,0,0,0,0,0,0,0,0,0,4.23154337884209,4.23136416199632,241.365018340828,63,1.3,1e-4,7,249.87483697395547
1890,0.0459572010644907,0,0,0,0,0,0,0,0,0,0,4.14485709510185,4.14468332194612,241.544584695476,64,1.3,1e-4,7,249.88008231358847
1920,0.0450410173492575,0,0,0,0,0,0,0,0,0,0,4.06160303531133,4.06143443703744,241.716928919586,65,1.3,1e-4,7,249.88500740928401
1950,0.0441603653886145,0,0,0,0,0,0,0,0,0,0,3.9815829302667902,3.98141925621707,241.882475117455,66,1.3,1e-4,7,249.88963766932747
1980,0.0433132326559494,0,0,0,0,0,0,0,0,0,0,3.90461339891876,3.90445441504543,242.041614994847,67,1.3,1e-4,7,249.89399604146715
0,250,0,0,0,0,0,0,0,0,0,0,0,0,0,1,1.3,1e-4,8,250
30,250.000322400697,0,0,0,0,0,0,0,0,0,0,0,0,0,2,1.3,1e-4,8,250.000322400697
60,250.000090984018,0,0,0,0,0,0,0,0,0,0,0,0,0,3,1.3,1e-4,8,250.000090984018
90,250.000018876751,0,0,0,0,0,0,0,0,0,0,0,0,0,4,1.3,1e-4,8,250.000018876751
120,204.110042625992,0,0,0,0,0,0,0,0,0,0,57.9129918848896,57.9129918848896,0.0142866869232179,5,1.3,1e-4,8,319.95031308269444
150,108.439360627362,0,0,0,0,0,0,0,0,0,0,92.519601761588,92.5182464038205,0.043173943831033,6,1.3,1e-4,8,293.52038273660156
180,51.8961227696972,0,0,0,0,0,0,0,0,0,0,95.4617100513945,95.459199784475,0.0867113585236648,7,1.3,1e-4,8,242.90374396409038
210,21.4950562364422,0,0,0,0,0,0,0,0,0,0,85.8639868355237,85.8613492116714,0.148836837914658,8,1.3,1e-4,8,193.36922912155197
240,7.18513904492119,0,0,0,0,0,0,0,0,0,0,72.6899478878662,72.6880280508498,0.233655499931989,9,1.3,1e-4,8,152.79677048356916
270,1.8106485671337,0,0,0,0,0,0,0,0,0,0,61.7995582653236,61.7985575252757,0.344968723875577,10,1.3,1e-4,8,125.75373308160857
300,0.336154321542376,0,0,0,0,0,0,0,0,0,0,55.8590115096034,55.8586065613509,0.486614110434971,11,1.3,1e-4,8,112.54038650293165
330,0.0529337934273278,0,0,0,0,0,0,0,0,0,0,53.9347648194306,53.9345621263484,0.667746931199315,12,1.3,1e-4,8,108.59000767040564
360,0.0168976410983996,0,0,0,0,0,0,0,0,0,0,7.00088609136954,7.00026988463062,0.617677714577092,13,1.3,1e-4,8,14.63573133167565
390,0.0129567210412969,0,0,0,0,0,0,0,0,0,0,7.49324010608463,7.49185712741981,3.45177394929133,14,1.3,1e-4,8,18.44982790383707
420,0.047946532202652097,0,0,0,0,0,0,0,0,0,0,23.7677456131326,23.7630906091373,17.4634179395552,15,1.3,1e-4,8,65.04220069402776
450,0.0760609192593601,0,0,0,0,0,0,0,0,0,0,39.3942097813573,39.3867991987937,53.8826923617759,16,1.3,1e-4,8,132.73976226118626
480,0.0829382205579365,0,0,0,0,0,0,0,0,0,0,42.4107238645294,42.4033014710438,96.7858310085893,17,1.3,1e-4,8,181.68279456472044
510,0.0815494542873423,0,0,0,0,0,0,0,0,0,0,41.8137672425295,41.807127875357,127.114260388963,18,1.3,1e-4,8,210.81670496113685
540,0.073452948536260207,0,0,0,0,0,0,0,0,0,0,37.6265645477298,37.6211298051136,150.496142293889,19,1.3,1e-4,8,225.81728959526865
570,0.0656081465503533,0,0,0,0,0,0,0,0,0,0,33.6048846152955,33.6004481277487,166.863790556344,20,1.3,1e-4,8,234.13473144593854
600,0.0584389881482557,0,0,0,0,0,0,0,0,0,0,29.925485802434,29.9218424407078,179.063460386119,21,1.3,1e-4,8,238.96922761740905
630,0.0523277045760749,0,0,0,0,0,0,0,0,0,0,26.7909579550164,26.7879246328021,188.336276411401,22,1.3,1e-4,8,241.96748670379557
660,0.0471656604186018,0,0,0,0,0,0,0,0,0,0,24.1436898774604,24.1411283758128,195.596693136683,23,1.3,1e-4,8,243.9286770503748
690,0.0428092031049575,0,0,0,0,0,0,0,0,0,0,21.9099540480589,21.9077616825479,201.410462702349,24,1.3,1e-4,8,245.27098763606077
720,0.0391124636447631,0,0,0,0,0,0,0,0,0,0,20.0147323189347,20.0128330025186,206.158074810314,25,1.3,1e-4,8,246.22475259541207
750,0.0359525882217226,0,0,0,0,0,0,0,0,0,0,18.394930333535,18.3932670923342,210.099773539476,26,1.3,1e-4,8,246.9239235535669
780,0.0332302038015854,0,0,0,0,0,0,0,0,0,0,16.9995282074581,16.9980577978305,213.419290188793,27,1.3,1e-4,8,247.4501063978832
810,0.030866361574267,0,0,0,0,0,0,0,0,0,0,15.7880054090882,15.7866945280671,216.249495348769,28,1.3,1e-4,8,247.85506164749856
840,0.0287985190741318,0,0,0,0,0,0,0,0,0,0,14.7282689132857,14.7270915462851,218.688618661665,29,1.3,1e-4,8,248.17277764030993
870,0.026976986274927,0,0,0,0,0,0,0,0,0,0,13.7948252802037,13.7937608311219,220.810689312994,30,1.3,1e-4,8,248.42625241059451
900,0.0253620510434914,0,0,0,0,0,0,0,0,0,0,12.967303132952,12.9663350908664,222.672459738992,31,1.3,1e-4,8,248.63146001385388
930,0.0239217459072276,0,0,0,0,0,0,0,0,0,0,12.2293058974699,12.228420873341,224.318105369926,32,1.3,1e-4,8,248.79975388664414
960,0.0226301381914062,0,0,0,0,0,0,0,0,0,0,11.5675337126655,11.5667207338735,225.782484789208,33,1.3,1e-4,8,248.9393693739384
990,0.0214660261341016,0,0,0,0,0,0,0,0,0,0,10.9711140051921,10.9703639919715,227.093445423889,34,1.3,1e-4,8,249.0563894471867
1020,0.0204119429674849,0,0,0,0,0,0,0,0,0,0,10.4310902820236,10.4303956539035,228.273483035631,35,1.3,1e-4,8,249.15538091452558
1050,0.0194533927596983,0,0,0,0,0,0,0,0,0,0,9.94002995217604,9.93938432854964,229.34095526379,36,1.3,1e-4,8,249.23982293727536
1080,0.0185782604957624,0,0,0,0,0,0,0,0,0,0,9.49172161323851,9.49111958294777,230.310982020005,37,1.3,1e-4,8,249.31240147668706
1110,0.0177763535258632,0,0,0,0,0,0,0,0,0,0,9.08093977654883,9.0803767186828,231.196122463103,38,1.3,1e-4,8,249.3752153118605
1140,0.0170390425494633,0,0,0,0,0,0,0,0,0,0,8.70326068168744,8.70273262482008,232.006890230938,39,1.3,1e-4,8,249.429922579995
1170,0.0163589784784097,0,0,0,0,0,0,0,0,0,0,8.35491705246247,8.35442056305385,232.75214999732,40,1.3,1e-4,8,249.47784659131474
1200,0.0157298675332778,0,0,0,0,0,0,0,0,0,0,8.03268273495212,8.03221482810084,233.439425868631,41,1.3,1e-4,8,249.52005329921724
1230,0.0151462913423656,0,0,0,0,0,0,0,0,0,0,7.73378042601233,7.73333849350168,234.075143533106,42,1.3,1e-4,8,249.55740874396238
1260,0.0146035620629327,0,0,0,0,0,0,0,0,0,0,7.45580736974184,7.45538912158729,234.664822096326,43,1.3,1e-4,8,249.59062214971806
1290,0.0140976049468695,0,0,0,0,0,0,0,0,0,0,7.19667513299463,7.1962785496204,235.213227323844,44,1.3,1e-4,8,249.6202786114059
1320,0.013624862558499,0,0,0,0,0,0,0,0,0,0,6.95456048765506,6.9541837805055,235.724495006715,45,1.3,1e-4,8,249.64686413743405
1350,0.013182216187104,0,0,0,0,0,0,0,0,0,0,6.72786511258993,6.72750669148395,236.20223099682,46,1.3,1e-4,8,249.670785017081
1380,0.0127669210010855,0,0,0,0,0,0,0,0,0,0,6.51518234364985,6.51484078956436,236.649592876385,47,1.3,1e-4,8,249.69238293060027
1410,0.0123765522511861,0,0,0,0,0,0,0,0,0,0,6.31526959038322,6.31494363263626,237.069357059669,48,1.3,1e-4,8,249.71194683493965
1440,0.0120089604098482,0,0,0,0,0,0,0,0,0,0,6.12702533556776,6.12671383258979,237.463974256675,49,1.3,1e-4,8,249.72972238524238
1470,0.0116622335784196,0,0,0,0,0,0,0,0,0,0,5.94946986180909,5.94917178485759,237.835615576857,50,1.3,1e-4,8,249.7459194571021
1500,0.011334665837147,0,0,0,0,0,0,0,0,0,0,5.78172902555353,5.78144344485598,238.186211057116,51,1.3,1e-4,8,249.76071819336266
1530,0.0110247304794704,0,0,0,0,0,0,0,0,0,0,5.62302053562547,5.62274660853588,238.517482021396,52,1.3,1e-4,8,249.77427389603682
1560,0.0107310572804254,0,0,0,0,0,0,0,0,0,0,5.47264230024903,5.47237926108316,238.830968389279,53,1.3,1e-4,8,249.78672100789163
1590,0.0104524131126339,0,0,0,0,0,0,0,0,0,0,5.32996249047756,5.32970964175365,239.128051826322,54,1.3,1e-4,8,249.79817637166585
1620,0.0101876853527143,0,0,0,0,0,0,0,0,0,0,5.19441103430174,5.19416773916399,239.409975453602,55,1.3,1e-4,8,249.80874191242043
1650,0.0099358676237123,0,0,0,0,0,0,0,0,0,0,5.06547230841902,5.06523798406028,239.677860696381,56,1.3,1e-4,8,249.81850685648402
1680,0.00969604750122424,0,0,0,0,0,0,0,0,0,0,4.94267883674248,4.94245294867467,239.932721743075,57,1.3,1e-4,8,249.82754957599337
1710,0.00946739587676614,0,0,0,0,0,0,0,0,0,0,4.82560583851328,4.82538789556001,240.175477999367,58,1.3,1e-4,8,249.83593912931704
1740,0.00924915772506827,0,0,0,0,0,0,0,0,0,0,4.71386649612889,4.71365604603536,240.406964853292,59,1.3,1e-4,8,249.84373655318132
1770,0.00904064406502664,0,0,0,0,0,0,0,0,0,0,4.607107834876,4.6069044604487,240.627943011681,60,1.3,1e-4,8,249.85099595107073
1800,0.00884122493907895,0,0,0,0,0,0,0,0,0,0,4.50500712472456,4.504810440427,240.839106623618,61,1.3,1e-4,8,249.85776541370862
1830,0.00865032326441147,0,0,0,0,0,0,0,0,0,0,4.40726872902484,4.40707837796722,241.041090370249,62,1.3,1e-4,8,249.86408780050547
1860,0.00846740943290894,0,0,0,0,0,0,0,0,0,0,4.31362133700258,4.31343698827286,241.234475670681,63,1.3,1e-4,8,249.87000140538936
1890,0.00829199655612961,0,0,0,0,0,0,0,0,0,0,4.22381552687954,4.22363687317121,241.419796129525,64,1.3,1e-4,8,249.87554052613189
1920,0.00812363626761053,0,0,0,0,0,0,0,0,0,0,4.13762161466237,4.13744837016075,241.597542331686,65,1.3,1e-4,8,249.88073595277672
1950,0.00796191500811234,0,0,0,0,0,0,0,0,0,0,4.05482775046383,4.05465964895847,241.768166073583,66,1.3,1e-4,8,249.8856153880134
1980,0.00780645073049781,0,0,0,0,0,0,0,0,0,0,3.97523822990431,3.9750750230995,241.932084106364,67,1.3,1e-4,8,249.89020381009828
0,250,0,0,0,0,0,0,0,0,0,0,0,0,0,1,1.3,1e-4,9,250
30,250.000322400697,0,0,0,0,0,0,0,0,0,0,0,0,0,2,1.3,1e-4,9,250.000322400697
60,250.000090984018,0,0,0,0,0,0,0,0,0,0,0,0,0,3,1.3,1e-4,9,250.000090984018
90,250.000018876751,0,0,0,0,0,0,0,0,0,0,0,0,0,4,1.3,1e-4,9,250.000018876751
120,204.110042625992,0,0,0,0,0,0,0,0,0,0,57.9129918848896,57.9129918848896,0.0142866869232179,5,1.3,1e-4,9,319.95031308269444
150,108.439360627362,0,0,0,0,0,0,0,0,0,0,92.519601761588,92.5182464038205,0.043173943831033,6,1.3,1e-4,9,293.52038273660156
180,51.8961227696972,0,0,0,0,0,0,0,0,0,0,95.4617100513945,95.459199784475,0.0867113585236648,7,1.3,1e-4,9,242.90374396409038
210,21.4950562364422,0,0,0,0,0,0,0,0,0,0,85.8639868355237,85.8613492116714,0.148836837914658,8,1.3,1e-4,9,193.36922912155197
240,7.18513904492119,0,0,0,0,0,0,0,0,0,0,72.6899478878662,72.6880280508498,0.233655499931989,9,1.3,1e-4,9,152.79677048356916
270,1.8106485671337,0,0,0,0,0,0,0,0,0,0,61.7995582653236,61.7985575252757,0.344968723875577,10,1.3,1e-4,9,125.75373308160857
300,0.336154321542376,0,0,0,0,0,0,0,0,0,0,55.8590115096034,55.8586065613509,0.486614110434971,11,1.3,1e-4,9,112.54038650293165
330,0.0529337934273278,0,0,0,0,0,0,0,0,0,0,53.9347648194306,53.9345621263484,0.667746931199315,12,1.3,1e-4,9,108.59000767040564
360,0.00914752422065998,0,0,0,0,0,0,0,0,0,0,53.7771331688268,53.7769372148159,0.902920936271381,13,1.3,1e-4,9,108.46613884413475
390,0.00352774731752581,0,0,0,0,0,0,0,0,0,0,8.04667641257632,8.0458869572888,0.84231927139365,14,1.3,1e-4,9,16.938410388576298
420,0.00282547410359208,0,0,0,0,0,0,0,0,0,0,9.19941488896002,9.19770579206047,4.92629737524859,15,1.3,1e-4,9,23.326243530372672
450,0.00956846011957591,0,0,0,0,0,0,0,0,0,0,26.6166994984019,26.611502954854,21.8456025917462,16,1.3,1e-4,9,75.08337350512167
480,0.0140948568242718,0,0,0,0,0,0,0,0,0,0,40.8443564860962,40.8367357103137,59.6740544783037,17,1.3,1e-4,9,141.36924153153788
510,0.0148693558898163,0,0,0,0,0,0,0,0,0,0,42.6106637118936,42.6032913976965,101.47354733443,18,1.3,1e-4,9,186.7023717999099
540,0.0143972850521402,0,0,0,0,0,0,0,0,0,0,41.3629157086827,41.3564263560413,130.616532334237,19,1.3,1e-4,9,213.35027168401314
570,0.0129272135583882,0,0,0,0,0,0,0,0,0,0,37.1124558095225,37.1071574107174,152.939215298707,20,1.3,1e-4,9,227.1717557325053
600,0.011534680722254,0,0,0,0,0,0,0,0,0,0,33.114875362572,33.1105496363778,168.660856214675,21,1.3,1e-4,9,234.89781589434705
630,0.0102780544381994,0,0,0,0,0,0,0,0,0,0,29.5029529885663,29.4993950482122,180.417381455937,22,1.3,1e-4,9,239.4300075471537
660,0.00920985628916921,0,0,0,0,0,0,0,0,0,0,26.4338394145961,26.4308718419497,189.388455325872,23,1.3,1e-4,9,242.26237643870698
690,0.00830821681076013,0,0,0,0,0,0,0,0,0,0,23.8433099595304,23.8407995302367,196.434451551674,24,1.3,1e-4,9,244.12686925825184
720,0.00754698827892527,0,0,0,0,0,0,0,0,0,0,21.6563506132206,21.6541984757182,202.091569923614,25,1.3,1e-4,9,245.40966600083172
750,0.00690052822076433,0,0,0,0,0,0,0,0,0,0,19.7991932208277,19.7973260607006,206.721662834647,26,1.3,1e-4,9,246.32508264439605
780,0.00634743667164653,0,0,0,0,0,0,0,0,0,0,18.210326830652,18.2086896617345,210.573205723403,27,1.3,1e-4,9,246.99856965246113
810,0.00587046640826392,0,0,0,0,0,0,0,0,0,0,16.8401782610935,16.8387292717339,213.822199325218,28,1.3,1e-4,9,247.50697732445366
840,0.00545593012423534,0,0,0,0,0,0,0,0,0,0,15.6494115663538,15.6481184969659,216.596294952147,29,1.3,1e-4,9,247.89928094559093
870,0.00509298487834792,0,0,0,0,0,0,0,0,0,0,14.6068674422367,14.6057050488189,218.990105629744,30,1.3,1e-4,9,248.20777110567795
900,0.00477301137370152,0,0,0,0,0,0,0,0,0,0,13.6877781776619,13.6867264412691,221.075096879898,31,1.3,1e-4,9,248.4543745102027
930,0.00448911567362521,0,0,0,0,0,0,0,0,0,0,12.8723348834842,12.8713777314544,222.906166656228,32,1.3,1e-4,9,248.65436838684025
960,0.00423574330098037,0,0,0,0,0,0,0,0,0,0,12.1445781018254,12.1437024822887,224.526124359905,33,1.3,1e-4,9,248.81864068732008
990,0.00400838411950922,0,0,0,0,0,0,0,0,0,0,11.4915494944473,11.4907446973836,225.968805795265,34,1.3,1e-4,9,248.95510837121543
1020,0.00380334732839454,0,0,0,0,0,0,0,0,0,0,10.9026451298882,10.9019022824057,227.261281234868,35,1.3,1e-4,9,249.0696319944903
1050,0.00361758954392931,0,0,0,0,0,0,0,0,0,0,10.3691213892741,10.368433075615,228.425447965843,36,1.3,1e-4,9,249.16662002027604
1080,0.00344858280736356,0,0,0,0,0,0,0,0,0,0,9.88371564221723,9.88307561421652,229.479197095647,37,1.3,1e-4,9,249.2494369348881
1110,0.00329421261099065,0,0,0,0,0,0,0,0,0,0,9.44035320446964,9.43975615843929,230.437280777811,38,1.3,1e-4,9,249.3206843533309
1140,0.00315269856603433,0,0,0,0,0,0,0,0,0,0,9.03391937071335,9.03336077369049,231.311965291003,39,1.3,1e-4,9,249.38239813397286
1170,0.00302253223687774,0,0,0,0,0,0,0,0,0,0,8.6600807826106,8.65955673570988,232.113528816033,40,1.3,1e-4,9,249.43618886659036
1200,0.00290242807149093,0,0,0,0,0,0,0,0,0,0,8.31514443292726,8.31465156288052,232.850645079248,41,1.3,1e-4,9,249.4833435031273
1230,0.00279128439064904,0,0,0,0,0,0,0,0,0,0,7.99594557559581,7.99548094792198,233.530682082066,42,1.3,1e-4,9,249.52489988997442
1260,0.00268815215706506,0,0,0,0,0,0,0,0,0,0,7.69975799211731,7.69931904104807,234.159936933886,43,1.3,1e-4,9,249.56170211920843
1290,0.00259220980412147,0,0,0,0,0,0,0,0,0,0,7.42422167026086,7.4238061417615,234.743822093712,44,1.3,1e-4,9,249.59444211553847
1320,0.00250274281699873,0,0,0,0,0,0,0,0,0,0,7.167284138422,7.16689004353296,235.287014295163,45,1.3,1e-4,9,249.62369121993495
1350,0.00241912706620639,0,0,0,0,0,0,0,0,0,0,6.92715258195888,6.92677815833485,235.793574549834,46,1.3,1e-4,9,249.64992441719394
1380,0.0023408151233629,0,0,0,0,0,0,0,0,0,0,6.70225452838353,6.70189820839232,236.267045542686,47,1.3,1e-4,9,249.6735390945852
1410,0.00226732496212217,0,0,0,0,0,0,0,0,0,0,6.49120538562046,6.49086576972765,236.710531212557,48,1.3,1e-4,9,249.69486969286723
1440,0.0021982305782907,0,0,0,0,0,0,0,0,0,0,6.29278149442688,6.29245732886768,237.126762188693,49,1.3,1e-4,9,249.71419924256585
1470,0.00213315416321055,0,0,0,0,0,0,0,0,0,0,6.10589764353084,6.10558780148113,237.518149917994,50,1.3,1e-4,9,249.7317685171692
1500,0.00207175954127542,0,0,0,0,0,0,0,0,0,0,5.92958821671422,5.92929168233396,237.886831689126,51,1.3,1e-4,9,249.74778334771545
1530,0.00201374664176901,0,0,0,0,0,0,0,0,0,0,5.76299131153171,5.76270716637969,238.234708283039,52,1.3,1e-4,9,249.76242050759217
1560,0.00195884682132352,0,0,0,0,0,0,0,0,0,0,5.60533530184778,5.60506271326434,238.563475615247,53,1.3,1e-4,9,249.77583247718044
1590,0.00190681888934641,0,0,0,0,0,0,0,0,0,0,5.45592741996453,5.45566563109541,238.874651454826,54,1.3,1e-4,9,249.78815132477527
1620,0.0018574457171151,0,0,0,0,0,0,0,0,0,0,5.3141440155733,5.31389233676889,239.169598087573,55,1.3,1e-4,9,249.7994918856323
1650,0.00181053133365705,0,0,0,0,0,0,0,0,0,0,5.17942221317987,5.17918001455222,239.449541621065,56,1.3,1e-4,9,249.80995438013076
1680,0.00176589842935666,0,0,0,0,0,0,0,0,0,0,5.05125274086349,5.051019445822,239.71558849586,57,1.3,1e-4,9,249.81962658097484
1710,0.00172338620247348,0,0,0,0,0,0,0,0,0,0,4.92917374415491,4.92894882377285,239.968739661704,58,1.3,1e-4,9,249.82858561583424
1740,0.0016828484951954901,0,0,0,0,0,0,0,0,0,0,4.81276543168454,4.81254839977359,240.209902793685,59,1.3,1e-4,9,249.8368994736383
1770,0.00164415217508234,0,0,0,0,0,0,0,0,0,0,4.70164542577488,4.70143583456522,240.439902856251,60,1.3,1e-4,9,249.84462826876617
1800,0.00160717572523721,0,0,0,0,0,0,0,0,0,0,4.5954647126525,4.59526214899279,240.659491269114,61,1.3,1e-4,9,249.85182530648453
1830,0.00157180801264019,0,0,0,0,0,0,0,0,0,0,4.49390410446416,4.49370818646923,240.869353885502,62,1.3,1e-4,9,249.85853798444802
1860,0.00153794720905994,0,0,0,0,0,0,0,0,0,0,4.3966711396001,4.39648151368559,241.070117957915,63,1.3,1e-4,9,249.86480855840975
1890,0.00150549984305288,0,0,0,0,0,0,0,0,0,0,4.30349735958597,4.30331369783838,241.262358237665,64,1.3,1e-4,9,249.87067479493243
1920,0.00147437996493356,0,0,0,0,0,0,0,0,0,0,4.21413591049846,4.2139579083368,241.446602330954,65,1.3,1e-4,9,249.87617052975418
1950,0.00144450840939225,0,0,0,0,0,0,0,0,0,0,4.12835942488228,4.12818679897405,241.623335414731,66,1.3,1e-4,9,249.8813261469967
1980,0.00141581214275513,0,0,0,0,0,0,0,0,0,0,4.04595814681039,4.04579063320985,241.793004399629,67,1.3,1e-4,9,249.886168991792
0,250,0,0,0,0,0,0,0,0,0,0,0,0,0,1,1.4,0,10,250
30,250.000322400697,0,0,0,0,0,0,0,0,0,0,0,0,0,2,1.4,0,10,250.000322400697
60,250.000090984018,0,0,0,0,0,0,0,0,0,0,0,0,0,3,1.4,0,10,250.000090984018
90,250.000018876751,0,0,0,0,0,0,0,0,0,0,0,0,0,4,1.4,0,10,250.000018876751
120,201.868270003025,0,0,0,0,0,0,0,0,0,0,61.739623909303,61.739623909303,0,5,1.4,0,10,325.347517821631
150,103.464284742023,0,0,0,0,0,0,0,0,0,0,96.8740604633981,96.8740604633981,0,6,1.4,0,10,297.2124056688192
180,47.1656799638172,0,0,0,0,0,0,0,0,0,0,98.4539327743978,98.4539327743978,0,7,1.4,0,10,244.07354551261278
210,18.3055386255429,0,0,0,0,0,0,0,0,0,0,87.5259262847387,87.5259262847387,0,8,1.4,0,10,193.3573911950203
240,5.60076150282859,0,0,0,0,0,0,0,0,0,0,73.9482401365311,73.9482401365311,0,9,1.4,0,10,153.49724177589079
270,1.24585353745858,0,0,0,0,0,0,0,0,0,0,63.6050863591288,63.6050863591288,0,10,1.4,0,10,128.45602625571618
300,0.190715676760079,0,0,0,0,0,0,0,0,0,0,58.4196403759742,58.4196403759742,0,11,1.4,0,10,117.02999642870847
330,0.0209694813715128,0,0,0,0,0,0,0,0,0,0,56.7838535061805,56.7838535061805,0,12,1.4,0,10,113.5886764937325
360,0.00186709880620038,0,0,0,0,0,0,0,0,0,0,56.4578553675092,56.4578553675092,0,13,1.4,0,10,112.9175778338246
390,1.4799526801882e-4,0,0,0,0,0,0,0,0,0,0,56.4123047578082,56.4123047578082,0,14,1.4,0,10,112.82475751088442
420,1.28543742314695e-5,0,0,0,0,0,0,0,0,0,0,3.33170543919032,3.33170543919032,0,15,1.4,0,10,6.663423732754872
450,1.85693914113707e-6,0,0,0,0,0,0,0,0,0,0,0.196914065483438,0.196914065483438,0,16,1.4,0,10,0.39382998790601714
480,2.23712129473185e-7,0,0,0,0,0,0,0,0,0,0,0.0116678113138063,0.0116678113138063,0,17,1.4,0,10,0.023335846339742075
510,2.05281655346554e-8,0,0,0,0,0,0,0,0,0,0,6.9398768753417e-4,6.9398768753417e-4,0,18,1.4,0,10,0.0013879959032338746
540,1.6484189243058202e-9,0,0,0,0,0,0,0,0,0,0,4.14384444771303e-5,4.14384444771303e-5,0,19,1.4,0,10,8.28785373731849e-5
570,1.23253169910726e-10,0,0,0,0,0,0,0,0,0,0,2.48367086820225e-6,2.48367086820225e-6,0,20,1.4,0,10,4.9674649895744106e-6
600,8.819902536883659e-12,0,0,0,0,0,0,0,0,0,0,1.49403096459022e-7,1.49403096459022e-7,0,21,1.4,0,10,2.988150128205809e-7
630,6.12718960033702e-13,0,0,0,0,0,0,0,0,0,0,9.01830265520904e-9,9.01830265520904e-9,0,22,1.4,0,10,1.8037218029378115e-8
660,4.1669518960751903e-14,0,0,0,0,0,0,0,0,0,0,5.46141193857763e-10,5.46141193857763e-10,0,23,1.4,0,10,1.0923240572344867e-9
690,2.7889618392712502e-15,0,0,0,0,0,0,0,0,0,0,3.31747929490131e-11,3.31747929490131e-11,0,24,1.4,0,10,6.635237485986547e-11
720,1.84370851095783e-16,0,0,0,0,0,0,0,0,0,0,2.02086948752841e-12,2.02086948752841e-12,0,25,1.4,0,10,4.041923345907916e-12
750,1.20689635147827e-17,0,0,0,0,0,0,0,0,0,0,1.23423059979797e-13,1.23423059979797e-13,0,26,1.4,0,10,2.468581889231088e-13
780,7.83761816115915e-19,0,0,0,0,0,0,0,0,0,0,7.55584890745709e-15,7.55584890745709e-15,0,27,1.4,0,10,1.5112481576730297e-14
810,5.0564411520606795e-20,0,0,0,0,0,0,0,0,0,0,4.63555241635962e-16,4.63555241635962e-16,0,28,1.4,0,10,9.271610476834445e-16
840,3.2443262631477998e-21,0,0,0,0,0,0,0,0,0,0,2.84941878624933e-17,2.84941878624933e-17,0,29,1.4,0,10,5.699162005124975e-17
870,2.07202607200784e-22,0,0,0,0,0,0,0,0,0,0,1.75451458406462e-18,1.75451458406462e-18,0,30,1.4,0,10,3.5092363707364406e-18
900,1.31812306177794e-23,0,0,0,0,0,0,0,0,0,0,1.0819766610697899e-19,1.0819766610697899e-19,0,31,1.4,0,10,2.1640851344457576e-19
930,8.35699643701505e-25,0,0,0,0,0,0,0,0,0,0,6.6812673597176105e-21,6.6812673597176105e-21,0,32,1.4,0,10,1.3363370419078923e-20
960,5.282978213951419e-26,0,0,0,0,0,0,0,0,0,0,4.1305281866742397e-22,4.1305281866742397e-22,0,33,1.4,0,10,8.261584671169874e-22
990,3.3312656170855e-27,0,0,0,0,0,0,0,0,0,0,2.55617096966978e-23,2.55617096966978e-23,0,34,1.4,0,10,5.112675065901268e-23
1020,2.09595810368116e-28,0,0,0,0,0,0,0,0,0,0,1.58325042393275e-24,1.58325042393275e-24,0,35,1.4,0,10,3.1667104436758682e-24
1050,1.31619010778604e-29,0,0,0,0,0,0,0,0,0,0,9.813603080752799e-26,9.813603080752799e-26,0,36,1.4,0,10,1.9628522351613385e-25
1080,8.25125198574855e-31,0,0,0,0,0,0,0,0,0,0,6.0866168984348e-27,6.0866168984348e-27,0,37,1.4,0,10,1.2174058922068174e-26
1110,5.16505065611102e-32,0,0,0,0,0,0,0,0,0,0,3.7769991128324297e-28,3.7769991128324297e-28,0,38,1.4,0,10,7.55451473073047e-28
1140,3.22893527837402e-33,0,0,0,0,0,0,0,0,0,0,2.3447746915759e-29,2.3447746915759e-29,0,39,1.4,0,10,4.6898722766796377e-29
1170,2.01623316853758e-34,0,0,0,0,0,0,0,0,0,0,1.4561403564642999e-30,1.4561403564642999e-30,0,40,1.4,0,10,2.9124823362454534e-30
1200,1.25770022295781e-35,0,0,0,0,0,0,0,0,0,0,9.04528208850567e-32,9.04528208850567e-32,0,41,1.4,0,10,1.8091821877234298e-31
1230,7.83826084696605e-37,0,0,0,0,0,0,0,0,0,0,5.61992538336593e-33,5.61992538336593e-33,0,42,1.4,0,10,1.1240634592816556e-32
1260,4.881054267715671e-38,0,0,0,0,0,0,0,0,0,0,3.4922466023850396e-34,3.4922466023850396e-34,0,43,1.4,0,10,6.9849813101968505e-34
1290,3.03737801249984e-39,0,0,0,0,0,0,0,0,0,0,2.1703248999129098e-35,2.1703248999129098e-35,0,44,1.4,0,10,4.3409535376270696e-35
1320,1.88890774424461e-40,0,0,0,0,0,0,0,0,0,0,1.3488776378109499e-36,1.3488776378109499e-36,0,45,1.4,0,10,2.6979441663963243e-36
1350,1.17403437104134e-41,0,0,0,0,0,0,0,0,0,0,8.38365384633961e-38,8.38365384633961e-38,0,46,1.4,0,10,1.6768481727050261e-37
1380,7.293517970801419e-43,0,0,0,0,0,0,0,0,0,0,5.21068021405529e-39,5.21068021405529e-39,0,47,1.4,0,10,1.042208977990766e-38
1410,4.529022447065899e-44,0,0,0,0,0,0,0,0,0,0,3.23850927546043e-40,3.23850927546043e-40,0,48,1.4,0,10,6.4774714531655666e-40
1440,2.81128821847154e-45,0,0,0,0,0,0,0,0,0,0,2.01268885959789e-41,2.01268885959789e-41,0,49,1.4,0,10,4.0256588480176274e-41
1470,1.7444547164153302e-46,0,0,0,0,0,0,0,0,0,0,1.2507819810500799e-42,1.2507819810500799e-42,0,50,1.4,0,10,2.5017384075718014e-42
1500,1.0821445984274201e-47,0,0,0,0,0,0,0,0,0,0,7.77238214489918e-44,7.77238214489918e-44,0,51,1.4,0,10,1.5545846434396787e-43
1530,6.711168200295469e-49,0,0,0,0,0,0,0,0,0,0,4.82935924911562e-45,4.82935924911562e-45,0,52,1.4,0,10,9.65938961505127e-45
1560,4.16114136947252e-50,0,0,0,0,0,0,0,0,0,0,3.00043378957085e-46,3.00043378957085e-46,0,53,1.4,0,10,6.0012836932786476e-46
1590,2.57953321126547e-51,0,0,0,0,0,0,0,0,0,0,1.8639531129100302e-47,1.8639531129100302e-47,0,54,1.4,0,10,3.7281641791411867e-47
1620,1.5988050903928901e-52,0,0,0,0,0,0,0,0,0,0,1.1578181089875899e-48,1.1578181089875899e-48,0,55,1.4,0,10,2.315796098484219e-48
1650,9.907997650810689e-54,0,0,0,0,0,0,0,0,0,0,7.19115747656141e-50,7.19115747656141e-50,0,56,1.4,0,10,1.4383305752887901e-49
1680,6.13933568249284e-55,0,0,0,0,0,0,0,0,0,0,4.46590654910278e-51,4.46590654910278e-51,0,57,1.4,0,10,8.93242703177381e-51
1710,3.8037339588088497e-56,0,0,0,0,0,0,0,0,0,0,2.77314504059894e-52,2.77314504059894e-52,0,58,1.4,0,10,5.546670454593761e-52
1740,2.35645649414123e-57,0,0,0,0,0,0,0,0,0,0,1.72182029967181e-53,1.72182029967181e-53,0,59,1.4,0,10,3.443876244993034e-53
1770,1.4597407316674801e-58,0,0,0,0,0,0,0,0,0,0,1.0689462245279199e-54,1.0689462245279199e-54,0,60,1.4,0,10,2.1380384231290065e-54
1800,9.042005822697529e-60,0,0,0,0,0,0,0,0,0,0,6.63555850720529e-56,6.63555850720529e-56,0,61,1.4,0,10,1.327202121499285e-55
1830,5.60056301820169e-61,0,0,0,0,0,0,0,0,0,0,4.11863902947335e-57,4.11863902947335e-57,0,62,1.4,0,10,8.23783811524852e-57
1860,3.46881348891936e-62,0,0,0,0,0,0,0,0,0,0,2.5561469879701998e-58,2.5561469879701998e-58,0,63,1.4,0,10,5.112640857289292e-58
1890,2.1484068967588998e-63,0,0,0,0,0,0,0,0,0,0,1.5862627867937201e-59,1.5862627867937201e-59,0,64,1.4,0,10,3.172740414277116e-59
1920,1.33058292407969e-64,0,0,0,0,0,0,0,0,0,0,9.84290194646172e-61,9.84290194646172e-61,0,65,1.4,0,10,1.968713447584752e-60
1950,8.24062650364519e-66,0,0,0,0,0,0,0,0,0,0,6.10704994443665e-62,6.10704994443665e-62,0,66,1.4,0,10,1.2214923951523665e-61
1980,5.1035698129333706e-67,0,0,0,0,0,0,0,0,0,0,3.78880031761323e-63,3.78880031761323e-63,0,67,1.4,0,10,7.578110992207753e-63
0,250,0,0,0,0,0,0,0,0,0,0,0,0,0,1,1.4,0,11,250
30,250.000322400697,0,0,0,0,0,0,0,0,0,0,0,0,0,2,1.4,0,11,250.000322400697
60,250.000090984018,0,0,0,0,0,0,0,0,0,0,0,0,0,3,1.4,0,11,250.000090984018
90,250.000018876751,0,0,0,0,0,0,0,0,0,0,0,0,0,4,1.4,0,11,250.000018876751
120,201.868270003025,0,0,0,0,0,0,0,0,0,0,61.739623909303,61.739623909303,0,5,1.4,0,11,325.347517821631
150,103.464284742023,0,0,0,0,0,0,0,0,0,0,96.8740604633981,96.8740604633981,0,6,1.4,0,11,297.2124056688192
180,47.1656799638172,0,0,0,0,0,0,0,0,0,0,98.4539327743978,98.4539327743978,0,7,1.4,0,11,244.07354551261278
210,18.3055386255429,0,0,0,0,0,0,0,0,0,0,87.5259262847387,87.5259262847387,0,8,1.4,0,11,193.3573911950203
240,5.60076150282859,0,0,0,0,0,0,0,0,0,0,73.9482401365311,73.9482401365311,0,9,1.4,0,11,153.49724177589079
270,1.24585353745858,0,0,0,0,0,0,0,0,0,0,63.6050863591288,63.6050863591288,0,10,1.4,0,11,128.45602625571618
300,0.190715676760079,0,0,0,0,0,0,0,0,0,0,58.4196403759742,58.4196403759742,0,11,1.4,0,11,117.02999642870847
330,0.0209694813715128,0,0,0,0,0,0,0,0,0,0,56.7838535061805,56.7838535061805,0,12,1.4,0,11,113.5886764937325
360,0.00186709880620038,0,0,0,0,0,0,0,0,0,0,56.4578553675092,56.4578553675092,0,13,1.4,0,11,112.9175778338246
390,1.4799526801882e-4,0,0,0,0,0,0,0,0,0,0,56.4123047578082,56.4123047578082,0,14,1.4,0,11,112.82475751088442
420,1.0972634650124e-5,0,0,0,0,0,0,0,0,0,0,56.4072386714965,56.4072386714965,0,15,1.4,0,11,112.81448831562766
450,8.90999829423945e-7,0,0,0,0,0,0,0,0,0,0,3.33104396474465,3.33104396474465,0,16,1.4,0,11,6.66208882048913
480,1.174394134311e-7,0,0,0,0,0,0,0,0,0,0,0.196719432208415,0.196719432208415,0,17,1.4,0,11,0.39343898185624343
510,1.36642864732921e-8,0,0,0,0,0,0,0,0,0,0,0.0116193548897237,0.0116193548897237,0,18,1.4,0,11,0.023238723443733872
540,1.23778446492397e-9,0,0,0,0,0,0,0,0,0,0,6.8646082977688e-4,6.8646082977688e-4,0,19,1.4,0,11,0.001372922897338225
570,9.868804390161419e-11,0,0,0,0,0,0,0,0,0,0,4.0565067954563e-5,4.0565067954563e-5,0,20,1.4,0,11,8.11302345971699e-5
600,7.34020525859508e-12,0,0,0,0,0,0,0,0,0,0,2.39767918682451e-6,2.39767918682451e-6,0,21,1.4,0,11,4.795365713854279e-6
630,5.22814296468352e-13,0,0,0,0,0,0,0,0,0,0,1.41752940004002e-7,1.41752940004002e-7,0,22,1.4,0,11,2.835064028223005e-7
660,3.61533457953625e-14,0,0,0,0,0,0,0,0,0,0,8.38252589329661e-9,8.38252589329661e-9,0,23,1.4,0,11,1.6765087939939014e-8
690,2.44695358754972e-15,0,0,0,0,0,0,0,0,0,0,4.95814466751086e-10,4.95814466751086e-10,0,24,1.4,0,11,9.916313804557597e-10
720,1.6293870016129e-16,0,0,0,0,0,0,0,0,0,0,2.9333543206803e-11,2.9333543206803e-11,0,25,1.4,0,11,5.866724935230616e-11
750,1.07118841930888e-17,0,0,0,0,0,0,0,0,0,0,1.7358428898056699e-12,1.7358428898056699e-12,0,26,1.4,0,11,3.471696491495533e-12
780,6.969954144552069e-19,0,0,0,0,0,0,0,0,0,0,1.0274396671213e-13,1.0274396671213e-13,0,27,1.4,0,11,2.0548863041967445e-13
810,4.4968636813787795e-20,0,0,0,0,0,0,0,0,0,0,6.0827739248866605e-15,6.0827739248866605e-15,0,28,1.4,0,11,1.2165592818410134e-14
840,2.8807494377509402e-21,0,0,0,0,0,0,0,0,0,0,3.60201743169103e-16,3.60201743169103e-16,0,29,1.4,0,11,7.204063670876437e-16
870,1.8343504594586098e-22,0,0,0,0,0,0,0,0,0,0,2.13347734466723e-17,2.13347734466723e-17,0,30,1.4,0,11,4.266973032839055e-17
900,1.16200482629571e-23,0,0,0,0,0,0,0,0,0,0,1.2639433315533e-18,1.2639433315533e-18,0,31,1.4,0,11,2.527898283154863e-18
930,7.327876045544529e-25,0,0,0,0,0,0,0,0,0,0,7.489687797979389e-20,7.489687797979389e-20,0,32,1.4,0,11,1.4979448874719234e-19
960,4.60292930639519e-26,0,0,0,0,0,0,0,0,0,0,4.43910610078006e-21,4.43910610078006e-21,0,33,1.4,0,11,8.878258230853183e-21
990,2.88121827700935e-27,0,0,0,0,0,0,0,0,0,0,2.63161372418681e-22,2.63161372418681e-22,0,34,1.4,0,11,5.26325626055639e-22
1020,1.79792128109092e-28,0,0,0,0,0,0,0,0,0,0,1.5604240315489598e-23,1.5604240315489598e-23,0,35,1.4,0,11,3.1208660423107303e-23
1050,1.11881665364971e-29,0,0,0,0,0,0,0,0,0,0,9.254564971042689e-25,9.254564971042689e-25,0,36,1.4,0,11,1.850924182375074e-24
1080,6.944822959113619e-31,0,0,0,0,0,0,0,0,0,0,5.48985986196164e-26,5.48985986196164e-26,0,37,1.4,0,11,1.097978917215287e-25
1110,4.30111251526412e-32,0,0,0,0,0,0,0,0,0,0,3.25729670985757e-27,3.25729670985757e-27,0,38,1.4,0,11,6.514636430840293e-27
1140,2.6583201034469697e-33,0,0,0,0,0,0,0,0,0,0,1.9330500522154898e-28,1.9330500522154898e-28,0,39,1.4,0,11,3.866126687632014e-28
1170,1.6399045552064e-34,0,0,0,0,0,0,0,0,0,0,1.1474069174672799e-29,1.1474069174672799e-29,0,40,1.4,0,11,2.294830233980112e-29
1200,1.0099108993642499e-35,0,0,0,0,0,0,0,0,0,0,6.812072327650359e-31,6.812072327650359e-31,0,41,1.4,0,11,1.3624245646390654e-30
1230,6.20956258366493e-37,0,0,0,0,0,0,0,0,0,0,4.04508139254579e-32,4.04508139254579e-32,0,42,1.4,0,11,8.090224880717417e-32
1260,3.81246465893401e-38,0,0,0,0,0,0,0,0,0,0,2.4024827763154698e-33,2.4024827763154698e-33,0,43,1.4,0,11,4.805003677277529e-33
1290,2.33757233809406e-39,0,0,0,0,0,0,0,0,0,0,1.4271744259080099e-34,1.4271744259080099e-34,0,44,1.4,0,11,2.8543722275394006e-34
1320,1.4314666013359399e-40,0,0,0,0,0,0,0,0,0,0,8.479618339995059e-36,8.479618339995059e-36,0,45,1.4,0,11,1.6959379826650252e-35
1350,8.755732254635039e-42,0,0,0,0,0,0,0,0,0,0,5.03914362969316e-37,5.03914362969316e-37,0,46,1.4,0,11,1.0078374816708866e-36
1380,5.349746576550859e-43,0,0,0,0,0,0,0,0,0,0,2.99513933918144e-38,2.99513933918144e-38,0,47,1.4,0,11,5.990332175828645e-38
1410,3.26538601808754e-44,0,0,0,0,0,0,0,0,0,0,1.78055687693602e-39,1.78055687693602e-39,0,48,1.4,0,11,3.561146407732221e-39
1440,1.9912447503615198e-45,0,0,0,0,0,0,0,0,0,0,1.0586973903623398e-40,1.0586973903623398e-40,0,49,1.4,0,11,2.117414693172183e-40
1470,1.2131911359990999e-46,0,0,0,0,0,0,0,0,0,0,6.29598431692429e-42,6.29598431692429e-42,0,50,1.4,0,11,1.259208995296218e-41
1500,7.38536073907673e-48,0,0,0,0,0,0,0,0,0,0,3.744810578148779e-43,3.744810578148779e-43,0,51,1.4,0,11,7.48969500990495e-43
1530,4.49234952601484e-49,0,0,0,0,0,0,0,0,0,0,2.2277635954733197e-44,2.2277635954733197e-44,0,52,1.4,0,11,4.4555721144418995e-44
1560,2.730576673107e-50,0,0,0,0,0,0,0,0,0,0,1.3255007574035198e-45,1.3255007574035198e-45,0,53,1.4,0,11,2.651028820573771e-45
1590,1.65856429785659e-51,0,0,0,0,0,0,0,0,0,0,7.88789424739084e-47,7.88789424739084e-47,0,54,1.4,0,11,1.5775954351211465e-46
1620,1.0067555262069201e-52,0,0,0,0,0,0,0,0,0,0,4.6947339616068296e-48,4.6947339616068296e-48,0,55,1.4,0,11,9.38956859876628e-48
1650,6.10723885001509e-54,0,0,0,0,0,0,0,0,0,0,2.79465554078783e-49,2.79465554078783e-49,0,56,1.4,0,11,5.58937215396416e-49
1680,3.70262062819044e-55,0,0,0,0,0,0,0,0,0,0,1.6638399869988499e-50,1.6638399869988499e-50,0,57,1.4,0,11,3.3277170002039817e-50
1710,2.24352118379089e-56,0,0,0,0,0,0,0,0,0,0,9.90739280989388e-52,9.90739280989388e-52,0,58,1.4,0,11,1.981500997190614e-51
1740,1.35868900713975e-57,0,0,0,0,0,0,0,0,0,0,5.90024903410861e-53,5.90024903410861e-53,0,59,1.4,0,11,1.1800633937117933e-52
1770,8.22413646640565e-59,0,0,0,0,0,0,0,0,0,0,3.51433390667752e-54,3.51433390667752e-54,0,60,1.4,0,11,7.028750054719705e-54
1800,4.9756700156016797e-60,0,0,0,0,0,0,0,0,0,0,2.0935146856992498e-55,2.0935146856992498e-55,0,61,1.4,0,11,4.1870791280986555e-55
1830,3.0089418774308204e-61,0,0,0,0,0,0,0,0,0,0,1.24729133183387e-56,1.24729133183387e-56,0,62,1.4,0,11,2.494612753086514e-56
1860,1.81880566496943e-62,0,0,0,0,0,0,0,0,0,0,7.432198515485491e-58,7.432198515485491e-58,0,63,1.4,0,11,1.4864578911537479e-57
1890,1.09894962043011e-63,0,0,0,0,0,0,0,0,0,0,4.4291747180445e-59,4.4291747180445e-59,0,64,1.4,0,11,8.858459331051043e-59
1920,6.63737609338879e-65,0,0,0,0,0,0,0,0,0,0,2.6398731326620297e-60,2.6398731326620297e-60,0,65,1.4,0,11,5.279812639084993e-60
1950,4.00728197659878e-66,0,0,0,0,0,0,0,0,0,0,1.5736083865532e-61,1.5736083865532e-61,0,66,1.4,0,11,3.1472568459261656e-61
1980,2.4184963074120603e-67,0,0,0,0,0,0,0,0,0,0,9.38128369263515e-63,9.38128369263515e-63,0,67,1.4,0,11,1.876280923490104e-62
0,250,0,0,0,0,0,0,0,0,0,0,0,0,0,1,1.4,0,12,250
30,250.000322400697,0,0,0,0,0,0,0,0,0,0,0,0,0,2,1.4,0,12,250.000322400697
60,250.000090984018,0,0,0,0,0,0,0,0,0,0,0,0,0,3,1.4,0,12,250.000090984018
90,250.000018876751,0,0,0,0,0,0,0,0,0,0,0,0,0,4,1.4,0,12,250.000018876751
120,201.868270003025,0,0,0,0,0,0,0,0,0,0,61.739623909303,61.739623909303,0,5,1.4,0,12,325.347517821631
150,103.464284742023,0,0,0,0,0,0,0,0,0,0,96.8740604633981,96.8740604633981,0,6,1.4,0,12,297.2124056688192
180,47.1656799638172,0,0,0,0,0,0,0,0,0,0,98.4539327743978,98.4539327743978,0,7,1.4,0,12,244.07354551261278
210,18.3055386255429,0,0,0,0,0,0,0,0,0,0,87.5259262847387,87.5259262847387,0,8,1.4,0,12,193.3573911950203
240,5.60076150282859,0,0,0,0,0,0,0,0,0,0,73.9482401365311,73.9482401365311,0,9,1.4,0,12,153.49724177589079
270,1.24585353745858,0,0,0,0,0,0,0,0,0,0,63.6050863591288,63.6050863591288,0,10,1.4,0,12,128.45602625571618
300,0.190715676760079,0,0,0,0,0,0,0,0,0,0,58.4196403759742,58.4196403759742,0,11,1.4,0,12,117.02999642870847
330,0.0209694813715128,0,0,0,0,0,0,0,0,0,0,56.7838535061805,56.7838535061805,0,12,1.4,0,12,113.5886764937325
360,0.00186709880620038,0,0,0,0,0,0,0,0,0,0,56.4578553675092,56.4578553675092,0,13,1.4,0,12,112.9175778338246
390,1.4799526801882e-4,0,0,0,0,0,0,0,0,0,0,56.4123047578082,56.4123047578082,0,14,1.4,0,12,112.82475751088442
420,1.0972634650124e-5,0,0,0,0,0,0,0,0,0,0,56.4072386714965,56.4072386714965,0,15,1.4,0,12,112.81448831562766
450,7.79864185484106e-7,0,0,0,0,0,0,0,0,0,0,56.4067499193416,56.4067499193416,0,16,1.4,0,12,112.81350061854738
480,6.04053437808258e-8,0,0,0,0,0,0,0,0,0,0,3.33098833873994,3.33098833873994,0,17,1.4,0,12,6.661976737885224
510,7.3950761833581606e-9,0,0,0,0,0,0,0,0,0,0,0.196705527658643,0.196705527658643,0,18,1.4,0,12,0.39341106271236215
540,8.34049186513896e-10,0,0,0,0,0,0,0,0,0,0,0.0116162025082885,0.0116162025082885,0,19,1.4,0,12,0.02323240585062619
570,7.46919645616415e-11,0,0,0,0,0,0,0,0,0,0,6.8598980906057e-4,6.8598980906057e-4,0,20,1.4,0,12,0.0013719796928131046
600,5.921493806921949e-12,0,0,0,0,0,0,0,0,0,0,4.05113980648531e-5,4.05113980648531e-5,0,21,1.4,0,12,8.10228020512e-5
630,4.38925613374496e-13,0,0,0,0,0,0,0,0,0,0,2.39244998544246e-6,2.39244998544246e-6,0,22,1.4,0,12,4.784900409810533e-6
660,3.11902259620139e-14,0,0,0,0,0,0,0,0,0,0,1.4129102314381e-7,1.4129102314381e-7,0,23,1.4,0,12,2.8258207747784596e-7
690,2.1531173895722e-15,0,0,0,0,0,0,0,0,0,0,8.34434664093219e-9,8.34434664093219e-9,0,24,1.4,0,12,1.668869543498177e-8
720,1.45528503467972e-16,0,0,0,0,0,0,0,0,0,0,4.92806205491901e-10,4.92806205491901e-10,0,25,1.4,0,12,9.856125565123053e-10
750,9.67936777745296e-18,0,0,0,0,0,0,0,0,0,0,2.9104896580676697e-11,2.9104896580676697e-11,0,26,1.4,0,12,5.820980284072117e-11
780,6.356996372018109e-19,0,0,0,0,0,0,0,0,0,0,1.71894512700729e-12,1.71894512700729e-12,0,27,1.4,0,12,3.4378908897142172e-12
810,4.1325732537421e-20,0,0,0,0,0,0,0,0,0,0,1.01522902160282e-13,1.01522902160282e-13,0,28,1.4,0,12,2.0304584564629654e-13
840,2.6639843521689602e-21,0,0,0,0,0,0,0,0,0,0,5.996144512544641e-15,5.996144512544641e-15,0,29,1.4,0,12,1.1992291689073635e-14
870,1.70520087377336e-22,0,0,0,0,0,0,0,0,0,0,3.54149156723316e-16,3.54149156723316e-16,0,30,1.4,0,12,7.082984839667194e-16
900,1.0849511969079499e-23,0,0,0,0,0,0,0,0,0,0,2.09173365491962e-17,2.09173365491962e-17,0,31,1.4,0,12,4.183468394790437e-17
930,6.867492306253879e-25,0,0,0,0,0,0,0,0,0,0,1.23547113862017e-18,1.23547113862017e-18,0,32,1.4,0,12,2.4709429639895704e-18
960,4.32744315400381e-26,0,0,0,0,0,0,0,0,0,0,7.297344852827729e-20,7.297344852827729e-20,0,33,1.4,0,12,1.4594694033098614e-19
990,2.7161156361202698e-27,0,0,0,0,0,0,0,0,0,0,4.31025712487387e-21,4.31025712487387e-21,0,34,1.4,0,12,8.620516965863377e-21
1020,1.6988154102644e-28,0,0,0,0,0,0,0,0,0,0,2.54593625341656e-22,2.54593625341656e-22,0,35,1.4,0,12,5.09187420564853e-22
1050,1.05923020810778e-29,0,0,0,0,0,0,0,0,0,0,1.50382710225021e-23,1.50382710225021e-23,0,36,1.4,0,12,3.0076552637306283e-23
1080,6.58597970179495e-31,0,0,0,0,0,0,0,0,0,0,8.88289075542776e-25,8.88289075542776e-25,0,37,1.4,0,12,1.776578809683522e-24
1110,4.0846550135371e-32,0,0,0,0,0,0,0,0,0,0,5.24706883923904e-26,5.24706883923904e-26,0,38,1.4,0,12,1.0494141763133093e-25
1140,2.52753830696125e-33,0,0,0,0,0,0,0,0,0,0,3.0994542201096998e-27,3.0994542201096998e-27,0,39,1.4,0,12,6.198910967757706e-27
1170,1.56076016459993e-34,0,0,0,0,0,0,0,0,0,0,1.8308792760212798e-28,1.8308792760212798e-28,0,40,1.4,0,12,3.6617601128027244e-28
1200,9.61939994034793e-36,0,0,0,0,0,0,0,0,0,0,1.08153407194167e-29,1.08153407194167e-29,0,41,1.4,0,12,2.1630691058233343e-29
1230,5.91835473063625e-37,0,0,0,0,0,0,0,0,0,0,6.38890913913584e-31,6.38890913913584e-31,0,42,1.4,0,12,1.277782419662641e-30
1260,3.63542351638914e-38,0,0,0,0,0,0,0,0,0,0,3.77415056683728e-32,3.77415056683728e-32,0,43,1.4,0,12,7.548304769098076e-32
1290,2.22978533735656e-39,0,0,0,0,0,0,0,0,0,0,2.2295526430804898e-33,2.2295526430804898e-33,0,44,1.4,0,12,4.4591075159463166e-33
1320,1.3657535294431298e-40,0,0,0,0,0,0,0,0,0,0,1.31711056599799e-34,1.31711056599799e-34,0,45,1.4,0,12,2.6342224977495094e-34
1350,8.354588523027769e-42,0,0,0,0,0,0,0,0,0,0,7.780951782682159e-36,7.780951782682159e-36,0,46,1.4,0,12,1.556191191995284e-35
1380,5.104570102172389e-43,0,0,0,0,0,0,0,0,0,0,4.59673212915796e-37,4.59673212915796e-37,0,47,1.4,0,12,9.193469362886022e-37
1410,3.1153642315033595e-44,0,0,0,0,0,0,0,0,0,0,2.71563654487262e-38,2.71563654487262e-38,0,48,1.4,0,12,5.431276205109472e-38
1440,1.8993497625750597e-45,0,0,0,0,0,0,0,0,0,0,1.60435348541301e-39,1.60435348541301e-39,0,49,1.4,0,12,3.2087088701757825e-39
1470,1.1568460675224401e-46,0,0,0,0,0,0,0,0,0,0,9.47838713194633e-41,9.47838713194633e-41,0,50,1.4,0,12,1.8956785832353335e-40
1500,7.039571811234819e-48,0,0,0,0,0,0,0,0,0,0,5.59982919109145e-42,5.59982919109145e-42,0,51,1.4,0,12,1.119966542175471e-41
1530,4.279965403676559e-49,0,0,0,0,0,0,0,0,0,0,3.3084232711023998e-43,3.3084232711023998e-43,0,52,1.4,0,12,6.6168508221702035e-43
1560,2.60003353625941e-50,0,0,0,0,0,0,0,0,0,0,1.9546693192869398e-44,1.9546693192869398e-44,0,53,1.4,0,12,3.9093412386074157e-44
1590,1.5782721387334e-51,0,0,0,0,0,0,0,0,0,0,1.1548656416911199e-45,1.1548656416911199e-45,0,54,1.4,0,12,2.3097328616543785e-45
1620,9.57341933731182e-53,0,0,0,0,0,0,0,0,0,0,6.82331707764853e-47,6.82331707764853e-47,0,55,1.4,0,12,1.3646643728716398e-46
1650,5.80298067059932e-54,0,0,0,0,0,0,0,0,0,0,4.03148980496738e-48,4.03148980496738e-48,0,56,1.4,0,12,8.062985412915431e-48
1680,3.5151944036765495e-55,0,0,0,0,0,0,0,0,0,0,2.38199853902487e-49,2.38199853902487e-49,0,57,1.4,0,12,4.7640005932441436e-49
1710,2.1280211999236597e-56,0,0,0,0,0,0,0,0,0,0,1.4074187093705799e-50,1.4074187093705799e-50,0,58,1.4,0,12,2.81483954676236e-50
1740,1.28749068873685e-57,0,0,0,0,0,0,0,0,0,0,8.31593421800703e-52,8.31593421800703e-52,0,59,1.4,0,12,1.663188131092095e-51
1770,7.78513276961181e-59,0,0,0,0,0,0,0,0,0,0,4.91365497586053e-53,4.91365497586053e-53,0,60,1.4,0,12,9.827317736853829e-53
1800,4.70492949812649e-60,0,0,0,0,0,0,0,0,0,0,2.9033818004134595e-54,2.9033818004134595e-54,0,61,1.4,0,12,5.806768305756417e-54
1830,2.8419472120049802e-61,0,0,0,0,0,0,0,0,0,0,1.71557422378356e-55,1.71557422378356e-55,0,62,1.4,0,12,3.431151289514332e-55
1860,1.7157918581737298e-62,0,0,0,0,0,0,0,0,0,0,1.0137263513995199e-56,1.0137263513995199e-56,0,63,1.4,0,12,2.027454418590898e-56
1890,1.03540005858191e-63,0,0,0,0,0,0,0,0,0,0,5.990151570460141e-58,5.990151570460141e-58,0,64,1.4,0,12,1.1980313494920868e-57
1920,6.24533077435763e-65,0,0,0,0,0,0,0,0,0,0,3.53965333221158e-59,3.53965333221158e-59,0,65,1.4,0,12,7.079312909753935e-59
1950,3.76542961700444e-66,0,0,0,0,0,0,0,0,0,0,2.09165224811183e-60,2.09165224811183e-60,0,66,1.4,0,12,4.183308261653277e-60
1980,2.2693062529420403e-67,0,0,0,0,0,0,0,0,0,0,1.2360158981579701e-61,1.2360158981579701e-61,0,67,1.4,0,12,2.4720340656221932e-61
0,250,0,0,0,0,0,0,0,0,0,0,0,0,0,1,1.4,0,13,250
30,250.000322400697,0,0,0,0,0,0,0,0,0,0,0,0,0,2,1.4,0,13,250.000322400697
60,250.000090984018,0,0,0,0,0,0,0,0,0,0,0,0,0,3,1.4,0,13,250.000090984018
90,250.000018876751,0,0,0,0,0,0,0,0,0,0,0,0,0,4,1.4,0,13,250.000018876751
120,201.868270003025,0,0,0,0,0,0,0,0,0,0,61.739623909303,61.739623909303,0,5,1.4,0,13,325.347517821631
150,103.464284742023,0,0,0,0,0,0,0,0,0,0,96.8740604633981,96.8740604633981,0,6,1.4,0,13,297.2124056688192
180,47.1656799638172,0,0,0,0,0,0,0,0,0,0,98.4539327743978,98.4539327743978,0,7,1.4,0,13,244.07354551261278
210,18.3055386255429,0,0,0,0,0,0,0,0,0,0,87.5259262847387,87.5259262847387,0,8,1.4,0,13,193.3573911950203
240,5.60076150282859,0,0,0,0,0,0,0,0,0,0,73.9482401365311,73.9482401365311,0,9,1.4,0,13,153.49724177589079
270,1.24585353745858,0,0,0,0,0,0,0,0,0,0,63.6050863591288,63.6050863591288,0,10,1.4,0,13,128.45602625571618
300,0.190715676760079,0,0,0,0,0,0,0,0,0,0,58.4196403759742,58.4196403759742,0,11,1.4,0,13,117.02999642870847
330,0.0209694813715128,0,0,0,0,0,0,0,0,0,0,56.7838535061805,56.7838535061805,0,12,1.4,0,13,113.5886764937325
360,0.00186709880620038,0,0,0,0,0,0,0,0,0,0,56.4578553675092,56.4578553675092,0,13,1.4,0,13,112.9175778338246
390,1.4799526801882e-4,0,0,0,0,0,0,0,0,0,0,56.4123047578082,56.4123047578082,0,14,1.4,0,13,112.82475751088442
420,1.0972634650124e-5,0,0,0,0,0,0,0,0,0,0,56.4072386714965,56.4072386714965,0,15,1.4,0,13,112.81448831562766
450,7.79864185484106e-7,0,0,0,0,0,0,0,0,0,0,56.4067499193416,56.4067499193416,0,16,1.4,0,13,112.81350061854738
480,5.38423870443169e-8,0,0,0,0,0,0,0,0,0,0,56.4067069483458,56.4067069483458,0,17,1.4,0,13,112.81341395053398
510,4.0270850123563405e-9,0,0,0,0,0,0,0,0,0,0,3.33098390367322,3.33098390367322,0,18,1.4,0,13,6.6619678113735254
540,4.63863608415865e-10,0,0,0,0,0,0,0,0,0,0,0.196704554071648,0.196704554071648,0,19,1.4,0,13,0.3934091086071596
570,5.08569807324883e-11,0,0,0,0,0,0,0,0,0,0,0.0116159985699757,0.0116159985699757,0,20,1.4,0,13,0.02323199719080838
600,4.50547641243133e-12,0,0,0,0,0,0,0,0,0,0,6.8596038267598e-4,6.8596038267598e-4,0,21,1.4,0,13,0.0013719207698574365
630,3.55271257699132e-13,0,0,0,0,0,0,0,0,0,0,4.0508100342209e-5,4.0508100342209e-5,0,22,1.4,0,13,8.101620103968926e-5
660,2.6249681803147e-14,0,0,0,0,0,0,0,0,0,0,2.39213165843305e-6,2.39213165843305e-6,0,23,1.4,0,13,4.7842633431157816e-6
690,1.86132922076408e-15,0,0,0,0,0,0,0,0,0,0,1.41263069472419e-7,1.41263069472419e-7,0,24,1.4,0,13,2.825261408061672e-7
720,1.28294810988643e-16,0,0,0,0,0,0,0,0,0,0,8.34204555211633e-9,8.34204555211633e-9,0,25,1.4,0,13,1.668409123252747e-8
750,8.661455768303449e-18,0,0,0,0,0,0,0,0,0,0,4.92625437555161e-10,4.92625437555161e-10,0,26,1.4,0,13,9.852508837717778e-10
780,5.75573071150899e-19,0,0,0,0,0,0,0,0,0,0,2.9091188777683298e-11,2.9091188777683298e-11,0,27,1.4,0,13,5.818237813093967e-11
810,3.7773921704447395e-20,0,0,0,0,0,0,0,0,0,0,1.7179339477920998e-12,1.7179339477920998e-12,0,28,1.4,0,13,3.4358679333581213e-12
840,2.45415631799701e-21,0,0,0,0,0,0,0,0,0,0,1.01449944393879e-13,1.01449944393879e-13,0,29,1.4,0,13,2.0289989124191433e-13
870,1.5812326318853e-22,0,0,0,0,0,0,0,0,0,0,5.9909752186479305e-15,5.9909752186479305e-15,0,30,1.4,0,13,1.1981950595419125e-14
900,1.0117035636608899e-23,0,0,0,0,0,0,0,0,0,0,3.53788401708167e-16,3.53788401708167e-16,0,31,1.4,0,13,7.075768135333696e-16
930,6.434663715626139e-25,0,0,0,0,0,0,0,0,0,0,2.08924810856811e-17,2.08924810856811e-17,0,32,1.4,0,13,4.1784962814828574e-17
960,4.07165500213732e-26,0,0,0,0,0,0,0,0,0,0,1.23377737622234e-18,1.23377737622234e-18,0,33,1.4,0,13,2.46755479316123e-18
990,2.56493715482498e-27,0,0,0,0,0,0,0,0,0,0,7.285912398458e-20,7.285912398458e-20,0,34,1.4,0,13,1.4571825053409715e-19
1020,1.60945451477917e-28,0,0,0,0,0,0,0,0,0,0,4.30260469107607e-21,4.30260469107607e-21,0,35,1.4,0,13,8.605209543097592e-21
1050,1.0064032127446099e-29,0,0,0,0,0,0,0,0,0,0,2.54085163057093e-22,2.54085163057093e-22,0,36,1.4,0,13,5.081703361782181e-22
1080,6.27364659059373e-31,0,0,0,0,0,0,0,0,0,0,1.50047071417321e-23,1.50047071417321e-23,0,37,1.4,0,13,3.000941491082886e-23
1110,3.899967860201e-32,0,0,0,0,0,0,0,0,0,0,8.860864577719149e-25,8.860864577719149e-25,0,38,1.4,0,13,1.7721729545435085e-24
1140,2.4183151618253e-33,0,0,0,0,0,0,0,0,0,0,5.23269032041663e-26,5.23269032041663e-26,0,39,1.4,0,13,1.0465380882664776e-25
1170,1.49615685787771e-34,0,0,0,0,0,0,0,0,0,0,3.09011274591519e-27,3.09011274591519e-27,0,40,1.4,0,13,6.180225641446066e-27
1200,9.2372272917804e-36,0,0,0,0,0,0,0,0,0,0,1.8248365702199099e-28,1.8248365702199099e-28,0,41,1.4,0,13,3.6496732328120925e-28
1230,5.69223841580768e-37,0,0,0,0,0,0,0,0,0,0,1.07764069726999e-29,1.07764069726999e-29,0,42,1.4,0,13,2.1552814514623642e-29
1260,3.50161793012312e-38,0,0,0,0,0,0,0,0,0,0,6.363914714354179e-31,6.363914714354179e-31,0,43,1.4,0,13,1.272782977887015e-30
1290,2.15059190008641e-39,0,0,0,0,0,0,0,0,0,0,3.7581583536259503e-32,3.7581583536259503e-32,0,44,1.4,0,13,7.516316922311091e-32
1320,1.3188744326325899e-40,0,0,0,0,0,0,0,0,0,0,2.21935184401725e-33,2.21935184401725e-33,0,45,1.4,0,13,4.438703819921943e-33
1350,8.07703496280434e-42,0,0,0,0,0,0,0,0,0,0,1.31062243927034e-34,1.31062243927034e-34,0,46,1.4,0,13,2.6212449593110295e-34
1380,4.940210812592659e-43,0,0,0,0,0,0,0,0,0,0,7.73979393634451e-36,7.73979393634451e-36,0,47,1.4,0,13,1.54795883667101e-35
1410,3.01801693713918e-44,0,0,0,0,0,0,0,0,0,0,4.57068777148749e-37,4.57068777148749e-37,0,48,1.4,0,13,9.141375844776673e-37
1440,1.84168136184848e-45,0,0,0,0,0,0,0,0,0,0,2.69919381547386e-38,2.69919381547386e-38,0,49,1.4,0,13,5.398387815115856e-38
1470,1.1226765805891101e-46,0,0,0,0,0,0,0,0,0,0,1.5939949572737e-39,1.5939949572737e-39,0,50,1.4,0,13,3.187990026815058e-39
1500,6.837070617342279e-48,0,0,0,0,0,0,0,0,0,0,9.41326259530345e-41,9.41326259530345e-41,0,51,1.4,0,13,1.882652587431396e-40
1530,4.1599305787514e-49,0,0,0,0,0,0,0,0,0,0,5.5589627379141294e-42,5.5589627379141294e-42,0,52,1.4,0,13,1.1117925891821316e-41
1560,2.52886642173914e-50,0,0,0,0,0,0,0,0,0,0,3.2828248310334594e-43,3.2828248310334594e-43,0,53,1.4,0,13,6.565649914953561e-43
1590,1.53606891266745e-51,0,0,0,0,0,0,0,0,0,0,1.9386616281381797e-44,1.9386616281381797e-44,0,54,1.4,0,13,3.877323409883251e-44
1620,9.32309226368951e-53,0,0,0,0,0,0,0,0,0,0,1.14487132236482e-45,1.14487132236482e-45,0,55,1.4,0,13,2.2897427379605625e-45
1650,5.6544666504492e-54,0,0,0,0,0,0,0,0,0,0,6.76101185337767e-47,6.76101185337767e-47,0,56,1.4,0,13,1.3522024272202006e-46
1680,3.4270639468022e-55,0,0,0,0,0,0,0,0,0,0,3.99270363835595e-48,3.99270363835595e-48,0,57,1.4,0,13,7.985407619418294e-48
1710,2.075711179088e-56,0,0,0,0,0,0,0,0,0,0,2.35788604170626e-49,2.35788604170626e-49,0,58,1.4,0,13,4.7157722909836375e-49
1740,1.25643470235023e-57,0,0,0,0,0,0,0,0,0,0,1.39244774193887e-50,1.39244774193887e-50,0,59,1.4,0,13,2.7848956095212104e-50
1770,7.60071257646203e-59,0,0,0,0,0,0,0,0,0,0,8.22309592913282e-52,8.22309592913282e-52,0,60,1.4,0,13,1.6446192618336897e-51
1800,4.59538883629145e-60,0,0,0,0,0,0,0,0,0,0,4.85615081382952e-53,4.85615081382952e-53,0,61,1.4,0,13,9.712302087197923e-53
1830,2.7768673072178803e-61,0,0,0,0,0,0,0,0,0,0,2.86780311831043e-54,2.86780311831043e-54,0,62,1.4,0,13,5.73560651430759e-54
1860,1.67711742855771e-62,0,0,0,0,0,0,0,0,0,0,1.6935844485036e-55,1.6935844485036e-55,0,63,1.4,0,13,3.387169064718943e-55
1890,1.01241174741245e-63,0,0,0,0,0,0,0,0,0,0,1.0001490784351099e-56,1.0001490784351099e-56,0,64,1.4,0,13,2.0002982581113945e-56
1920,6.10865330775527e-65,0,0,0,0,0,0,0,0,0,0,5.90640167691018e-58,5.90640167691018e-58,0,65,1.4,0,13,1.1812803964685691e-57
1950,3.68414770351616e-66,0,0,0,0,0,0,0,0,0,0,3.48804095714966e-59,3.48804095714966e-59,0,66,1.4,0,13,6.976082282714091e-59
1980,2.2209560406750503e-67,0,0,0,0,0,0,0,0,0,0,2.0598734050357698e-60,2.0598734050357698e-60,0,67,1.4,0,13,4.1197470321671435e-60
0,250,0,0,0,0,0,0,0,0,0,0,0,0,0,1,1.4,0,14,250
30,250.000322400697,0,0,0,0,0,0,0,0,0,0,0,0,0,2,1.4,0,14,250.000322400697
60,250.000090984018,0,0,0,0,0,0,0,0,0,0,0,0,0,3,1.4,0,14,250.000090984018
90,250.000018876751,0,0,0,0,0,0,0,0,0,0,0,0,0,4,1.4,0,14,250.000018876751
120,201.868270003025,0,0,0,0,0,0,0,0,0,0,61.739623909303,61.739623909303,0,5,1.4,0,14,325.347517821631
150,103.464284742023,0,0,0,0,0,0,0,0,0,0,96.8740604633981,96.8740604633981,0,6,1.4,0,14,297.2124056688192
180,47.1656799638172,0,0,0,0,0,0,0,0,0,0,98.4539327743978,98.4539327743978,0,7,1.4,0,14,244.07354551261278
210,18.3055386255429,0,0,0,0,0,0,0,0,0,0,87.5259262847387,87.5259262847387,0,8,1.4,0,14,193.3573911950203
240,5.60076150282859,0,0,0,0,0,0,0,0,0,0,73.9482401365311,73.9482401365311,0,9,1.4,0,14,153.49724177589079
270,1.24585353745858,0,0,0,0,0,0,0,0,0,0,63.6050863591288,63.6050863591288,0,10,1.4,0,14,128.45602625571618
300,0.190715676760079,0,0,0,0,0,0,0,0,0,0,58.4196403759742,58.4196403759742,0,11,1.4,0,14,117.02999642870847
330,0.0209694813715128,0,0,0,0,0,0,0,0,0,0,56.7838535061805,56.7838535061805,0,12,1.4,0,14,113.5886764937325
360,0.00186709880620038,0,0,0,0,0,0,0,0,0,0,56.4578553675092,56.4578553675092,0,13,1.4,0,14,112.9175778338246
390,1.4799526801882e-4,0,0,0,0,0,0,0,0,0,0,56.4123047578082,56.4123047578082,0,14,1.4,0,14,112.82475751088442
420,1.0972634650124e-5,0,0,0,0,0,0,0,0,0,0,56.4072386714965,56.4072386714965,0,15,1.4,0,14,112.81448831562766
450,7.79864185484106e-7,0,0,0,0,0,0,0,0,0,0,56.4067499193416,56.4067499193416,0,16,1.4,0,14,112.81350061854738
480,5.38423870443169e-8,0,0,0,0,0,0,0,0,0,0,56.4067069483458,56.4067069483458,0,17,1.4,0,14,112.81341395053398
510,3.63952259665965e-9,0,0,0,0,0,0,0,0,0,0,56.4067034055665,56.4067034055665,0,18,1.4,0,14,112.81340681477253
540,2.64973918247632e-10,0,0,0,0,0,0,0,0,0,0,3.33098356368732,3.33098356368732,0,19,1.4,0,14,6.661967127639614
570,2.89965550542457e-11,0,0,0,0,0,0,0,0,0,0,0.196704486974178,0.196704486974178,0,20,1.4,0,14,0.3934089739773525
600,3.0979781271596997e-12,0,0,0,0,0,0,0,0,0,0,0.0116159854413492,0.0116159854413492,0,21,1.4,0,14,0.02323197088579638
630,2.71655320980732e-13,0,0,0,0,0,0,0,0,0,0,6.8595854768131e-4,6.8595854768131e-4,0,22,1.4,0,14,0.0013719170956342753
660,2.13101296782901e-14,0,0,0,0,0,0,0,0,0,0,4.050789788738e-5,4.050789788738e-5,0,23,1.4,0,14,8.101579579607012e-5
690,1.5696263245297002e-15,0,0,0,0,0,0,0,0,0,0,2.39211228840261e-6,2.39211228840261e-6,0,24,1.4,0,14,4.784224578374847e-6
720,1.11068741156236e-16,0,0,0,0,0,0,0,0,0,0,1.41261378091237e-7,1.41261378091237e-7,0,25,1.4,0,14,2.825227562935427e-7
750,7.64419508437154e-18,0,0,0,0,0,0,0,0,0,0,8.341906861674581e-9,8.341906861674581e-9,0,26,1.4,0,14,1.6683813730993357e-8
780,5.15500037111147e-19,0,0,0,0,0,0,0,0,0,0,4.92614573209847e-10,4.92614573209847e-10,0,27,1.4,0,14,9.85229146935194e-10
810,3.42263732921813e-20,0,0,0,0,0,0,0,0,0,0,2.9090366697509396e-11,2.9090366697509396e-11,0,28,1.4,0,14,5.818073342924517e-11
840,2.24465887268152e-21,0,0,0,0,0,0,0,0,0,0,1.71787340823933e-12,1.71787340823933e-12,0,29,1.4,0,14,3.4357468187233187e-12
870,1.45751518555704e-22,0,0,0,0,0,0,0,0,0,0,1.01445582354164e-13,1.01445582354164e-13,0,30,1.4,0,14,2.028911648540795e-13
900,9.38642640315711e-24,0,0,0,0,0,0,0,0,0,0,5.9906665015277504e-15,5.9906665015277504e-15,0,31,1.4,0,14,1.1981333012441928e-14
930,6.003202722777709e-25,0,0,0,0,0,0,0,0,0,0,3.5376687725884497e-16,3.5376687725884497e-16,0,32,1.4,0,14,7.075337551180102e-16
960,3.81685450450672e-26,0,0,0,0,0,0,0,0,0,0,2.08909992755238e-17,2.08909992755238e-17,0,33,1.4,0,14,4.178199858921615e-17
990,2.41446313070275e-27,0,0,0,0,0,0,0,0,0,0,1.2336764690249299e-18,1.2336764690249299e-18,0,34,1.4,0,14,2.467352940464323e-18
1020,1.52059058636566e-28,0,0,0,0,0,0,0,0,0,0,7.28523171299159e-20,7.28523171299159e-20,0,35,1.4,0,14,1.4570463441189084e-19
1050,9.539233888485149e-30,0,0,0,0,0,0,0,0,0,0,4.30214930985238e-21,4.30214930985238e-21,0,36,1.4,0,14,8.604298629243993e-21
1080,5.963717532247469e-31,0,0,0,0,0,0,0,0,0,0,2.54054919805187e-22,2.54054919805187e-22,0,37,1.4,0,14,5.081098402067457e-22
1110,3.71693230109469e-32,0,0,0,0,0,0,0,0,0,0,1.5002711615380298e-23,1.5002711615380298e-23,0,38,1.4,0,14,3.000542326792992e-23
1140,2.3102185533898197e-33,0,0,0,0,0,0,0,0,0,0,8.85955552262397e-25,8.85955552262397e-25,0,39,1.4,0,14,1.7719111068350124e-24
1170,1.4323169474571199e-34,0,0,0,0,0,0,0,0,0,0,5.23183607704364e-26,5.23183607704364e-26,0,40,1.4,0,14,1.046367216841045e-25
1200,8.8601969937253e-36,0,0,0,0,0,0,0,0,0,0,3.08955793558851e-27,3.08955793558851e-27,0,41,1.4,0,14,6.179115880037217e-27
1230,5.46956714188635e-37,0,0,0,0,0,0,0,0,0,0,1.82447778597656e-28,1.82447778597656e-28,0,42,1.4,0,14,3.648955577422687e-28
1260,3.37010868821636e-38,0,0,0,0,0,0,0,0,0,0,1.07740959163226e-29,1.07740959163226e-29,0,43,1.4,0,14,2.154819186634629e-29
1290,2.07292201351625e-39,0,0,0,0,0,0,0,0,0,0,6.362431450913869e-31,6.362431450913869e-31,0,44,1.4,0,14,1.272486292255696e-30
1320,1.2730018109291099e-40,0,0,0,0,0,0,0,0,0,0,3.75720953797771e-32,3.75720953797771e-32,0,45,1.4,0,14,7.514419088685439e-32
1350,7.806103698380959e-42,0,0,0,0,0,0,0,0,0,0,2.2187467651284798e-33,2.2187467651284798e-33,0,46,1.4,0,14,4.437493538063063e-33
1380,4.780192555747069e-43,0,0,0,0,0,0,0,0,0,0,1.31023766384602e-34,1.31023766384602e-34,0,47,1.4,0,14,2.6204753324722325e-34
1410,2.92350536823624e-44,0,0,0,0,0,0,0,0,0,0,7.73735356546486e-36,7.73735356546486e-36,0,48,1.4,0,14,1.5474707160164773e-35
1440,1.78585933349326e-45,0,0,0,0,0,0,0,0,0,0,4.56914380999402e-37,4.56914380999402e-37,0,49,1.4,0,14,9.138287637846633e-37
1470,1.08970561751104e-46,0,0,0,0,0,0,0,0,0,0,2.69821922921528e-38,2.69821922921528e-38,0,50,1.4,0,14,5.396438469327616e-38
1500,6.642327010711201e-48,0,0,0,0,0,0,0,0,0,0,1.59338109422051e-39,1.59338109422051e-39,0,51,1.4,0,14,3.1867621950833476e-39
1530,4.0449033872148296e-49,0,0,0,0,0,0,0,0,0,0,9.40940383059507e-41,9.40940383059507e-41,0,52,1.4,0,14,1.8818807701639174e-40
1560,2.46092357630862e-50,0,0,0,0,0,0,0,0,0,0,5.55654168873855e-42,5.55654168873855e-42,0,53,1.4,0,14,1.1113083402086336e-41
1590,1.4959367071000002e-51,0,0,0,0,0,0,0,0,0,0,3.281308529087319e-43,3.281308529087319e-43,0,54,1.4,0,14,6.5626170731340054e-43
1620,9.08603755716241e-53,0,0,0,0,0,0,0,0,0,0,1.9377135619190898e-44,1.9377135619190898e-44,0,55,1.4,0,14,3.875427132924217e-44
1650,5.51444004270651e-54,0,0,0,0,0,0,0,0,0,0,1.1442794841429997e-45,1.1442794841429997e-45,0,56,1.4,0,14,2.2885589738004395e-45
1680,3.34434992110718e-55,0,0,0,0,0,0,0,0,0,0,6.75732279195625e-47,6.75732279195625e-47,0,57,1.4,0,14,1.3514645617356e-46
1710,2.0268510592736398e-56,0,0,0,0,0,0,0,0,0,0,3.9904074286118e-48,3.9904074286118e-48,0,58,1.4,0,14,7.98081487749211e-48
1740,1.2275720094805299e-57,0,0,0,0,0,0,0,0,0,0,2.35645872076139e-49,2.35645872076139e-49,0,59,1.4,0,14,4.7129174537985e-49
1770,7.43021182714481e-59,0,0,0,0,0,0,0,0,0,0,1.39156165693078e-50,1.39156165693078e-50,0,60,1.4,0,14,2.783123321291772e-50
1800,4.4946671400373796e-60,0,0,0,0,0,0,0,0,0,0,8.217601786619881e-52,8.217601786619881e-52,0,61,1.4,0,14,1.6435203618186432e-51
1830,2.7173659000622402e-61,0,0,0,0,0,0,0,0,0,0,4.85274813926382e-53,4.85274813926382e-53,0,62,1.4,0,14,9.7054963057013e-53
1860,1.64196631572847e-62,0,0,0,0,0,0,0,0,0,0,2.8656980785760496e-54,2.8656980785760496e-54,0,63,1.4,0,14,5.731396173571763e-54
1890,9.91645466370505e-64,0,0,0,0,0,0,0,0,0,0,1.69228355603251e-55,1.69228355603251e-55,0,64,1.4,0,14,3.3845671219814746e-55
1920,5.9859697529184e-65,0,0,0,0,0,0,0,0,0,0,9.99345951671971e-57,9.99345951671971e-57,0,65,1.4,0,14,1.9986919093299117e-56
1950,3.61166704680946e-66,0,0,0,0,0,0,0,0,0,0,5.90144823080966e-58,5.90144823080966e-58,0,66,1.4,0,14,1.1802896497735991e-57
1980,2.1781341144175203e-67,0,0,0,0,0,0,0,0,0,0,3.48498864275796e-59,3.48498864275796e-59,0,67,1.4,0,14,6.969977307297261e-59
0,250,0,0,0,0,0,0,0,0,0,0,0,0,0,1,1.4,0,15,250
30,250.000322400697,0,0,0,0,0,0,0,0,0,0,0,0,0,2,1.4,0,15,250.000322400697
60,250.000090984018,0,0,0,0,0,0,0,0,0,0,0,0,0,3,1.4,0,15,250.000090984018
90,250.000018876751,0,0,0,0,0,0,0,0,0,0,0,0,0,4,1.4,0,15,250.000018876751
120,201.868270003025,0,0,0,0,0,0,0,0,0,0,61.739623909303,61.739623909303,0,5,1.4,0,15,325.347517821631
150,103.464284742023,0,0,0,0,0,0,0,0,0,0,96.8740604633981,96.8740604633981,0,6,1.4,0,15,297.2124056688192
180,47.1656799638172,0,0,0,0,0,0,0,0,0,0,98.4539327743978,98.4539327743978,0,7,1.4,0,15,244.07354551261278
210,18.3055386255429,0,0,0,0,0,0,0,0,0,0,87.5259262847387,87.5259262847387,0,8,1.4,0,15,193.3573911950203
240,5.60076150282859,0,0,0,0,0,0,0,0,0,0,73.9482401365311,73.9482401365311,0,9,1.4,0,15,153.49724177589079
270,1.24585353745858,0,0,0,0,0,0,0,0,0,0,63.6050863591288,63.6050863591288,0,10,1.4,0,15,128.45602625571618
300,0.190715676760079,0,0,0,0,0,0,0,0,0,0,58.4196403759742,58.4196403759742,0,11,1.4,0,15,117.02999642870847
330,0.0209694813715128,0,0,0,0,0,0,0,0,0,0,56.7838535061805,56.7838535061805,0,12,1.4,0,15,113.5886764937325
360,0.00186709880620038,0,0,0,0,0,0,0,0,0,0,56.4578553675092,56.4578553675092,0,13,1.4,0,15,112.9175778338246
390,1.4799526801882e-4,0,0,0,0,0,0,0,0,0,0,56.4123047578082,56.4123047578082,0,14,1.4,0,15,112.82475751088442
420,1.0972634650124e-5,0,0,0,0,0,0,0,0,0,0,56.4072386714965,56.4072386714965,0,15,1.4,0,15,112.81448831562766
450,7.79864185484106e-7,0,0,0,0,0,0,0,0,0,0,56.4067499193416,56.4067499193416,0,16,1.4,0,15,112.81350061854738
480,5.38423870443169e-8,0,0,0,0,0,0,0,0,0,0,56.4067069483458,56.4067069483458,0,17,1.4,0,15,112.81341395053398
510,3.63952259665965e-9,0,0,0,0,0,0,0,0,0,0,56.4067034055665,56.4067034055665,0,18,1.4,0,15,112.81340681477253
540,2.42087203905875e-10,0,0,0,0,0,0,0,0,0,0,56.4067031268337,56.4067031268337,0,19,1.4,0,15,112.81340625390948
570,1.72515284546111e-11,0,0,0,0,0,0,0,0,0,0,3.33098353839916,3.33098353839916,0,20,1.4,0,15,6.661967076815571
600,1.80705557187363e-12,0,0,0,0,0,0,0,0,0,0,0.196704482409282,0.196704482409282,0,21,1.4,0,15,0.3934089648203711
630,1.88538479333934e-13,0,0,0,0,0,0,0,0,0,0,0.0116159845998724,0.0116159845998724,0,22,1.4,0,15,0.02323196919993334
660,1.6372376319985102e-14,0,0,0,0,0,0,0,0,0,0,6.8595843345105e-4,6.8595843345105e-4,0,23,1.4,0,15,0.0013719168669184723
690,1.27793297215051e-15,0,0,0,0,0,0,0,0,0,0,4.05078854689124e-5,4.05078854689124e-5,0,24,1.4,0,15,8.101577093910274e-5
720,9.38430118887536e-17,0,0,0,0,0,0,0,0,0,0,2.39211111033491e-6,2.39211111033491e-6,0,25,1.4,0,15,4.7842222207636625e-6
750,6.62696282406551e-18,0,0,0,0,0,0,0,0,0,0,1.41261275784059e-7,1.41261275784059e-7,0,26,1.4,0,15,2.8252255157474495e-7
780,4.554294067666859e-19,0,0,0,0,0,0,0,0,0,0,8.3418985043561e-9,8.3418985043561e-9,0,27,1.4,0,15,1.668379700916763e-8
810,3.0679021167356895e-20,0,0,0,0,0,0,0,0,0,0,4.92613920346995e-10,4.92613920346995e-10,0,28,1.4,0,15,9.852278407246692e-10
840,2.0351769759484702e-21,0,0,0,0,0,0,0,0,0,0,2.9090317400907096e-11,2.9090317400907096e-11,0,29,1.4,0,15,5.8180634803849367e-11
870,1.33380974721251e-22,0,0,0,0,0,0,0,0,0,0,1.71786978395646e-12,1.71786978395646e-12,0,30,1.4,0,15,3.4357395680463007e-12
900,8.65590794113512e-24,0,0,0,0,0,0,0,0,0,0,1.01445321563586e-13,1.01445321563586e-13,0,31,1.4,0,15,2.028906431358279e-13
930,5.5718091018491e-25,0,0,0,0,0,0,0,0,0,0,5.99064806474946e-15,5.99064806474946e-15,0,32,1.4,0,15,1.19812961300561e-14
960,3.5621032265655897e-26,0,0,0,0,0,0,0,0,0,0,3.53765592989448e-16,3.53765592989448e-16,0,33,1.4,0,15,7.07531186014517e-16
990,2.26402457197875e-27,0,0,0,0,0,0,0,0,0,0,2.08909109316049e-17,2.08909109316049e-17,0,34,1.4,0,15,4.1781821865473823e-17
1020,1.43175190419958e-28,0,0,0,0,0,0,0,0,0,0,1.2336704570956199e-18,1.2336704570956199e-18,0,35,1.4,0,15,2.467340914334415e-18
1050,9.0146134421192e-30,0,0,0,0,0,0,0,0,0,0,7.28519118229147e-20,7.28519118229147e-20,0,36,1.4,0,15,1.45703823654844e-19
1080,5.653912484429089e-31,0,0,0,0,0,0,0,0,0,0,4.30212220856758e-21,4.30212220856758e-21,0,37,1.4,0,15,8.604244417700551e-21
1110,3.53398249675945e-32,0,0,0,0,0,0,0,0,0,0,2.5405312074299003e-22,2.5405312074299003e-22,0,38,1.4,0,15,5.081062415213198e-22
1140,2.20218078566195e-33,0,0,0,0,0,0,0,0,0,0,1.50025929566637e-23,1.50025929566637e-23,0,39,1.4,0,15,3.000518591552958e-23
1170,1.36851712665017e-34,0,0,0,0,0,0,0,0,0,0,8.8594777113033e-25,8.8594777113033e-25,0,40,1.4,0,15,1.7718955423975118e-24
1200,8.483438085230779e-36,0,0,0,0,0,0,0,0,0,0,5.23178531668809e-26,5.23178531668809e-26,0,41,1.4,0,15,1.0463570634224523e-25
1230,5.24707850966573e-37,0,0,0,0,0,0,0,0,0,0,3.0895249777250398e-27,3.0895249777250398e-27,0,42,1.4,0,15,6.1790499559747875e-27
1260,3.2387216998638e-38,0,0,0,0,0,0,0,0,0,0,1.8244564785570699e-28,1.8244564785570699e-28,0,43,1.4,0,15,3.648912957438012e-28
1290,1.99533355282742e-39,0,0,0,0,0,0,0,0,0,0,1.07739587015006e-29,1.07739587015006e-29,0,44,1.4,0,15,2.1547917404996533e-29
1320,1.22718317342691e-40,0,0,0,0,0,0,0,0,0,0,6.362343404729399e-31,6.362343404729399e-31,0,45,1.4,0,15,1.2724686810685982e-30
1350,7.535528819517539e-42,0,0,0,0,0,0,0,0,0,0,3.75715322823149e-32,3.75715322823149e-32,0,46,1.4,0,15,7.514306457216533e-32
1380,4.620408642630089e-43,0,0,0,0,0,0,0,0,0,0,2.21871086218543e-33,2.21871086218543e-33,0,47,1.4,0,15,4.4374217248329e-33
1410,2.82914732596299e-44,0,0,0,0,0,0,0,0,0,0,1.31021483690216e-34,1.31021483690216e-34,0,48,1.4,0,15,2.620429674087235e-34
1440,1.7301375395891798e-45,0,0,0,0,0,0,0,0,0,0,7.737208813621649e-36,7.737208813621649e-36,0,49,1.4,0,15,1.5474417628973435e-35
1470,1.05679988466525e-46,0,0,0,0,0,0,0,0,0,0,4.56905224332332e-37,4.56905224332332e-37,0,50,1.4,0,15,9.13810448770344e-37
1500,6.4480066241746e-48,0,0,0,0,0,0,0,0,0,0,2.69816143846756e-38,2.69816143846756e-38,0,51,1.4,0,15,5.39632287757992e-38
1530,3.93015000493375e-49,0,0,0,0,0,0,0,0,0,0,1.59334469848066e-39,1.59334469848066e-39,0,52,1.4,0,15,3.186689397354335e-39
1560,2.39315740242419e-50,0,0,0,0,0,0,0,0,0,0,9.40917507487279e-41,9.40917507487279e-41,0,53,1.4,0,15,1.8818350152138734e-40
1590,1.45591820868149e-51,0,0,0,0,0,0,0,0,0,0,5.5563981810567096e-42,5.5563981810567096e-42,0,54,1.4,0,15,1.1112796363569337e-41
1620,8.849712933565991e-53,0,0,0,0,0,0,0,0,0,0,3.281218660468e-43,3.281218660468e-43,0,55,1.4,0,15,6.562437321820971e-43
1650,5.37488114383347e-54,0,0,0,0,0,0,0,0,0,0,1.9376573776672898e-44,1.9376573776672898e-44,0,56,1.4,0,15,3.875314755872068e-44
1680,3.2619348803894998e-55,0,0,0,0,0,0,0,0,0,0,1.1442444142067398e-45,1.1442444142067398e-45,0,57,1.4,0,15,2.288488828739673e-45
1710,1.97818167908466e-56,0,0,0,0,0,0,0,0,0,0,6.75710421409372e-47,6.75710421409372e-47,0,58,1.4,0,15,1.3514208430165622e-46
1740,1.1988307656812699e-57,0,0,0,0,0,0,0,0,0,0,3.9902713899766e-48,3.9902713899766e-48,0,59,1.4,0,15,7.980542781152031e-48
1770,7.26048295803213e-59,0,0,0,0,0,0,0,0,0,0,2.35637416665395e-49,2.35637416665395e-49,0,60,1.4,0,15,4.7127483340339485e-49
1800,4.39443516158055e-60,0,0,0,0,0,0,0,0,0,0,1.39150916982688e-50,1.39150916982688e-50,0,61,1.4,0,15,2.7830183400932033e-50
1830,2.65817467545706e-61,0,0,0,0,0,0,0,0,0,0,8.21727636758625e-52,8.21727636758625e-52,0,62,1.4,0,15,1.6434552737830675e-51
1860,1.6070113568943899e-62,0,0,0,0,0,0,0,0,0,0,4.85254661339946e-53,4.85254661339946e-53,0,63,1.4,0,15,9.705093228405932e-53
1890,9.7100304100819e-64,0,0,0,0,0,0,0,0,0,0,2.86557341503699e-54,2.86557341503699e-54,0,64,1.4,0,15,5.731146831044982e-54
1920,5.86406711050785e-65,0,0,0,0,0,0,0,0,0,0,1.6922065205760498e-55,1.6922065205760498e-55,0,65,1.4,0,15,3.384413041738506e-55
1950,3.53967807087311e-66,0,0,0,0,0,0,0,0,0,0,9.99298395739217e-57,9.99298395739217e-57,0,66,1.4,0,15,1.9985967918324016e-56
1980,2.1356213484961603e-67,0,0,0,0,0,0,0,0,0,0,5.90115493858458e-58,5.90115493858458e-58,0,67,1.4,0,15,1.1802309879304783e-57
0,250,0,0,0,0,0,0,0,0,0,0,0,0,0,1,1.4,0,16,250
30,250.000322400697,0,0,0,0,0,0,0,0,0,0,0,0,0,2,1.4,0,16,250.000322400697
60,250.000090984018,0,0,0,0,0,0,0,0,0,0,0,0,0,3,1.4,0,16,250.000090984018
90,250.000018876751,0,0,0,0,0,0,0,0,0,0,0,0,0,4,1.4,0,16,250.000018876751
120,201.868270003025,0,0,0,0,0,0,0,0,0,0,61.739623909303,61.739623909303,0,5,1.4,0,16,325.347517821631
150,103.464284742023,0,0,0,0,0,0,0,0,0,0,96.8740604633981,96.8740604633981,0,6,1.4,0,16,297.2124056688192
180,47.1656799638172,0,0,0,0,0,0,0,0,0,0,98.4539327743978,98.4539327743978,0,7,1.4,0,16,244.07354551261278
210,18.3055386255429,0,0,0,0,0,0,0,0,0,0,87.5259262847387,87.5259262847387,0,8,1.4,0,16,193.3573911950203
240,5.60076150282859,0,0,0,0,0,0,0,0,0,0,73.9482401365311,73.9482401365311,0,9,1.4,0,16,153.49724177589079
270,1.24585353745858,0,0,0,0,0,0,0,0,0,0,63.6050863591288,63.6050863591288,0,10,1.4,0,16,128.45602625571618
300,0.190715676760079,0,0,0,0,0,0,0,0,0,0,58.4196403759742,58.4196403759742,0,11,1.4,0,16,117.02999642870847
330,0.0209694813715128,0,0,0,0,0,0,0,0,0,0,56.7838535061805,56.7838535061805,0,12,1.4,0,16,113.5886764937325
360,0.00186709880620038,0,0,0,0,0,0,0,0,0,0,56.4578553675092,56.4578553675092,0,13,1.4,0,16,112.9175778338246
390,1.4799526801882e-4,0,0,0,0,0,0,0,0,0,0,56.4123047578082,56.4123047578082,0,14,1.4,0,16,112.82475751088442
420,1.0972634650124e-5,0,0,0,0,0,0,0,0,0,0,56.4072386714965,56.4072386714965,0,15,1.4,0,16,112.81448831562766
450,7.79864185484106e-7,0,0,0,0,0,0,0,0,0,0,56.4067499193416,56.4067499193416,0,16,1.4,0,16,112.81350061854738
480,5.38423870443169e-8,0,0,0,0,0,0,0,0,0,0,56.4067069483458,56.4067069483458,0,17,1.4,0,16,112.81341395053398
510,3.63952259665965e-9,0,0,0,0,0,0,0,0,0,0,56.4067034055665,56.4067034055665,0,18,1.4,0,16,112.81340681477253
540,2.42087203905875e-10,0,0,0,0,0,0,0,0,0,0,56.4067031268337,56.4067031268337,0,19,1.4,0,16,112.81340625390948
570,1.5899999916526097e-11,0,0,0,0,0,0,0,0,0,0,56.4067031056683,56.4067031056683,0,20,1.4,0,16,112.8134062113525
600,1.11347683338466e-12,0,0,0,0,0,0,0,0,0,0,3.33098353656267,3.33098353656267,0,21,1.4,0,16,6.661967073126454
630,1.12305666524292e-13,0,0,0,0,0,0,0,0,0,0,0.196704482102034,0.196704482102034,0,22,1.4,0,16,0.3934089642041803
660,1.1464080161070601e-14,0,0,0,0,0,0,0,0,0,0,0.0116159845461483,0.0116159845461483,0,23,1.4,0,16,0.023231969092308062
690,9.86344019118772e-16,0,0,0,0,0,0,0,0,0,0,6.8595842635158e-4,6.8595842635158e-4,0,24,1.4,0,16,0.0013719168527041464
720,7.66176594157777e-17,0,0,0,0,0,0,0,0,0,0,4.05078847077978e-5,4.05078847077978e-5,0,25,1.4,0,16,8.101576941567222e-5
750,5.60973303027199e-18,0,0,0,0,0,0,0,0,0,0,2.39211103872084e-6,2.39211103872084e-6,0,26,1.4,0,16,4.7842220774472895e-6
780,3.9535888620039397e-19,0,0,0,0,0,0,0,0,0,0,1.41261269597741e-7,1.41261269597741e-7,0,27,1.4,0,16,2.8252253919587734e-7
810,2.71316779220792e-20,0,0,0,0,0,0,0,0,0,0,8.3418980008666e-9,8.3418980008666e-9,0,28,1.4,0,16,1.668379600176033e-8
840,1.82569579877514e-21,0,0,0,0,0,0,0,0,0,0,4.92613881121445e-10,4.92613881121445e-10,0,29,1.4,0,16,9.852277622447158e-10
870,1.2101048759699498e-22,0,0,0,0,0,0,0,0,0,0,2.90903144451726e-11,2.90903144451726e-11,0,30,1.4,0,16,5.8180628890466205e-11
900,7.92539384058971e-24,0,0,0,0,0,0,0,0,0,0,1.7178695670051198e-12,1.7178695670051198e-12,0,31,1.4,0,16,3.435739134018165e-12
930,5.140418766360339e-25,0,0,0,0,0,0,0,0,0,0,1.01445305973084e-13,1.01445305973084e-13,0,32,1.4,0,16,2.0289061194668204e-13
960,3.30735437987785e-26,0,0,0,0,0,0,0,0,0,0,5.99064696376375e-15,5.99064696376375e-15,0,33,1.4,0,16,1.1981293927560574e-14
990,2.11358778490508e-27,0,0,0,0,0,0,0,0,0,0,3.53765516366735e-16,3.53765516366735e-16,0,34,1.4,0,16,7.075310327355835e-16
1020,1.34291449576676e-28,0,0,0,0,0,0,0,0,0,0,2.08909056648632e-17,2.08909056648632e-17,0,35,1.4,0,16,4.178181132986069e-17
1050,8.49000204526952e-30,0,0,0,0,0,0,0,0,0,0,1.2336700989249001e-18,1.2336700989249001e-18,0,36,1.4,0,16,2.46734019785829e-18
1080,5.34411379865823e-31,0,0,0,0,0,0,0,0,0,0,7.28518876900468e-20,7.28518876900468e-20,0,37,1.4,0,16,1.4570377538062801e-19
1110,3.35103712320354e-32,0,0,0,0,0,0,0,0,0,0,4.30212059571695e-21,4.30212059571695e-21,0,38,1.4,0,16,8.60424119146741e-21
1140,2.09414607770443e-33,0,0,0,0,0,0,0,0,0,0,2.54053013725346e-22,2.54053013725346e-22,0,39,1.4,0,16,5.0810602745278615e-22
1170,1.3047194027425898e-34,0,0,0,0,0,0,0,0,0,0,1.5002585901044798e-23,1.5002585901044798e-23,0,40,1.4,0,16,3.000517180222007e-23
1200,8.10669344766981e-36,0,0,0,0,0,0,0,0,0,0,8.859473086188269e-25,8.859473086188269e-25,0,41,1.4,0,16,1.7718946172457607e-24
1230,5.02459952859544e-37,0,0,0,0,0,0,0,0,0,0,5.23178230046093e-26,5.23178230046093e-26,0,42,1.4,0,16,1.0463564600972105e-25
1260,3.10734120069548e-38,0,0,0,0,0,0,0,0,0,0,3.08952301991173e-27,3.08952301991173e-27,0,43,1.4,0,16,6.1790460398545334e-27
1290,1.91774943213921e-39,0,0,0,0,0,0,0,0,0,0,1.82445521315851e-28,1.82445521315851e-28,0,44,1.4,0,16,3.6489104263361973e-28
1320,1.1813674243338799e-40,0,0,0,0,0,0,0,0,0,0,1.07739505546133e-29,1.07739505546133e-29,0,45,1.4,0,16,2.154790110934474e-29
1350,7.2649730769207e-42,0,0,0,0,0,0,0,0,0,0,6.362338178311289e-31,6.362338178311289e-31,0,46,1.4,0,16,1.2724676356695229e-30
1380,4.460637354422939e-43,0,0,0,0,0,0,0,0,0,0,3.75714988637504e-32,3.75714988637504e-32,0,47,1.4,0,16,7.514299772794686e-32
1410,2.7347975802868295e-44,0,0,0,0,0,0,0,0,0,0,2.21870873183186e-33,2.21870873183186e-33,0,48,1.4,0,16,4.437417463691068e-33
1440,1.6744211780319697e-45,0,0,0,0,0,0,0,0,0,0,1.3102134826707399e-34,1.3102134826707399e-34,0,49,1.4,0,16,2.620426965358224e-34
1470,1.0238976966431401e-46,0,0,0,0,0,0,0,0,0,0,7.73720022747878e-36,7.73720022747878e-36,0,50,1.4,0,16,1.547440045505995e-35
1500,6.25370929531085e-48,0,0,0,0,0,0,0,0,0,0,4.56904681275621e-37,4.56904681275621e-37,0,51,1.4,0,16,9.138093625574958e-37
1530,3.8154115758955396e-49,0,0,0,0,0,0,0,0,0,0,2.69815801154567e-38,2.69815801154567e-38,0,52,1.4,0,16,5.396316023129494e-38
1560,2.3254008986662997e-50,0,0,0,0,0,0,0,0,0,0,1.59334254054479e-39,1.59334254054479e-39,0,53,1.4,0,16,3.1866850811128344e-39
1590,1.41590594727835e-51,0,0,0,0,0,0,0,0,0,0,9.409161513438399e-41,9.409161513438399e-41,0,54,1.4,0,16,1.881832302701839e-40
1620,8.61342843675806e-53,0,0,0,0,0,0,0,0,0,0,5.55638967442259e-42,5.55638967442259e-42,0,55,1.4,0,16,1.1112779348931313e-41
1650,5.23534800014311e-54,0,0,0,0,0,0,0,0,0,0,3.281213333959839e-43,3.281213333959839e-43,0,56,1.4,0,16,6.562426667972032e-43
1680,3.1795363335373697e-55,0,0,0,0,0,0,0,0,0,0,1.9376540479774799e-44,1.9376540479774799e-44,0,57,1.4,0,16,3.875308095986755e-44
1710,1.9295228393301799e-56,0,0,0,0,0,0,0,0,0,0,1.14424233603563e-45,1.14424233603563e-45,0,58,1.4,0,16,2.288484672090555e-45
1740,1.17009624420921e-57,0,0,0,0,0,0,0,0,0,0,6.75709126283595e-47,6.75709126283595e-47,0,59,1.4,0,16,1.351418252578891e-46
1770,7.09079687960077e-59,0,0,0,0,0,0,0,0,0,0,3.99026333007752e-48,3.99026333007752e-48,0,60,1.4,0,16,7.980526660225948e-48
1800,4.2942303717583294e-60,0,0,0,0,0,0,0,0,0,0,2.3563691574863e-49,2.3563691574863e-49,0,61,1.4,0,16,4.712738315015542e-49
1830,2.59900069618616e-61,0,0,0,0,0,0,0,0,0,0,1.39150606062589e-50,1.39150606062589e-50,0,62,1.4,0,16,2.78301212127777e-50
1860,1.57206731841286e-62,0,0,0,0,0,0,0,0,0,0,8.2172570920643e-52,8.2172570920643e-52,0,63,1.4,0,16,1.6434514184285808e-51
1890,9.50367519871511e-64,0,0,0,0,0,0,0,0,0,0,4.85253467729654e-53,4.85253467729654e-53,0,64,1.4,0,16,9.705069354688117e-53
1920,5.7422080530802905e-65,0,0,0,0,0,0,0,0,0,0,2.86556603189484e-54,2.86556603189484e-54,0,65,1.4,0,16,5.731132063847102e-54
1950,3.46771656949549e-66,0,0,0,0,0,0,0,0,0,0,1.69220195848648e-55,1.69220195848648e-55,0,66,1.4,0,16,3.384403917007637e-55
1980,2.09312587767462e-67,0,0,0,0,0,0,0,0,0,0,9.99295579623596e-57,9.99295579623596e-57,0,67,1.4,0,16,1.9985911592681233e-56
0,250,0,0,0,0,0,0,0,0,0,0,0,0,0,1,1.4,0,6,250
30,250.000322400697,0,0,0,0,0,0,0,0,0,0,0,0,0,2,1.4,0,6,250.000322400697
60,250.000090984018,0,0,0,0,0,0,0,0,0,0,0,0,0,3,1.4,0,6,250.000090984018
90,250.000018876751,0,0,0,0,0,0,0,0,0,0,0,0,0,4,1.4,0,6,250.000018876751
120,201.868270003025,0,0,0,0,0,0,0,0,0,0,61.739623909303,61.739623909303,0,5,1.4,0,6,325.347517821631
150,103.464284742023,0,0,0,0,0,0,0,0,0,0,96.8740604633981,96.8740604633981,0,6,1.4,0,6,297.2124056688192
180,47.1656799638172,0,0,0,0,0,0,0,0,0,0,98.4539327743978,98.4539327743978,0,7,1.4,0,6,244.07354551261278
210,18.3055386255429,0,0,0,0,0,0,0,0,0,0,87.5259262847387,87.5259262847387,0,8,1.4,0,6,193.3573911950203
240,5.60076150282859,0,0,0,0,0,0,0,0,0,0,73.9482401365311,73.9482401365311,0,9,1.4,0,6,153.49724177589079
270,1.24585353745858,0,0,0,0,0,0,0,0,0,0,63.6050863591288,63.6050863591288,0,10,1.4,0,6,128.45602625571618
300,0.292642627274667,0,0,0,0,0,0,0,0,0,0,7.02231198813527,7.02231198813527,0,11,1.4,0,6,14.337266603545206
330,0.115830520345513,0,0,0,0,0,0,0,0,0,0,3.22223808984507,3.22223808984507,0,12,1.4,0,6,6.560306700035653
360,0.067535712819015,0,0,0,0,0,0,0,0,0,0,1.83465925019263,1.83465925019263,0,13,1.4,0,6,3.736854213204275
390,0.0500497071238374,0,0,0,0,0,0,0,0,0,0,1.34754190192121,1.34754190192121,0,14,1.4,0,6,2.7451335109662574
420,0.0410924872760113,0,0,0,0,0,0,0,0,0,0,1.09724274175515,1.09724274175515,0,15,1.4,0,6,2.2355779707863115
450,0.0363048068618284,0,0,0,0,0,0,0,0,0,0,0.960840550216059,0.960840550216059,0,16,1.4,0,6,1.9579859072939463
480,0.0335575936180977,0,0,0,0,0,0,0,0,0,0,0.87991118290069,0.87991118290069,0,17,1.4,0,6,1.7933799594194777
510,0.0320601702799867,0,0,0,0,0,0,0,0,0,0,0.833047185220716,0.833047185220716,0,18,1.4,0,6,1.6981545407214187
540,0.0313715646969606,0,0,0,0,0,0,0,0,0,0,0.807477755587248,0.807477755587248,0,19,1.4,0,6,1.6463270758714565
570,0.0312572883800979,0,0,0,0,0,0,0,0,0,0,0.796982299100135,0.796982299100135,0,20,1.4,0,6,1.6252218865803678
600,0.0315765258184526,0,0,0,0,0,0,0,0,0,0,0.797412132920974,0.797412132920974,0,21,1.4,0,6,1.6264007916604006
630,0.0322396415763634,0,0,0,0,0,0,0,0,0,0,0.80630226449764,0.80630226449764,0,22,1.4,0,6,1.6448441705716434
660,0.033187679877669,0,0,0,0,0,0,0,0,0,0,0.821901788598247,0.821901788598247,0,23,1.4,0,6,1.676991257074163
690,0.0343791474448021,0,0,0,0,0,0,0,0,0,0,0.843005528708334,0.843005528708334,0,24,1.4,0,6,1.72039020486147
720,0.0357842165367108,0,0,0,0,0,0,0,0,0,0,0.868704183889759,0.868704183889759,0,25,1.4,0,6,1.7731925843162288
750,0.037380413606017,0,0,0,0,0,0,0,0,0,0,0.898305831400142,0.898305831400142,0,26,1.4,0,6,1.833992076406301
780,0.0391505419096073,0,0,0,0,0,0,0,0,0,0,0.931260856905871,0.931260856905871,0,27,1.4,0,6,1.9016722557213492
810,0.0410812022033407,0,0,0,0,0,0,0,0,0,0,0.96712780100072,0.96712780100072,0,28,1.4,0,6,1.9753368042047807
840,0.043162000369996,0,0,0,0,0,0,0,0,0,0,1.00554744173364,1.00554744173364,0,29,1.4,0,6,2.0542568838372763
870,0.0453850119586116,0,0,0,0,0,0,0,0,0,0,1.0462279418759,1.0462279418759,0,30,1.4,0,6,2.1378408957104114
900,0.047744458377129,0,0,0,0,0,0,0,0,0,0,1.08893402414953,1.08893402414953,0,31,1.4,0,6,2.225612506676189
930,0.0502364739154363,0,0,0,0,0,0,0,0,0,0,1.13347926490957,1.13347926490957,0,32,1.4,0,6,2.317195003734576
960,0.0528589299501916,0,0,0,0,0,0,0,0,0,0,1.17971978178212,1.17971978178212,0,33,1.4,0,6,2.4122984935144314
990,0.0556112829422118,0,0,0,0,0,0,0,0,0,0,1.22754878235501,1.22754878235501,0,34,1.4,0,6,2.5107088476522317
1020,0.0584944354887828,0,0,0,0,0,0,0,0,0,0,1.27689159505818,1.27689159505818,0,35,1.4,0,6,2.612277625605143
1050,0.0615106050798345,0,0,0,0,0,0,0,0,0,0,1.32770107952435,1.32770107952435,0,36,1.4,0,6,2.7169127641285344
1080,0.0646632011697388,0,0,0,0,0,0,0,0,0,0,1.37995340586111,1.37995340586111,0,37,1.4,0,6,2.824570012891959
1110,0.0679567128720418,0,0,0,0,0,0,0,0,0,0,1.43364423993676,1.43364423993676,0,38,1.4,0,6,2.935245192745562
1140,0.0713966101653444,0,0,0,0,0,0,0,0,0,0,1.48878537604914,1.48878537604914,0,39,1.4,0,6,3.0489673622636246
1170,0.0749892609558597,0,0,0,0,0,0,0,0,0,0,1.54540184197774,1.54540184197774,0,40,1.4,0,6,3.1657929449113396
1200,0.0787418654495454,0,0,0,0,0,0,0,0,0,0,1.60352947887466,1.60352947887466,0,41,1.4,0,6,3.285800823198865
1230,0.0826624083229587,0,0,0,0,0,0,0,0,0,0,1.66321297609845,1.66321297609845,0,42,1.4,0,6,3.4090883605198585
1260,0.0867596283624257,0,0,0,0,0,0,0,0,0,0,1.72450432405635,1.72450432405635,0,43,1.4,0,6,3.535768276475126
1290,0.0910430046521257,0,0,0,0,0,0,0,0,0,0,1.7874616372044,1.7874616372044,0,44,1.4,0,6,3.665966279060926
1320,0.0955227580465906,0,0,0,0,0,0,0,0,0,0,1.85214829455408,1.85214829455408,0,45,1.4,0,6,3.7998193471547506
1350,0.100209866535344,0,0,0,0,0,0,0,0,0,0,1.91863234509095,1.91863234509095,0,46,1.4,0,6,3.937474556717244
1380,0.105116093149062,0,0,0,0,0,0,0,0,0,0,1.98698612906187,1.98698612906187,0,47,1.4,0,6,4.079088351272802
1410,0.110254025217236,0,0,0,0,0,0,0,0,0,0,2.05728607175118,2.05728607175118,0,48,1.4,0,6,4.224826168719596
1440,0.115637124020932,0,0,0,0,0,0,0,0,0,0,2.12961261301922,2.12961261301922,0,49,1.4,0,6,4.374862350059372
1470,0.121279784154434,0,0,0,0,0,0,0,0,0,0,2.2040502426803,2.2040502426803,0,50,1.4,0,6,4.529380269515034
1500,0.127197402190271,0,0,0,0,0,0,0,0,0,0,2.28068761819728,2.28068761819728,0,51,1.4,0,6,4.688572638584831
1530,0.13340645451669,0,0,0,0,0,0,0,0,0,0,2.35961774684833,2.35961774684833,0,52,1.4,0,6,4.85264194821335
1560,0.139924584476413,0,0,0,0,0,0,0,0,0,0,2.44093821934458,2.44093821934458,0,53,1.4,0,6,5.0218010231655725
1590,0.146770699177516,0,0,0,0,0,0,0,0,0,0,2.52475148583264,2.52475148583264,0,54,1.4,0,6,5.196273670842796
1620,0.153965076573117,0,0,0,0,0,0,0,0,0,0,2.61116516837193,2.61116516837193,0,55,1.4,0,6,5.376295413316977
1650,0.161529483619811,0,0,0,0,0,0,0,0,0,0,2.70029240643997,2.70029240643997,0,56,1.4,0,6,5.56211429649975
1680,0.16948730653147,0,0,0,0,0,0,0,0,0,0,2.79225223391326,2.79225223391326,0,57,1.4,0,6,5.753991774357989
1710,0.177863694351009,0,0,0,0,0,0,0,0,0,0,2.88716998741659,2.88716998741659,0,58,1.4,0,6,5.952203669184189
1740,0.18668571727499,0,0,0,0,0,0,0,0,0,0,2.98517774703996,2.98517774703996,0,59,1.4,0,6,6.15704121135491
1770,0.195982541390977,0,0,0,0,0,0,0,0,0,0,3.08641481128279,3.08641481128279,0,60,1.4,0,6,6.368812163956557
1800,0.205785621732394,0,0,0,0,0,0,0,0,0,0,3.19102820877568,3.19102820877568,0,61,1.4,0,6,6.587842039283754
1830,0.216128915826963,0,0,0,0,0,0,0,0,0,0,3.29917324991287,3.29917324991287,0,62,1.4,0,6,6.814475415652703
1860,0.227049120220026,0,0,0,0,0,0,0,0,0,0,3.41101412204941,3.41101412204941,0,63,1.4,0,6,7.049077364318846
1890,0.238585932800697,0,0,0,0,0,0,0,0,0,0,3.52672453241316,3.52672453241316,0,64,1.4,0,6,7.292034997627017
1920,0.250782344155518,0,0,0,0,0,0,0,0,0,0,3.64648840338021,3.64648840338021,0,65,1.4,0,6,7.543759150915938
1950,0.263684961630506,0,0,0,0,0,0,0,0,0,0,3.7705006252851,3.7705006252851,0,66,1.4,0,6,7.804686212200706
1980,0.277344370309202,0,0,0,0,0,0,0,0,0,0,3.89896787250048,3.89896787250048,0,67,1.4,0,6,8.075280115310163
0,250,0,0,0,0,0,0,0,0,0,0,0,0,0,1,1.4,0,7,250
30,250.000322400697,0,0,0,0,0,0,0,0,0,0,0,0,0,2,1.4,0,7,250.000322400697
60,250.000090984018,0,0,0,0,0,0,0,0,0,0,0,0,0,3,1.4,0,7,250.000090984018
90,250.000018876751,0,0,0,0,0,0,0,0,0,0,0,0,0,4,1.4,0,7,250.000018876751
120,201.868270003025,0,0,0,0,0,0,0,0,0,0,61.739623909303,61.739623909303,0,5,1.4,0,7,325.347517821631
150,103.464284742023,0,0,0,0,0,0,0,0,0,0,96.8740604633981,96.8740604633981,0,6,1.4,0,7,297.2124056688192
180,47.1656799638172,0,0,0,0,0,0,0,0,0,0,98.4539327743978,98.4539327743978,0,7,1.4,0,7,244.07354551261278
210,18.3055386255429,0,0,0,0,0,0,0,0,0,0,87.5259262847387,87.5259262847387,0,8,1.4,0,7,193.3573911950203
240,5.60076150282859,0,0,0,0,0,0,0,0,0,0,73.9482401365311,73.9482401365311,0,9,1.4,0,7,153.49724177589079
270,1.24585353745858,0,0,0,0,0,0,0,0,0,0,63.6050863591288,63.6050863591288,0,10,1.4,0,7,128.45602625571618
300,0.190715676760079,0,0,0,0,0,0,0,0,0,0,58.4196403759742,58.4196403759742,0,11,1.4,0,7,117.02999642870847
330,0.0293372199174439,0,0,0,0,0,0,0,0,0,0,3.9744097398559,3.9744097398559,0,12,1.4,0,7,7.978156699629245
360,0.0074429170803823,0,0,0,0,0,0,0,0,0,0,0.620243531782313,0.620243531782313,0,13,1.4,0,7,1.2479299806450082
390,0.00177642613715162,0,0,0,0,0,0,0,0,0,0,0.186309402200695,0.186309402200695,0,14,1.4,0,7,0.3743952305385416
420,5.1861055233482e-4,0,0,0,0,0,0,0,0,0,0,0.0528205804062724,0.0528205804062724,0,15,1.4,0,7,0.10615977136487961
450,1.592733123531e-4,0,0,0,0,0,0,0,0,0,0,0.0159984557826276,0.0159984557826276,0,16,1.4,0,7,0.0321561848776083
480,4.89368847166354e-5,0,0,0,0,0,0,0,0,0,0,0.0049450928503925,0.0049450928503925,0,17,1.4,0,7,0.009939122585501637
510,1.51829758974749e-5,0,0,0,0,0,0,0,0,0,0,0.00152824721316766,0.00152824721316766,0,18,1.4,0,7,0.003071677402232795
540,4.72057040435984e-6,0,0,0,0,0,0,0,0,0,0,4.7437084851938e-4,4.7437084851938e-4,0,19,1.4,0,7,9.534622674431198e-4
570,1.47037227593186e-6,0,0,0,0,0,0,0,0,0,0,1.4751413327098e-4,1.4751413327098e-4,0,20,1.4,0,7,2.964986388178919e-4
600,4.58863551524755e-7,0,0,0,0,0,0,0,0,0,0,4.59487277712749e-5,4.59487277712749e-5,0,21,1.4,0,7,9.235631909407455e-5
630,1.43435223850333e-7,0,0,0,0,0,0,0,0,0,0,1.43373850446872e-5,1.43373850446872e-5,0,22,1.4,0,7,2.8818205313224732e-5
660,4.49114468432341e-8,0,0,0,0,0,0,0,0,0,0,4.48109923830044e-6,4.48109923830044e-6,0,23,1.4,0,7,9.007109923444115e-6
690,1.40859097689145e-8,0,0,0,0,0,0,0,0,0,0,1.40288972158889e-6,1.40288972158889e-6,0,24,1.4,0,7,2.8198653529466944e-6
720,4.42526354624564e-9,0,0,0,0,0,0,0,0,0,0,4.39934451794115e-7,4.39934451794115e-7,0,25,1.4,0,7,8.842941671344757e-7
750,1.3925872836177901e-9,0,0,0,0,0,0,0,0,0,0,1.38190787001719e-7,1.38190787001719e-7,0,26,1.4,0,7,2.777741612870558e-7
780,4.38971846444328e-10,0,0,0,0,0,0,0,0,0,0,4.34809761644137e-8,4.34809761644137e-8,0,27,1.4,0,7,8.740092417527173e-8
810,1.3860664803549102e-10,0,0,0,0,0,0,0,0,0,0,1.37041046839266e-8,1.37041046839266e-8,0,28,1.4,0,7,2.7546816015888693e-8
840,4.3839625602861894e-11,0,0,0,0,0,0,0,0,0,0,4.32648738337247e-9,4.32648738337247e-9,0,29,1.4,0,7,8.696814392347802e-9
870,1.3889519448258698e-11,0,0,0,0,0,0,0,0,0,0,1.3682196997054701e-9,1.3682196997054701e-9,0,30,1.4,0,7,2.750328918859199e-9
900,4.408059633700019e-12,0,0,0,0,0,0,0,0,0,0,4.33425136773796e-10,4.33425136773796e-10,0,31,1.4,0,7,8.71258333181292e-10
930,1.4013603291306799e-12,0,0,0,0,0,0,0,0,0,0,1.37534755469416e-10,1.37534755469416e-10,0,32,1.4,0,7,2.764708712679627e-10
960,4.46268841089154e-13,0,0,0,0,0,0,0,0,0,0,4.37172862497831e-11,4.37172862497831e-11,0,33,1.4,0,7,8.788084134065535e-11
990,1.4236065680332899e-13,0,0,0,0,0,0,0,0,0,0,1.3919978857406699e-11,1.3919978857406699e-11,0,34,1.4,0,7,2.7982318371616726e-11
1020,4.54917211465328e-14,0,0,0,0,0,0,0,0,0,0,4.4398764646316895e-12,4.4398764646316895e-12,0,35,1.4,0,7,8.925244650409912e-12
1050,1.45621677155566e-14,0,0,0,0,0,0,0,0,0,0,1.41857540356504e-12,1.41857540356504e-12,0,36,1.4,0,7,2.8517129748456366e-12
1080,4.66953122044259e-15,0,0,0,0,0,0,0,0,0,0,4.54030995832607e-13,4.54030995832607e-13,0,37,1.4,0,7,9.127315228856566e-13
1110,1.49994890315591e-15,0,0,0,0,0,0,0,0,0,0,1.45570186730533e-13,1.45570186730533e-13,0,38,1.4,0,7,2.926403223642219e-13
1140,4.82656230492773e-16,0,0,0,0,0,0,0,0,0,0,4.67536552241482e-14,4.67536552241482e-14,0,39,1.4,0,7,9.398996667878918e-14
1170,1.55582231448739e-16,0,0,0,0,0,0,0,0,0,0,1.50424037473228e-14,1.50424037473228e-14,0,40,1.4,0,7,3.024038972609434e-14
1200,5.0239472624915403e-17,0,0,0,0,0,0,0,0,0,0,4.8481920159109506e-15,4.8481920159109506e-15,0,41,1.4,0,7,9.746623504446817e-15
1230,1.6251577595459502e-17,0,0,0,0,0,0,0,0,0,0,1.5653290810333501e-15,1.5653290810333501e-15,0,42,1.4,0,7,3.14690973966216e-15
1260,5.2663989110153895e-18,0,0,0,0,0,0,0,0,0,0,5.062874363991501e-16,5.062874363991501e-16,0,43,1.4,0,7,1.0178412717093156e-15
1290,1.7096301120148798e-18,0,0,0,0,0,0,0,0,0,0,1.64042620723082e-16,1.64042620723082e-16,0,44,1.4,0,7,3.297948715581789e-16
1320,5.55985114921285e-19,0,0,0,0,0,0,0,0,0,0,5.32459657813298e-17,5.32459657813298e-17,0,45,1.4,0,7,1.0704791667758088e-16
1350,1.8113367710364098e-19,0,0,0,0,0,0,0,0,0,0,1.7313688610877202e-17,1.7313688610877202e-17,0,46,1.4,0,7,3.4808510898858045e-17
1380,5.91170455681259e-20,0,0,0,0,0,0,0,0,0,0,5.6398534023584494e-18,5.6398534023584494e-18,0,47,1.4,0,7,1.1338823850285025e-17
1410,1.93288572226945e-20,0,0,0,0,0,0,0,0,0,0,1.84044903843942e-18,1.84044903843942e-18,0,48,1.4,0,7,3.700226934101534e-18
1440,6.33114187063327e-21,0,0,0,0,0,0,0,0,0,0,6.01672285429628e-19,6.01672285429628e-19,0,49,1.4,0,7,1.2096757127298891e-18
1470,2.07750850250553e-21,0,0,0,0,0,0,0,0,0,0,1.9705112692887799e-19,1.9705112692887799e-19,0,50,1.4,0,7,3.961797623602615e-19
1500,6.82953241672337e-22,0,0,0,0,0,0,0,0,0,0,6.46521589591209e-20,6.46521589591209e-20,0,51,1.4,0,7,1.2998727115991414e-19
1530,2.24920500500479e-22,0,0,0,0,0,0,0,0,0,0,2.1250778111715598e-20,2.1250778111715598e-20,0,52,1.4,0,7,4.2726476723931676e-20
1560,7.42095072839401e-23,0,0,0,0,0,0,0,0,0,0,6.99772469486958e-21,6.99772469486958e-21,0,53,1.4,0,7,1.40696588970231e-20
1590,2.45292930588988e-23,0,0,0,0,0,0,0,0,0,0,2.3085091950559998e-21,2.3085091950559998e-21,0,54,1.4,0,7,4.6415476831708984e-21
1620,8.122842775664031e-24,0,0,0,0,0,0,0,0,0,0,7.62959787745568e-22,7.62959787745568e-22,0,55,1.4,0,7,1.5340424182668e-21
1650,2.69482869093699e-24,0,0,0,0,0,0,0,0,0,0,2.52621046444493e-22,2.52621046444493e-22,0,56,1.4,0,7,5.07936921579923e-22
1680,8.95688422181761e-25,0,0,0,0,0,0,0,0,0,0,8.37988045101964e-23,8.37988045101964e-23,0,57,1.4,0,7,1.6849329744257455e-22
1710,2.98255209526614e-25,0,0,0,0,0,0,0,0,0,0,2.78489684779919e-23,2.78489684779919e-23,0,58,1.4,0,7,5.599619216551041e-23
1740,9.950089943916299e-26,0,0,0,0,0,0,0,0,0,0,9.27226854840501e-24,9.27226854840501e-24,0,59,1.4,0,7,1.8644037996249184e-23
1770,3.32564962223636e-26,0,0,0,0,0,0,0,0,0,0,3.09293718831266e-24,3.09293718831266e-24,0,60,1.4,0,7,6.219130872847684e-24
1800,1.1136254149188099e-26,0,0,0,0,0,0,0,0,0,0,1.0336346013603e-24,1.0336346013603e-24,0,61,1.4,0,7,2.078405456869788e-24
1830,3.73609222174131e-27,0,0,0,0,0,0,0,0,0,0,3.4607996694811696e-25,3.4607996694811696e-25,0,62,1.4,0,7,6.958960261179752e-25
1860,1.25578278074926e-27,0,0,0,0,0,0,0,0,0,0,1.1609192774242001e-25,1.1609192774242001e-25,0,63,1.4,0,7,2.334396382655893e-25
1890,4.22895073889112e-28,0,0,0,0,0,0,0,0,0,0,3.90163284394311e-26,3.90163284394311e-26,0,64,1.4,0,7,7.845555195275131e-26
1920,1.4268377641659299e-28,0,0,0,0,0,0,0,0,0,0,1.3137486271655198e-26,1.3137486271655198e-26,0,65,1.4,0,7,2.641765631972699e-26
1950,4.82328745893801e-29,0,0,0,0,0,0,0,0,0,0,4.43202657450034e-27,4.43202657450034e-27,0,66,1.4,0,7,8.912286023590059e-27
1980,1.6335822587485898e-29,0,0,0,0,0,0,0,0,0,0,1.49802602412578e-27,1.49802602412578e-27,0,67,1.4,0,7,3.012387870839046e-27
0,250,0,0,0,0,0,0,0,0,0,0,0,0,0,1,1.4,0,8,250
30,250.000322400697,0,0,0,0,0,0,0,0,0,0,0,0,0,2,1.4,0,8,250.000322400697
60,250.000090984018,0,0,0,0,0,0,0,0,0,0,0,0,0,3,1.4,0,8,250.000090984018
90,250.000018876751,0,0,0,0,0,0,0,0,0,0,0,0,0,4,1.4,0,8,250.000018876751
120,201.868270003025,0,0,0,0,0,0,0,0,0,0,61.739623909303,61.739623909303,0,5,1.4,0,8,325.347517821631
150,103.464284742023,0,0,0,0,0,0,0,0,0,0,96.8740604633981,96.8740604633981,0,6,1.4,0,8,297.2124056688192
180,47.1656799638172,0,0,0,0,0,0,0,0,0,0,98.4539327743978,98.4539327743978,0,7,1.4,0,8,244.07354551261278
210,18.3055386255429,0,0,0,0,0,0,0,0,0,0,87.5259262847387,87.5259262847387,0,8,1.4,0,8,193.3573911950203
240,5.60076150282859,0,0,0,0,0,0,0,0,0,0,73.9482401365311,73.9482401365311,0,9,1.4,0,8,153.49724177589079
270,1.24585353745858,0,0,0,0,0,0,0,0,0,0,63.6050863591288,63.6050863591288,0,10,1.4,0,8,128.45602625571618
300,0.190715676760079,0,0,0,0,0,0,0,0,0,0,58.4196403759742,58.4196403759742,0,11,1.4,0,8,117.02999642870847
330,0.0209694813715128,0,0,0,0,0,0,0,0,0,0,56.7838535061805,56.7838535061805,0,12,1.4,0,8,113.5886764937325
360,0.00240000093075318,0,0,0,0,0,0,0,0,0,0,3.41020099998619,3.41020099998619,0,13,1.4,0,8,6.822802000903133
390,4.6036924107398e-4,0,0,0,0,0,0,0,0,0,0,0.234037083129646,0.234037083129646,0,14,1.4,0,8,0.46853453550036595
420,6.46085503357773e-5,0,0,0,0,0,0,0,0,0,0,0.0236245427854484,0.0236245427854484,0,15,1.4,0,8,0.047313694121232576
450,7.24642161168442e-6,0,0,0,0,0,0,0,0,0,0,0.00284296851249939,0.00284296851249939,0,16,1.4,0,8,0.005693183446610465
480,7.84413081345654e-7,0,0,0,0,0,0,0,0,0,0,3.3175994516185e-4,3.3175994516185e-4,0,17,1.4,0,8,6.643043034050457e-4
510,8.61095226937095e-8,0,0,0,0,0,0,0,0,0,0,3.73824841175996e-5,3.73824841175996e-5,0,18,1.4,0,8,7.485107775789292e-5
540,9.576544801338291e-9,0,0,0,0,0,0,0,0,0,0,4.16259757058405e-6,4.16259757058405e-6,0,19,1.4,0,8,8.334771685969437e-6
570,1.07015698288879e-9,0,0,0,0,0,0,0,0,0,0,4.63288544493279e-7,4.63288544493279e-7,0,20,1.4,0,8,9.276472459694468e-7
600,1.19648178479298e-10,0,0,0,0,0,0,0,0,0,0,5.16599554632581e-8,5.16599554632581e-8,0,21,1.4,0,8,1.034395591049955e-7
630,1.3370663137250298e-11,0,0,0,0,0,0,0,0,0,0,5.76752850025824e-9,5.76752850025824e-9,0,22,1.4,0,8,1.1548427663653731e-8
660,1.49370243486917e-12,0,0,0,0,0,0,0,0,0,0,6.44191532869294e-10,6.44191532869294e-10,0,23,1.4,0,8,1.2898767681734572e-9
690,1.66862806468829e-13,0,0,0,0,0,0,0,0,0,0,7.19583307263467e-11,7.19583307263467e-11,0,24,1.4,0,8,1.4408352425916223e-10
720,1.8642141297866e-14,0,0,0,0,0,0,0,0,0,0,8.03827296008495e-12,8.03827296008495e-12,0,25,1.4,0,8,1.6095188061467765e-11
750,2.08297688428627e-15,0,0,0,0,0,0,0,0,0,0,8.979908803109569e-13,8.979908803109569e-13,0,26,1.4,0,8,1.7980647375062002e-12
780,2.32767426842832e-16,0,0,0,0,0,0,0,0,0,0,1.00327527788807e-13,1.00327527788807e-13,0,27,1.4,0,8,2.0088782300445683e-13
810,2.60138755687542e-17,0,0,0,0,0,0,0,0,0,0,1.12101628552518e-14,1.12101628552518e-14,0,28,1.4,0,8,2.2446339586072353e-14
840,2.9075772903613697e-18,0,0,0,0,0,0,0,0,0,0,1.2527027096061e-15,1.2527027096061e-15,0,29,1.4,0,8,2.5083129965025613e-15
870,3.2501285870336796e-19,0,0,0,0,0,0,0,0,0,0,1.39999977389334e-16,1.39999977389334e-16,0,30,1.4,0,8,2.8032496763737133e-16
900,3.63339854905068e-20,0,0,0,0,0,0,0,0,0,0,1.56477324027432e-17,1.56477324027432e-17,0,31,1.4,0,8,3.133179879097691e-17
930,4.06227112950258e-21,0,0,0,0,0,0,0,0,0,0,1.7491144649449e-18,1.7491144649449e-18,0,32,1.4,0,8,3.502291201019302e-18
960,4.54222058801447e-22,0,0,0,0,0,0,0,0,0,0,1.9553676851529199e-19,1.9553676851529199e-19,0,33,1.4,0,8,3.9152775908938543e-19
990,5.07938358924501e-23,0,0,0,0,0,0,0,0,0,0,2.18616055470159e-20,2.18616055470159e-20,0,34,1.4,0,8,4.377400492992425e-20
1020,5.68064030805081e-24,0,0,0,0,0,0,0,0,0,0,2.4444385522162102e-21,2.4444385522162102e-21,0,35,1.4,0,8,4.894557744740471e-21
1050,6.353705421168339e-25,0,0,0,0,0,0,0,0,0,0,2.73350372078792e-22,2.73350372078792e-22,0,36,1.4,0,8,5.473361146997008e-22
1080,7.107230215729919e-26,0,0,0,0,0,0,0,0,0,0,3.0570582122679196e-23,3.0570582122679196e-23,0,37,1.4,0,8,6.121223654751569e-23
1110,7.95091725089485e-27,0,0,0,0,0,0,0,0,0,0,3.41925319519772e-24,3.41925319519772e-24,0,38,1.4,0,8,6.846457307646335e-24
1140,8.89564916891465e-28,0,0,0,0,0,0,0,0,0,0,3.82474378219121e-25,3.82474378219121e-25,0,39,1.4,0,8,7.658383213551334e-25
1170,9.95363342739005e-29,0,0,0,0,0,0,0,0,0,0,4.27875072632087e-26,4.27875072632087e-26,0,40,1.4,0,8,8.56745508606913e-26
1200,1.11385649350557e-29,0,0,0,0,0,0,0,0,0,0,4.78712973153159e-27,4.78712973153159e-27,0,41,1.4,0,8,9.585398027998236e-27
1230,1.2465808820204499e-30,0,0,0,0,0,0,0,0,0,0,5.35644932645147e-28,5.35644932645147e-28,0,42,1.4,0,8,1.0725364461723143e-27
1260,1.39526058422261e-31,0,0,0,0,0,0,0,0,0,0,5.99407836867837e-29,5.99407836867837e-29,0,43,1.4,0,8,1.2002109343198965e-28
1290,1.56183032737863e-32,0,0,0,0,0,0,0,0,0,0,6.70828438004441e-30,6.70828438004441e-30,0,44,1.4,0,8,1.3432187063362604e-29
1320,1.74846144376978e-33,0,0,0,0,0,0,0,0,0,0,7.508344064171609e-31,7.508344064171609e-31,0,45,1.4,0,8,1.5034172742780916e-30
1350,1.95759104838128e-34,0,0,0,0,0,0,0,0,0,0,8.40466752768537e-32,8.40466752768537e-32,0,46,1.4,0,8,1.6828910965854553e-31
1380,2.1919548443352497e-35,0,0,0,0,0,0,0,0,0,0,9.4089379180462e-33,9.4089379180462e-33,0,47,1.4,0,8,1.883979538453575e-32
1410,2.45462401076364e-36,0,0,0,0,0,0,0,0,0,0,1.0534268406815399e-33,1.0534268406815399e-33,0,48,1.4,0,8,2.1093083053738435e-33
1440,2.74904668525892e-37,0,0,0,0,0,0,0,0,0,0,1.17953786904139e-34,1.17953786904139e-34,0,49,1.4,0,8,2.361824784768039e-34
1470,3.07909461779702e-38,0,0,0,0,0,0,0,0,0,0,1.32087934545839e-35,1.32087934545839e-35,0,50,1.4,0,8,2.644837785534577e-35
1500,3.44911564603717e-39,0,0,0,0,0,0,0,0,0,0,1.4793065557792399e-36,1.4793065557792399e-36,0,51,1.4,0,8,2.962062227204517e-36
1530,3.8639927242246896e-40,0,0,0,0,0,0,0,0,0,0,1.65690270371887e-37,1.65690270371887e-37,0,52,1.4,0,8,3.3176694001619645e-37
1560,4.3292103307531097e-41,0,0,0,0,0,0,0,0,0,0,1.8560071433498e-38,1.8560071433498e-38,0,53,1.4,0,8,3.716343497030353e-38
1590,4.8509291841325594e-42,0,0,0,0,0,0,0,0,0,0,2.0792471374096202e-39,2.0792471374096202e-39,0,54,1.4,0,8,4.163345204003373e-39
1620,5.436070315188849e-43,0,0,0,0,0,0,0,0,0,0,2.32957358529034e-40,2.32957358529034e-40,0,55,1.4,0,8,4.664583240895869e-40
1650,6.092409676508279e-44,0,0,0,0,0,0,0,0,0,0,2.61030122089361e-41,2.61030122089361e-41,0,56,1.4,0,8,5.226694851463728e-41
1680,6.828684620394239e-45,0,0,0,0,0,0,0,0,0,0,2.92515384405673e-42,2.92515384405673e-42,0,57,1.4,0,8,5.857136372733855e-42
1710,7.65471374611703e-46,0,0,0,0,0,0,0,0,0,0,3.2783152209058997e-43,3.2783152209058997e-43,0,58,1.4,0,8,6.5642851555579164e-43
1740,8.581531808505441e-47,0,0,0,0,0,0,0,0,0,0,3.6744863693222396e-44,3.6744863693222396e-44,0,59,1.4,0,8,7.357554270452984e-44
1770,9.621541595760301e-48,0,0,0,0,0,0,0,0,0,0,4.1189500368982695e-45,4.1189500368982695e-45,0,60,1.4,0,8,8.2475216153923e-45
1800,1.0788684927945699e-48,0,0,0,0,0,0,0,0,0,0,4.61764328165572e-46,4.61764328165572e-46,0,61,1.4,0,8,9.246075248239386e-46
1830,1.20986352025253e-49,0,0,0,0,0,0,0,0,0,0,5.17723918190366e-47,5.17723918190366e-47,0,62,1.4,0,8,1.0366576999009847e-46
1860,1.3569014223622899e-50,0,0,0,0,0,0,0,0,0,0,5.805238832647401e-48,5.805238832647401e-48,0,63,1.4,0,8,1.1624046679518424e-47
1890,1.52196364019882e-51,0,0,0,0,0,0,0,0,0,0,6.5100749338492296e-49,6.5100749338492296e-49,0,64,1.4,0,8,1.3035369504100447e-48
1920,1.7072783808138802e-52,0,0,0,0,0,0,0,0,0,0,7.3012284427725e-50,7.3012284427725e-50,0,65,1.4,0,8,1.461952966935314e-49
1950,1.91535160076905e-53,0,0,0,0,0,0,0,0,0,0,8.18935995108702e-51,8.18935995108702e-51,0,66,1.4,0,8,1.639787341818173e-50
1980,2.1490019112136798e-54,0,0,0,0,0,0,0,0,0,0,9.186457660164231e-52,9.186457660164231e-52,0,67,1.4,0,8,1.83944053394406e-51
0,250,0,0,0,0,0,0,0,0,0,0,0,0,0,1,1.4,0,9,250
30,250.000322400697,0,0,0,0,0,0,0,0,0,0,0,0,0,2,1.4,0,9,250.000322400697
60,250.000090984018,0,0,0,0,0,0,0,0,0,0,0,0,0,3,1.4,0,9,250.000090984018
90,250.000018876751,0,0,0,0,0,0,0,0,0,0,0,0,0,4,1.4,0,9,250.000018876751
120,201.868270003025,0,0,0,0,0,0,0,0,0,0,61.739623909303,61.739623909303,0,5,1.4,0,9,325.347517821631
150,103.464284742023,0,0,0,0,0,0,0,0,0,0,96.8740604633981,96.8740604633981,0,6,1.4,0,9,297.2124056688192
180,47.1656799638172,0,0,0,0,0,0,0,0,0,0,98.4539327743978,98.4539327743978,0,7,1.4,0,9,244.07354551261278
210,18.3055386255429,0,0,0,0,0,0,0,0,0,0,87.5259262847387,87.5259262847387,0,8,1.4,0,9,193.3573911950203
240,5.60076150282859,0,0,0,0,0,0,0,0,0,0,73.9482401365311,73.9482401365311,0,9,1.4,0,9,153.49724177589079
270,1.24585353745858,0,0,0,0,0,0,0,0,0,0,63.6050863591288,63.6050863591288,0,10,1.4,0,9,128.45602625571618
300,0.190715676760079,0,0,0,0,0,0,0,0,0,0,58.4196403759742,58.4196403759742,0,11,1.4,0,9,117.02999642870847
330,0.0209694813715128,0,0,0,0,0,0,0,0,0,0,56.7838535061805,56.7838535061805,0,12,1.4,0,9,113.5886764937325
360,0.00186709880620038,0,0,0,0,0,0,0,0,0,0,56.4578553675092,56.4578553675092,0,13,1.4,0,9,112.9175778338246
390,1.7982023846159e-4,0,0,0,0,0,0,0,0,0,0,3.33899182840877,3.33899182840877,0,14,1.4,0,9,6.678163477056001
420,2.92333574803323e-5,0,0,0,0,0,0,0,0,0,0,0.199565587364969,0.199565587364969,0,15,1.4,0,9,0.3991604080874183
450,3.67956901028026e-6,0,0,0,0,0,0,0,0,0,0,0.0124079634047458,0.0124079634047458,0,16,1.4,0,9,0.02481960637850188
480,3.46221424811135e-7,0,0,0,0,0,0,0,0,0,0,8.1452656312254e-4,8.1452656312254e-4,0,17,1.4,0,9,0.0016293993476698913
510,2.85471187658316e-8,0,0,0,0,0,0,0,0,0,0,5.58067831942764e-5,5.58067831942764e-5,0,18,1.4,0,9,1.1164211350731863e-4
540,2.2056778529342904e-9,0,0,0,0,0,0,0,0,0,0,3.93039750707111e-6,3.93039750707111e-6,0,19,1.4,0,9,7.863000691995154e-6
570,1.64409301123057e-10,0,0,0,0,0,0,0,0,0,0,2.81122368498664e-7,2.81122368498664e-7,0,20,1.4,0,9,5.62409146298451e-7
600,1.19990811444831e-11,0,0,0,0,0,0,0,0,0,0,2.02538092704614e-8,2.02538092704614e-8,0,21,1.4,0,9,4.0519617622067285e-8
630,8.64684439836939e-13,0,0,0,0,0,0,0,0,0,0,1.4625808515894602e-9,1.4625808515894602e-9,0,22,1.4,0,9,2.9260263876187575e-9
660,6.18395124906341e-14,0,0,0,0,0,0,0,0,0,0,1.05574810711779e-10,1.05574810711779e-10,0,23,1.4,0,9,2.1121146093604865e-10
690,4.40310320299702e-15,0,0,0,0,0,0,0,0,0,0,7.60792302806734e-12,7.60792302806734e-12,0,24,1.4,0,9,1.5220249159337677e-11
720,3.12762427771124e-16,0,0,0,0,0,0,0,0,0,0,5.47058863855935e-13,5.47058863855935e-13,0,25,1.4,0,9,1.094430490139641e-12
750,2.21914478160641e-17,0,0,0,0,0,0,0,0,0,0,3.92515907260467e-14,3.92515907260467e-14,0,26,1.4,0,9,7.852537289990947e-14
780,1.57401834917394e-18,0,0,0,0,0,0,0,0,0,0,2.81077836047863e-15,2.81077836047863e-15,0,27,1.4,0,9,5.6231307393064345e-15
810,1.11656131436504e-19,0,0,0,0,0,0,0,0,0,0,2.00943130126171e-16,2.00943130126171e-16,0,28,1.4,0,9,4.019979163837785e-16
840,7.923304030808121e-21,0,0,0,0,0,0,0,0,0,0,1.43461694317154e-17,1.43461694317154e-17,0,29,1.4,0,9,2.8700262167461607e-17
870,5.6250167205908495e-22,0,0,0,0,0,0,0,0,0,0,1.02316325063785e-18,1.02316325063785e-18,0,30,1.4,0,9,2.046889002947759e-18
900,3.9952275376357695e-23,0,0,0,0,0,0,0,0,0,0,7.29143684089501e-20,7.29143684089501e-20,0,31,1.4,0,9,1.4586868909327656e-19
930,2.83886859385662e-24,0,0,0,0,0,0,0,0,0,0,5.19318774413081e-21,5.19318774413081e-21,0,32,1.4,0,9,1.0389214356855476e-20
960,2.01795212172303e-25,0,0,0,0,0,0,0,0,0,0,3.6972773526239e-22,3.6972773526239e-22,0,33,1.4,0,9,7.396572657369523e-22
990,1.4348630557515e-26,0,0,0,0,0,0,0,0,0,0,2.6315662021058698e-23,2.6315662021058698e-23,0,34,1.4,0,9,5.2645672672674913e-23
1020,1.02050893186711e-27,0,0,0,0,0,0,0,0,0,0,1.87272210796469e-24,1.87272210796469e-24,0,35,1.4,0,9,3.7464647248612474e-24
1050,7.25947703327198e-29,0,0,0,0,0,0,0,0,0,0,1.3325689780898e-25,1.3325689780898e-25,0,36,1.4,0,9,2.6658639038829276e-25
1080,5.1648188416541094e-30,0,0,0,0,0,0,0,0,0,0,9.48166354744388e-27,9.48166354744388e-27,0,37,1.4,0,9,1.8968491913729416e-26
1110,3.6749296333574897e-31,0,0,0,0,0,0,0,0,0,0,6.74639658042049e-28,6.74639658042049e-28,0,38,1.4,0,9,1.3496468090474338e-27
1140,2.61501242080509e-32,0,0,0,0,0,0,0,0,0,0,4.80021197706741e-29,4.80021197706741e-29,0,39,1.4,0,9,9.603038966555626e-29
1170,1.86088325316548e-33,0,0,0,0,0,0,0,0,0,0,3.41550698847591e-30,3.41550698847591e-30,0,40,1.4,0,9,6.832874860204986e-30
1200,1.32427352991832e-34,0,0,0,0,0,0,0,0,0,0,2.4302926959121098e-31,2.4302926959121098e-31,0,41,1.4,0,9,4.861909665354138e-31
1230,9.424193615010709e-36,0,0,0,0,0,0,0,0,0,0,1.72930415515771e-32,1.72930415515771e-32,0,42,1.4,0,9,3.459550729676921e-32
1260,6.70679530377144e-37,0,0,0,0,0,0,0,0,0,0,1.23053318011208e-33,1.23053318011208e-33,0,43,1.4,0,9,2.461737039754537e-33
1290,4.77296158757041e-38,0,0,0,0,0,0,0,0,0,0,8.756359669749119e-35,8.756359669749119e-35,0,44,1.4,0,9,1.751749230108581e-34
1320,3.39673344802331e-39,0,0,0,0,0,0,0,0,0,0,6.23104810478794e-36,6.23104810478794e-36,0,45,1.4,0,9,1.2465492943023903e-35
1350,2.4173241195508498e-40,0,0,0,0,0,0,0,0,0,0,4.4340924118558995e-37,4.4340924118558995e-37,0,46,1.4,0,9,8.87060214783135e-37
1380,1.72031458388208e-41,0,0,0,0,0,0,0,0,0,0,3.15539286971869e-38,3.15539286971869e-38,0,47,1.4,0,9,6.312506054021262e-38
1410,1.2242789368526599e-42,0,0,0,0,0,0,0,0,0,0,2.24546489288387e-39,2.24546489288387e-39,0,48,1.4,0,9,4.492154064704593e-39
1440,8.71269515097544e-44,0,0,0,0,0,0,0,0,0,0,1.5979472771347698e-40,1.5979472771347698e-40,0,49,1.4,0,9,3.196765823784637e-40
1470,6.200468277220529e-45,0,0,0,0,0,0,0,0,0,0,1.13715938375561e-41,1.13715938375561e-41,0,50,1.4,0,9,2.274938814338942e-41
1500,4.4126198843236995e-46,0,0,0,0,0,0,0,0,0,0,8.092495374270418e-43,8.092495374270418e-43,0,51,1.4,0,9,1.6189403368425162e-42
1530,3.14028328182516e-47,0,0,0,0,0,0,0,0,0,0,5.758978258578299e-44,5.758978258578299e-44,0,52,1.4,0,9,1.1521096800438423e-43
1560,2.2348152354818798e-48,0,0,0,0,0,0,0,0,0,0,4.0983591067484596e-45,4.0983591067484596e-45,0,53,1.4,0,9,8.198953028732401e-45
1590,1.59043191959521e-49,0,0,0,0,0,0,0,0,0,0,2.91659404210057e-46,2.91659404210057e-46,0,54,1.4,0,9,5.834778516120735e-46
1620,1.13185124341586e-50,0,0,0,0,0,0,0,0,0,0,2.07559797302601e-47,2.07559797302601e-47,0,55,1.4,0,9,4.152327797295436e-47
1650,8.0549814695382e-52,0,0,0,0,0,0,0,0,0,0,1.47710609730079e-48,1.47710609730079e-48,0,56,1.4,0,9,2.9550176927485333e-48
1680,5.73245628947356e-53,0,0,0,0,0,0,0,0,0,0,1.0511901838059399e-49,1.0511901838059399e-49,0,57,1.4,0,9,2.1029536132408272e-49
1710,4.0796042587629297e-54,0,0,0,0,0,0,0,0,0,0,7.48086869285436e-51,7.48086869285436e-51,0,58,1.4,0,9,1.4965816989967484e-50
1740,2.90333029906269e-55,0,0,0,0,0,0,0,0,0,0,5.3238264295266805e-52,5.3238264295266805e-52,0,59,1.4,0,9,1.0650556189352423e-51
1770,2.06621739759696e-56,0,0,0,0,0,0,0,0,0,0,3.78875799334174e-53,3.78875799334174e-53,0,60,1.4,0,9,7.579582204081077e-53
1800,1.4704720040149698e-57,0,0,0,0,0,0,0,0,0,0,2.6963171325247196e-54,2.6963171325247196e-54,0,61,1.4,0,9,5.394104737053454e-54
1830,1.0464987140288601e-58,0,0,0,0,0,0,0,0,0,0,1.9188729180335e-55,1.9188729180335e-55,0,62,1.4,0,9,3.838792334781029e-55
1860,7.4476942092863e-60,0,0,0,0,0,0,0,0,0,0,1.36559715026527e-56,1.36559715026527e-56,0,63,1.4,0,9,2.7319390699514687e-56
1890,5.3003698823997904e-61,0,0,0,0,0,0,0,0,0,0,9.71852028119507e-58,9.71852028119507e-58,0,64,1.4,0,9,1.944234093227254e-57
1920,3.77217404039638e-62,0,0,0,0,0,0,0,0,0,0,6.91638009256138e-59,6.91638009256138e-59,0,65,1.4,0,9,1.3836532359163156e-58
1950,2.68459309923579e-63,0,0,0,0,0,0,0,0,0,0,4.9221940266596095e-60,4.9221940266596095e-60,0,66,1.4,0,9,9.847072646418455e-60
1980,1.9105852415082e-64,0,0,0,0,0,0,0,0,0,0,3.50299713220632e-61,3.50299713220632e-61,0,67,1.4,0,9,7.007904849654148e-61
0,250,0,0,0,0,0,0,0,0,0,0,0,0,0,1,1.4,1e-4,10,250
30,250.000322400697,0,0,0,0,0,0,0,0,0,0,0,0,0,2,1.4,1e-4,10,250.000322400697
60,250.000090984018,0,0,0,0,0,0,0,0,0,0,0,0,0,3,1.4,1e-4,10,250.000090984018
90,250.000018876751,0,0,0,0,0,0,0,0,0,0,0,0,0,4,1.4,1e-4,10,250.000018876751
120,201.858738849437,0,0,0,0,0,0,0,0,0,0,61.7379118233455,61.7379118233455,0.0152633589996527,5,1.4,1e-4,10,325.3498258551277
150,103.452981782798,0,0,0,0,0,0,0,0,0,0,96.8656833561831,96.8643133750554,0.0454884487582994,6,1.4,1e-4,10,297.2284669627948
180,47.1601062752112,0,0,0,0,0,0,0,0,0,0,98.4483223732937,98.445866063654,0.0901253495272938,7,1.4,1e-4,10,244.1444200616862
210,18.3144887895693,0,0,0,0,0,0,0,0,0,0,87.5532058109782,87.5507517255636,0.151894187607265,8,1.4,1e-4,10,193.57034051371835
240,5.62618324762807,0,0,0,0,0,0,0,0,0,0,74.0758695411369,74.0742057926171,0.232827271643154,9,1.4,1e-4,10,154.00908585302523
270,1.2776371462683,0,0,0,0,0,0,0,0,0,0,63.9300094375408,63.929216267349,0.333944382733614,10,1.4,1e-4,10,129.47080723389172
300,0.213913926393556,0,0,0,0,0,0,0,0,0,0,59.0086273766104,59.0083257935065,0.457052055780468,11,1.4,1e-4,10,118.68791915229092
330,0.031413908200867,0,0,0,0,0,0,0,0,0,0,57.6392192190515,57.6390584082302,0.609202236440791,12,1.4,1e-4,10,115.91889377192335
360,0.00512161799166152,0,0,0,0,0,0,0,0,0,0,57.5901975794476,57.5900334309454,0.799245204027643,13,1.4,1e-4,10,115.9845978324123
390,9.5460040323649e-4,0,0,0,0,0,0,0,0,0,0,57.8756368584408,57.8754309963346,1.03458822767513,14,1.4,1e-4,10,116.78661068285376
420,3.6469219949294e-4,0,0,0,0,0,0,0,0,0,0,8.6430785799579,8.64224092886166,0.956872171064054,15,1.4,1e-4,10,18.242556372083108
450,2.8976363855507e-4,0,0,0,0,0,0,0,0,0,0,9.79522819524454,9.79341418974099,5.35035382550428,16,1.4,1e-4,10,24.939285974128364
480,9.4864450619546e-4,0,0,0,0,0,0,0,0,0,0,27.4494755302612,27.4441235891178,22.7138694573799,17,1.4,1e-4,10,77.6084172212651
510,0.00136075507122673,0,0,0,0,0,0,0,0,0,0,40.9900005601879,40.9823635271193,60.9625309985923,18,1.4,1e-4,10,142.93625584097072
540,0.00143285801198733,0,0,0,0,0,0,0,0,0,0,42.6912658900774,42.6838961072446,102.240962115447,19,1.4,1e-4,10,187.61755697078098
570,0.00138196102034964,0,0,0,0,0,0,0,0,0,0,41.279141553589,41.2726788156233,131.228500216131,20,1.4,1e-4,10,213.78170254636365
600,0.00124039025104459,0,0,0,0,0,0,0,0,0,0,37.0249159777494,37.0196408173968,153.352964727735,21,1.4,1e-4,10,227.39876191313226
630,0.00110657232927198,0,0,0,0,0,0,0,0,0,0,33.0313873108427,33.0270804187972,168.965601579665,22,1.4,1e-4,10,235.02517588163417
660,9.8608302603558e-4,0,0,0,0,0,0,0,0,0,0,29.4310490044603,29.4275055883244,180.647347093153,23,1.4,1e-4,10,239.50688776896374
690,8.8371097473419e-4,0,0,0,0,0,0,0,0,0,0,26.3731488498917,26.3701924602892,189.567482120409,24,1.4,1e-4,10,242.31170714156465
720,7.9730929338723e-4,0,0,0,0,0,0,0,0,0,0,23.7922595010065,23.7897577693951,196.577294106068,25,1.4,1e-4,10,244.160108685763
750,7.243579099675e-4,0,0,0,0,0,0,0,0,0,0,21.613246215816,21.6111009382853,202.207909235692,26,1.4,1e-4,10,245.43298074770328
780,6.6239665207432e-4,0,0,0,0,0,0,0,0,0,0,19.7625494160653,19.7606877470588,206.818085309859,27,1.4,1e-4,10,246.34198486963516
810,6.0937601735273e-4,0,0,0,0,0,0,0,0,0,0,18.1789346225844,18.1773019118146,210.654320830926,28,1.4,1e-4,10,247.01116674134235
840,5.6364506309497e-4,0,0,0,0,0,0,0,0,0,0,16.8130743310137,16.8116290090132,213.891321616818,29,1.4,1e-4,10,247.51658860190798
870,5.2389386436193e-4,0,0,0,0,0,0,0,0,0,0,15.6258336947129,15.6245436785216,216.655861894767,30,1.4,1e-4,10,247.90676316186588
900,4.890847005505e-4,0,0,0,0,0,0,0,0,0,0,14.5862115116841,14.5850516878918,219.041946034834,31,1.4,1e-4,10,248.21369831911045
930,4.5839258770605e-4,0,0,0,0,0,0,0,0,0,0,13.6695629165835,13.6685133641654,221.120607312434,32,1.4,1e-4,10,248.4591419857706
960,4.3115759232686e-4,0,0,0,0,0,0,0,0,0,0,12.8561742288496,12.8552189495801,222.946430520698,33,1.4,1e-4,10,248.65825485672002
990,4.0684792066168e-4,0,0,0,0,0,0,0,0,0,0,12.1301599996084,12.1292859989443,224.561994050922,34,1.4,1e-4,10,248.82184689739537
1020,3.8503169621802e-4,0,0,0,0,0,0,0,0,0,0,11.4786197380748,11.4778163506881,226.00096051906,35,1.4,1e-4,10,248.9577816395191
1050,3.6535544288839e-4,0,0,0,0,0,0,0,0,0,0,10.8909950371671,10.8902534254075,227.290268444061,36,1.4,1e-4,10,249.0718822620785
1080,3.4752764371351e-4,0,0,0,0,0,0,0,0,0,0,10.3585783698186,10.357891146012,228.451713540571,37,1.4,1e-4,10,249.16853058404533
1110,3.3130611660296e-4,0,0,0,0,0,0,0,0,0,0,9.87413593595659,9.87349687453849,229.503107656868,38,1.4,1e-4,10,249.25107177347968
1140,3.1648825984293e-4,0,0,0,0,0,0,0,0,0,0,9.43161625396178,9.43102006959763,230.459140409734,39,1.4,1e-4,10,249.32209322155325
1170,3.0290346235363e-4,0,0,0,0,0,0,0,0,0,0,9.02592342842017,9.02536560317784,231.332028230866,40,1.4,1e-4,10,249.38362016592637
1200,2.9040715537475e-4,0,0,0,0,0,0,0,0,0,0,8.65273945711055,8.6522161045109,232.132009194977,41,1.4,1e-4,10,249.43725516375383
1230,2.7887611655716e-4,0,0,0,0,0,0,0,0,0,0,8.3083839536946,8.30789171078427,232.867724479274,42,1.4,1e-4,10,249.4842790198694
1260,2.6820473612303e-4,0,0,0,0,0,0,0,0,0,0,7.98970261150507,7.98923855243735,233.546515456551,43,1.4,1e-4,10,249.52572482522953
1290,2.5830202723832e-4,0,0,0,0,0,0,0,0,0,0,7.69397789964361,7.69353946592363,234.17465728849,44,1.4,1e-4,10,249.56243295608448
1320,2.490892161185e-4,0,0,0,0,0,0,0,0,0,0,7.41885707745528,7.4184420212119,234.757544218722,45,1.4,1e-4,10,249.5950924066053
1350,2.4049778686916e-4,0,0,0,0,0,0,0,0,0,0,7.16229379306498,7.16190013059061,235.299837765124,46,1.4,1e-4,10,249.62427218656646
1380,2.3246788542634e-4,0,0,0,0,0,0,0,0,0,0,6.9225004089427,6.9221263823906,235.805586152184,47,1.4,1e-4,10,249.65044541140273
1410,2.2494700893201e-4,0,0,0,0,0,0,0,0,0,0,6.69790885386935,6.69755289947942,236.278321257746,48,1.4,1e-4,10,249.67400795810372
1440,2.1788892342481e-4,0,0,0,0,0,0,0,0,0,0,6.48713829495149,6.4867990165375,236.721137838266,49,1.4,1e-4,10,249.69529303867841
1470,2.1125276526591e-4,0,0,0,0,0,0,0,0,0,0,6.28896829795354,6.28864444465856,237.136758681998,50,1.4,1e-4,10,249.71458267737538
1500,2.0500229128557e-4,0,0,0,0,0,0,0,0,0,0,6.10231642999323,6.10200687752877,237.527588508686,51,1.4,1e-4,10,249.7321168184993
1530,1.9910524998072e-4,0,0,0,0,0,0,0,0,0,0,5.92621947805329,5.92592321279902,237.895758809762,52,1.4,1e-4,10,249.74810060586427
1560,1.935328517682e-4,0,0,0,0,0,0,0,0,0,0,5.75981762627595,5.75953373174094,238.243165349291,53,1.4,1e-4,10,249.76271024015963
1590,1.8825932070931e-4,0,0,0,0,0,0,0,0,0,0,5.60234106677486,5.60206871201891,238.571499683932,54,1.4,1e-4,10,249.77609772204647
1620,1.8326151357051e-4,0,0,0,0,0,0,0,0,0,0,5.45309862173842,5.45283705142826,238.882275781331,55,1.4,1e-4,10,249.78839471601125
1650,1.7851859479823e-4,0,0,0,0,0,0,0,0,0,0,5.31146803563587,5.31121656147155,239.17685260013,56,1.4,1e-4,10,249.7997157158322
1680,1.7401175813074e-4,0,0,0,0,0,0,0,0,0,0,5.17688766042679,5.17664565372151,239.456453325942,57,1.4,1e-4,10,249.81016065184843
1710,1.6972398727644e-4,0,0,0,0,0,0,0,0,0,0,5.04884930763141,5.04861619286661,239.722181824905,58,1.4,1e-4,10,249.81981704939028
1740,1.6563984945099e-4,0,0,0,0,0,0,0,0,0,0,4.92689208184532,4.92666733105368,239.975036771553,59,1.4,1e-4,10,249.82876182430144
1770,1.6174531666082e-4,0,0,0,0,0,0,0,0,0,0,4.81059704299284,4.81038017084687,240.215923824291,60,1.4,1e-4,10,249.83706278344738
1800,1.5802761050436e-4,0,0,0,0,0,0,0,0,0,0,4.69958257101272,4.69937313051688,240.445666155018,61,1.4,1e-4,10,249.8447798841581
1830,1.5447506697914e-4,0,0,0,0,0,0,0,0,0,0,4.59350032807396,4.59329790677498,240.665013585847,62,1.4,1e-4,10,249.8519662957629
1860,1.5107701836597e-4,0,0,0,0,0,0,0,0,0,0,4.49203173085071,4.49183594749418,240.874650542511,63,1.4,1e-4,10,249.85866929787426
1890,1.4782368973918e-4,0,0,0,0,0,0,0,0,0,0,4.39488485964167,4.39469536121446,241.075202998863,64,1.4,1e-4,10,249.8649310434089
1920,1.4470610804366e-4,0,0,0,0,0,0,0,0,0,0,4.30179174282766,4.30160820193461,241.267244558217,65,1.4,1e-4,10,249.8707892090873
1950,1.4171602200262e-4,0,0,0,0,0,0,0,0,0,0,4.2125059648141,4.21232807734557,241.45130179374,66,1.4,1e-4,10,249.87627755192165
1980,1.3884583138748e-4,0,0,0,0,0,0,0,0,0,0,4.12680055359524,4.12662803664807,241.62785895079,67,1.4,1e-4,10,249.8814263868647
0,250,0,0,0,0,0,0,0,0,0,0,0,0,0,1,1.4,1e-4,11,250
30,250.000322400697,0,0,0,0,0,0,0,0,0,0,0,0,0,2,1.4,1e-4,11,250.000322400697
60,250.000090984018,0,0,0,0,0,0,0,0,0,0,0,0,0,3,1.4,1e-4,11,250.000090984018
90,250.000018876751,0,0,0,0,0,0,0,0,0,0,0,0,0,4,1.4,1e-4,11,250.000018876751
120,201.858738849437,0,0,0,0,0,0,0,0,0,0,61.7379118233455,61.7379118233455,0.0152633589996527,5,1.4,1e-4,11,325.3498258551277
150,103.452981782798,0,0,0,0,0,0,0,0,0,0,96.8656833561831,96.8643133750554,0.0454884487582994,6,1.4,1e-4,11,297.2284669627948
180,47.1601062752112,0,0,0,0,0,0,0,0,0,0,98.4483223732937,98.445866063654,0.0901253495272938,7,1.4,1e-4,11,244.1444200616862
210,18.3144887895693,0,0,0,0,0,0,0,0,0,0,87.5532058109782,87.5507517255636,0.151894187607265,8,1.4,1e-4,11,193.57034051371835
240,5.62618324762807,0,0,0,0,0,0,0,0,0,0,74.0758695411369,74.0742057926171,0.232827271643154,9,1.4,1e-4,11,154.00908585302523
270,1.2776371462683,0,0,0,0,0,0,0,0,0,0,63.9300094375408,63.929216267349,0.333944382733614,10,1.4,1e-4,11,129.47080723389172
300,0.213913926393556,0,0,0,0,0,0,0,0,0,0,59.0086273766104,59.0083257935065,0.457052055780468,11,1.4,1e-4,11,118.68791915229092
330,0.031413908200867,0,0,0,0,0,0,0,0,0,0,57.6392192190515,57.6390584082302,0.609202236440791,12,1.4,1e-4,11,115.91889377192335
360,0.00512161799166152,0,0,0,0,0,0,0,0,0,0,57.5901975794476,57.5900334309454,0.799245204027643,13,1.4,1e-4,11,115.9845978324123
390,9.5460040323649e-4,0,0,0,0,0,0,0,0,0,0,57.8756368584408,57.8754309963346,1.03458822767513,14,1.4,1e-4,11,116.78661068285376
420,1.9090481606326e-4,0,0,0,0,0,0,0,0,0,0,58.276445157644,58.2761832307398,1.32431555560536,15,1.4,1e-4,11,117.87713484880521
450,7.79546426665919e-5,0,0,0,0,0,0,0,0,0,0,9.89972940519217,9.89869629455051,1.24164353959883,16,1.4,1e-4,11,21.040147193984176
480,6.49877423839534e-5,0,0,0,0,0,0,0,0,0,0,11.5856378421342,11.5834884481116,6.96404999035615,17,1.4,1e-4,11,30.133241268344335
510,1.9207267488657e-4,0,0,0,0,0,0,0,0,0,0,29.700604283957,29.6948386913141,26.5552744873538,18,1.4,1e-4,11,85.95090953529979
540,2.6157135866555e-4,0,0,0,0,0,0,0,0,0,0,41.8590992362293,41.8513588364157,65.5349634849175,19,1.4,1e-4,11,149.24568312892117
570,2.6974051503791e-4,0,0,0,0,0,0,0,0,0,0,42.7764014208353,42.7690896392525,105.667098105523,20,1.4,1e-4,11,191.21285890612583
600,2.5737235017144e-4,0,0,0,0,0,0,0,0,0,0,40.8993038505013,40.89296376356,133.791823736869,21,1.4,1e-4,11,215.58434872328047
630,2.3059248883848e-4,0,0,0,0,0,0,0,0,0,0,36.622296353519,36.6171279006694,155.130063018366,22,1.4,1e-4,11,228.36971786504324
660,2.0560062786988e-4,0,0,0,0,0,0,0,0,0,0,32.6533351554777,32.6491140795607,170.274359704205,23,1.4,1e-4,11,235.57701453987127
690,1.8328967004071e-4,0,0,0,0,0,0,0,0,0,0,29.1064329825477,29.1029556937172,181.633500933287,24,1.4,1e-4,11,239.84307289922194
720,1.6436420733512e-4,0,0,0,0,0,0,0,0,0,0,26.0986453513785,26.0957400114067,190.33399697197,25,1.4,1e-4,11,242.52854669896254
750,1.4839623527609e-4,0,0,0,0,0,0,0,0,0,0,23.5608696421945,23.5584077365621,197.187419019607,26,1.4,1e-4,11,244.30684479459887
780,1.3490812152182e-4,0,0,0,0,0,0,0,0,0,0,21.4173089758498,21.4151952212229,202.703631072458,27,1.4,1e-4,11,245.53627017765223
810,1.234441133867e-4,0,0,0,0,0,0,0,0,0,0,19.595468028701,19.5936316843775,207.227885398058,28,1.4,1e-4,11,246.41710855524988
840,1.1362669612241e-4,0,0,0,0,0,0,0,0,0,0,18.0353353454097,18.0337232708406,210.998152881855,29,1.4,1e-4,11,247.0673251248014
870,1.0515246355681e-4,0,0,0,0,0,0,0,0,0,0,16.6886794642956,16.6872511798921,214.183523370517,30,1.4,1e-4,11,247.55955916716826
900,9.77808149924559e-5,0,0,0,0,0,0,0,0,0,0,15.5172560877155,15.5159803068583,216.906972971989,31,1.4,1e-4,11,247.9403071473778
930,9.13211145352454e-5,0,0,0,0,0,0,0,0,0,0,14.490764239973,14.4896164392196,219.259869688858,32,1.4,1e-4,11,248.24034168916515
960,8.56217280012004e-5,0,0,0,0,0,0,0,0,0,0,13.5851030284171,13.5840637300462,221.311375270642,33,1.4,1e-4,11,248.4806276508333
990,8.05612745462887e-5,0,0,0,0,0,0,0,0,0,0,12.7809806129094,12.7800341564029,223.114718979545,34,1.4,1e-4,11,248.67581431013184
1020,7.60418681019222e-5,0,0,0,0,0,0,0,0,0,0,12.0628397067356,12.0619733581885,224.711479623829,35,1.4,1e-4,11,248.83636873062122
1050,7.1983952831829e-5,0,0,0,0,0,0,0,0,0,0,11.4180365557013,11.4172398534125,226.134570713625,36,1.4,1e-4,11,248.96991910669163
1080,6.83223655052732e-5,0,0,0,0,0,0,0,0,0,0,10.8362149983391,10.83547926556,227.410361117762,37,1.4,1e-4,11,249.0821237040266
1110,6.50033255548753e-5,0,0,0,0,0,0,0,0,0,0,10.3088280146412,10.3081459921854,228.560207585817,38,1.4,1e-4,11,249.17724659596917
1140,6.19821225977823e-5,0,0,0,0,0,0,0,0,0,0,9.82877015419924,9.82813572011205,229.601579593421,39,1.4,1e-4,11,249.2585474498549
1170,5.92213284504621e-5,0,0,0,0,0,0,0,0,0,0,9.39009334155299,9.38950129480784,230.548896754261,40,1.4,1e-4,11,249.32855061195028
1200,5.66894049571451e-5,0,0,0,0,0,0,0,0,0,0,8.98778560030032,8.98723149214529,231.414160397624,41,1.4,1e-4,11,249.38923417947456
1230,5.43596121186749e-5,0,0,0,0,0,0,0,0,0,0,8.61759751152356,8.61707751269047,232.207435624523,42,1.4,1e-4,11,249.44216500834912
1260,5.22091454986239e-5,0,0,0,0,0,0,0,0,0,0,8.27590511600109,8.27541591119341,232.937223310372,43,1.4,1e-4,11,249.488596546712
1290,5.02184498747334e-5,0,0,0,0,0,0,0,0,0,0,7.95960083005946,7.95913953339763,233.610750113529,44,1.4,1e-4,11,249.52954069543597
1320,4.83706693199617e-5,0,0,0,0,0,0,0,0,0,0,7.66600604602463,7.66557013274401,234.234196703281,45,1.4,1e-4,11,249.56582125271893
1350,4.66512036335853e-5,0,0,0,0,0,0,0,0,0,0,7.39280063600776,7.39238788687194,234.81287894842,46,1.4,1e-4,11,249.59811412250335
1380,4.50473482479378e-5,0,0,0,0,0,0,0,0,0,0,7.13796572313383,7.13757417887871,235.351392939885,47,1.4,1e-4,11,249.62697788924578
1410,4.35480000981028e-5,0,0,0,0,0,0,0,0,0,0,6.89973693662709,6.89936486037989,235.853731953801,48,1.4,1e-4,11,249.65287729880808
1440,4.21434159562429e-5,0,0,0,0,0,0,0,0,0,0,6.67656600527857,6.6762118513638,236.323381458594,49,1.4,1e-4,11,249.67620145865234
1470,4.08250127570993e-5,0,0,0,0,0,0,0,0,0,0,6.46708902462975,6.46675141252603,236.763396804893,50,1.4,1e-4,11,249.69727806706155
1500,3.95852017352859e-5,0,0,0,0,0,0,0,0,0,0,6.27010009785214,6.26977779032994,237.17646715452,51,1.4,1e-4,11,249.7163846279038
1530,3.84172499461982e-5,0,0,0,0,0,0,0,0,0,0,6.08452932864861,6.08422121332283,237.564968397424,52,1.4,1e-4,11,249.73375735664538
1560,3.73151640877041e-5,0,0,0,0,0,0,0,0,0,0,5.9094243583383,5.90912943202612,237.93100719782,53,1.4,1e-4,11,249.7495983033485
1590,3.62735925798508e-5,0,0,0,0,0,0,0,0,0,0,5.74393480459623,5.74365215999229,238.276457849661,54,1.4,1e-4,11,249.7640810878421
1620,3.52877426687872e-5,0,0,0,0,0,0,0,0,0,0,5.58729908789625,5.58702790217208,238.602993268864,55,1.4,1e-4,11,249.77735554667498
1650,3.43533099540696e-5,0,0,0,0,0,0,0,0,0,0,5.43883323230745,5.43857275731672,238.912111177886,56,1.4,1e-4,11,249.78955152082014
1680,3.34664182366036e-5,0,0,0,0,0,0,0,0,0,0,5.29792130645864,5.29767086028883,239.20515632727,57,1.4,1e-4,11,249.8007819604357
1710,3.2623567978613e-5,0,0,0,0,0,0,0,0,0,0,5.16400723312694,5.16376619278493,239.483339433965,58,1.4,1e-4,11,249.81114548344485
1740,3.18215919805683e-5,0,0,0,0,0,0,0,0,0,0,5.03658774573829,5.0363555407952,239.74775338657,59,1.4,1e-4,11,249.82072849469546
1770,3.10576171307175e-5,0,0,0,0,0,0,0,0,0,0,4.91520630991447,4.91498241696488,239.999387165136,60,1.4,1e-4,11,249.82960694963248
1800,3.03290312843408e-5,0,0,0,0,0,0,0,0,0,0,4.79944786022027,4.79923179803613,240.239137841544,61,1.4,1e-4,11,249.83784782883168
1830,2.96334544925201e-5,0,0,0,0,0,0,0,0,0,0,4.68893422811925,4.68872555339786,240.467820961196,62,1.4,1e-4,11,249.8455103761676
1860,2.89687139321686e-5,0,0,0,0,0,0,0,0,0,0,4.58332015811636,4.58311846173885,240.686179554262,63,1.4,1e-4,11,249.85264714283113
1890,2.83328219965777e-5,0,0,0,0,0,0,0,0,0,0,4.48228982615225,4.48209472988179,240.894891982272,64,1.4,1e-4,11,249.85930487112802
1920,2.77239570936971e-5,0,0,0,0,0,0,0,0,0,0,4.38555378829374,4.38536494185381,241.094578791367,65,1.4,1e-4,11,249.86552524547164
1950,2.71404467716371e-5,0,0,0,0,0,0,0,0,0,0,4.29284629924979,4.29266337773228,241.28580871542,66,1.4,1e-4,11,249.87134553284884
1980,2.6580752850493e-5,0,0,0,0,0,0,0,0,0,0,4.20392294971656,4.20374565127644,241.469103949166,67,1.4,1e-4,11,249.87679913091185
0,250,0,0,0,0,0,0,0,0,0,0,0,0,0,1,1.4,1e-4,12,250
30,250.000322400697,0,0,0,0,0,0,0,0,0,0,0,0,0,2,1.4,1e-4,12,250.000322400697
60,250.000090984018,0,0,0,0,0,0,0,0,0,0,0,0,0,3,1.4,1e-4,12,250.000090984018
90,250.000018876751,0,0,0,0,0,0,0,0,0,0,0,0,0,4,1.4,1e-4,12,250.000018876751
120,201.858738849437,0,0,0,0,0,0,0,0,0,0,61.7379118233455,61.7379118233455,0.0152633589996527,5,1.4,1e-4,12,325.3498258551277
150,103.452981782798,0,0,0,0,0,0,0,0,0,0,96.8656833561831,96.8643133750554,0.0454884487582994,6,1.4,1e-4,12,297.2284669627948
180,47.1601062752112,0,0,0,0,0,0,0,0,0,0,98.4483223732937,98.445866063654,0.0901253495272938,7,1.4,1e-4,12,244.1444200616862
210,18.3144887895693,0,0,0,0,0,0,0,0,0,0,87.5532058109782,87.5507517255636,0.151894187607265,8,1.4,1e-4,12,193.57034051371835
240,5.62618324762807,0,0,0,0,0,0,0,0,0,0,74.0758695411369,74.0742057926171,0.232827271643154,9,1.4,1e-4,12,154.00908585302523
270,1.2776371462683,0,0,0,0,0,0,0,0,0,0,63.9300094375408,63.929216267349,0.333944382733614,10,1.4,1e-4,12,129.47080723389172
300,0.213913926393556,0,0,0,0,0,0,0,0,0,0,59.0086273766104,59.0083257935065,0.457052055780468,11,1.4,1e-4,12,118.68791915229092
330,0.031413908200867,0,0,0,0,0,0,0,0,0,0,57.6392192190515,57.6390584082302,0.609202236440791,12,1.4,1e-4,12,115.91889377192335
360,0.00512161799166152,0,0,0,0,0,0,0,0,0,0,57.5901975794476,57.5900334309454,0.799245204027643,13,1.4,1e-4,12,115.9845978324123
390,9.5460040323649e-4,0,0,0,0,0,0,0,0,0,0,57.8756368584408,57.8754309963346,1.03458822767513,14,1.4,1e-4,12,116.78661068285376
420,1.9090481606326e-4,0,0,0,0,0,0,0,0,0,0,58.276445157644,58.2761832307398,1.32431555560536,15,1.4,1e-4,12,117.87713484880521
450,4.04612207808299e-5,0,0,0,0,0,0,0,0,0,0,58.7668573364778,58.7665275300462,1.68016043708083,16,1.4,1e-4,12,119.21358576482561
480,1.77279285511045e-5,0,0,0,0,0,0,0,0,0,0,11.3447821650275,11.3435258512086,1.60041621789425,17,1.4,1e-4,12,24.2887419620589
510,1.53505838086148e-5,0,0,0,0,0,0,0,0,0,0,13.5100075848608,13.5075000259207,8.84620813772416,18,1.4,1e-4,12,35.86373109908947
540,4.10823903772263e-5,0,0,0,0,0,0,0,0,0,0,31.7934423374874,31.7873010794603,30.5139513378748,19,1.4,1e-4,12,94.09473583721288
570,5.33858077758637e-5,0,0,0,0,0,0,0,0,0,0,42.5466997648158,42.538893882836,69.9897383589921,20,1.4,1e-4,12,155.07538539245166
600,5.41008357981468e-5,0,0,0,0,0,0,0,0,0,0,42.7898639359933,42.7826228357654,108.938991278005,21,1.4,1e-4,12,194.51153215059952
630,5.113241070224e-5,0,0,0,0,0,0,0,0,0,0,40.510929656673,40.5047118489097,136.235154895725,22,1.4,1e-4,12,217.2508475337184
660,4.57436741864447e-5,0,0,0,0,0,0,0,0,0,0,36.2232873420774,36.2182232814523,156.833105126712,23,1.4,1e-4,12,229.27466149391591
690,4.07690347385225e-5,0,0,0,0,0,0,0,0,0,0,32.2836633673188,32.27952563717,171.532426723638,24,1.4,1e-4,12,236.09565649716154
720,3.6361290736396e-5,0,0,0,0,0,0,0,0,0,0,28.7899702281955,28.786557119396,182.584580211542,25,1.4,1e-4,12,240.16114392042425
750,3.26275101946747e-5,0,0,0,0,0,0,0,0,0,0,25.83125003678,25.8283942932883,191.075125793641,26,1.4,1e-4,12,242.7348027512195
780,2.94778696014662e-5,0,0,0,0,0,0,0,0,0,0,23.3354117887601,23.3329886413823,197.778591528859,27,1.4,1e-4,12,244.447021436871
810,2.68161150395957e-5,0,0,0,0,0,0,0,0,0,0,21.2262705874006,21.2241875683772,203.184805662899,28,1.4,1e-4,12,245.63529063479186
840,2.4552224583218e-5,0,0,0,0,0,0,0,0,0,0,19.4324347936402,19.4306231879229,207.626256514945,29,1.4,1e-4,12,246.4893390487327
870,2.26120060643894e-5,0,0,0,0,0,0,0,0,0,0,17.8950997867586,17.8935079071265,211.332824505087,30,1.4,1e-4,12,247.12145481097815
900,2.09359530174921e-5,0,0,0,0,0,0,0,0,0,0,16.5671006327314,16.5656890499192,214.468254852093,31,1.4,1e-4,12,247.60106547069662
930,1.94768980192702e-5,0,0,0,0,0,0,0,0,0,0,15.4110552639938,15.4097934599329,217.151899467357,32,1.4,1e-4,12,247.97276766818172
960,1.81974606785985e-5,0,0,0,0,0,0,0,0,0,0,14.3973394154073,14.3962034369181,219.472604836437,33,1.4,1e-4,12,248.2661658862231
990,1.70678920385268e-5,0,0,0,0,0,0,0,0,0,0,13.5023776315508,13.5013484300742,221.497739040866,34,1.4,1e-4,12,248.50148217038304
1020,1.60643620480705e-5,0,0,0,0,0,0,0,0,0,0,12.7072856009096,12.7063478433546,223.279229825667,35,1.4,1e-4,12,248.69287933429322
1050,1.51676388129726e-5,0,0,0,0,0,0,0,0,0,0,11.9968232173894,11.9959644229178,224.857694672492,36,1.4,1e-4,12,248.850497480438
1080,1.43620798721803e-5,0,0,0,0,0,0,0,0,0,0,11.358595032134,11.3578049370242,226.26532559081,37,1.4,1e-4,12,248.98173992204806
1110,1.36348630435188e-5,0,0,0,0,0,0,0,0,0,0,10.782440628813,10.7817107129561,227.527942057223,38,1.4,1e-4,12,249.09210703385514
1140,1.29753982379065e-5,0,0,0,0,0,0,0,0,0,0,10.2599684521322,10.259291581577,228.666476951724,39,1.4,1e-4,12,249.18574996083146
1170,1.23748753066677e-5,0,0,0,0,0,0,0,0,0,0,9.78419746257691,9.78356761647066,229.698068784145,40,1.4,1e-4,12,249.26584623806787
1200,1.18259142094699e-5,0,0,0,0,0,0,0,0,0,0,9.349279891253,9.34869195092458,230.636875895527,41,1.4,1e-4,12,249.33485956361878
1230,1.13222924347458e-5,0,0,0,0,0,0,0,0,0,0,8.95028522320241,8.94973480754628,231.494691273714,42,1.4,1e-4,12,249.39472262675514
1260,1.08587310650709e-5,0,0,0,0,0,0,0,0,0,0,8.58303065978867,8.58251399553278,232.281412338738,43,1.4,1e-4,12,249.44696785279052
1290,1.04307256465811e-5,0,0,0,0,0,0,0,0,0,0,8.24394708955055,8.24346090808551,233.005403849176,44,1.4,1e-4,12,249.4928222775377
1320,1.0034411522572e-5,0,0,0,0,0,0,0,0,0,0,7.92997237224837,7.92951382688242,233.673781088771,45,1.4,1e-4,12,249.5332773223133
1350,9.66645586373172e-6,0,0,0,0,0,0,0,0,0,0,7.63846577980849,7.6380323788766,234.292632922808,46,1.4,1e-4,12,249.56914074794895
1380,9.32397052315184e-6,0,0,0,0,0,0,0,0,0,0,7.36713894046104,7.36672849284819,234.86719902664,47,1.4,1e-4,12,249.60107578391975
1410,9.00444124786436e-6,0,0,0,0,0,0,0,0,0,0,7.11399974486545,7.1136103153308,235.402011847563,48,1.4,1e-4,12,249.6296309122005
1440,8.70566982374692e-6,0,0,0,0,0,0,0,0,0,0,6.87730650133813,6.87693637363709,235.901011181395,49,1.4,1e-4,12,249.65526276204005
1470,8.42572651359154e-6,0,0,0,0,0,0,0,0,0,0,6.65553024783319,6.65517789408898,236.367637303621,50,1.4,1e-4,12,249.67835387126968
1500,8.16291073846442e-6,0,0,0,0,0,0,0,0,0,0,6.4473235961881,6.44698765130666,236.804907173251,51,1.4,1e-4,12,249.6992265836565
1530,7.91571840048532e-6,0,0,0,0,0,0,0,0,0,0,6.25149483919841,6.25117407937959,237.215477176155,52,1.4,1e-4,12,249.7181540104514
1560,7.68281458735161e-6,0,0,0,0,0,0,0,0,0,0,6.06698632227957,6.06667964687583,237.601695089537,53,1.4,1e-4,12,249.735368741507
1590,7.4630106619869e-6,0,0,0,0,0,0,0,0,0,0,5.89285628994346,5.89256270607024,237.965643358074,54,1.4,1e-4,12,249.75106981709837
1620,7.25524494417864e-6,0,0,0,0,0,0,0,0,0,0,5.72826357857664,5.72798218799672,238.309175323086,55,1.4,1e-4,12,249.7654283449043
1650,7.05856634943452e-6,0,0,0,0,0,0,0,0,0,0,5.57245465250676,5.57218464040423,238.633945702445,56,1.4,1e-4,12,249.77859205392235
1680,6.87212047426715e-6,0,0,0,0,0,0,0,0,0,0,5.42475257859433,5.42449320392569,238.941436353781,57,1.4,1e-4,12,249.79068900842148
1710,6.69513771473279e-6,0,0,0,0,0,0,0,0,0,0,5.28454761194222,5.28429819911094,239.2329781477,58,1.4,1e-4,12,249.80183065389087
1740,6.52692308233289e-6,0,0,0,0,0,0,0,0,0,0,5.15128912655941,5.15104905820527,239.509769616716,59,1.4,1e-4,12,249.81211432840377
1770,6.36684744289942e-6,0,0,0,0,0,0,0,0,0,0,5.02447867355913,5.024247384291,239.772892918989,60,1.4,1e-4,12,249.82162534368655
1800,6.21433995329529e-6,0,0,0,0,0,0,0,0,0,0,4.90366398846789,4.90344095939798,240.023327555663,61,1.4,1e-4,12,249.83043871786882
1830,6.06888151032455e-6,0,0,0,0,0,0,0,0,0,0,4.78843380057312,4.78821855453484,240.261962200808,62,1.4,1e-4,12,249.83862062479747
1860,5.92999905820751e-6,0,0,0,0,0,0,0,0,0,0,4.67841332256249,4.67820541991355,240.489604939063,63,1.4,1e-4,12,249.84622961153812
1890,5.79726062691043e-6,0,0,0,0,0,0,0,0,0,0,4.57326031925985,4.57305935418796,240.706992154647,64,1.4,1e-4,12,249.85331762535543
1920,5.67027099475955e-6,0,0,0,0,0,0,0,0,0,0,4.47266167101332,4.47246726827526,240.914796273877,65,1.4,1e-4,12,249.85993088343656
1950,5.54866788607264e-6,0,0,0,0,0,0,0,0,0,0,4.37633036100314,4.37614217303856,241.113632529465,66,1.4,1e-4,12,249.8661106121746
1980,5.4321186287635e-6,0,0,0,0,0,0,0,0,0,0,4.28400282700598,4.28382053137616,241.304064887372,67,1.4,1e-4,12,249.87189367787278
0,250,0,0,0,0,0,0,0,0,0,0,0,0,0,1,1.4,1e-4,13,250
30,250.000322400697,0,0,0,0,0,0,0,0,0,0,0,0,0,2,1.4,1e-4,13,250.000322400697
60,250.000090984018,0,0,0,0,0,0,0,0,0,0,0,0,0,3,1.4,1e-4,13,250.000090984018
90,250.000018876751,0,0,0,0,0,0,0,0,0,0,0,0,0,4,1.4,1e-4,13,250.000018876751
120,201.858738849437,0,0,0,0,0,0,0,0,0,0,61.7379118233455,61.7379118233455,0.0152633589996527,5,1.4,1e-4,13,325.3498258551277
150,103.452981782798,0,0,0,0,0,0,0,0,0,0,96.8656833561831,96.8643133750554,0.0454884487582994,6,1.4,1e-4,13,297.2284669627948
180,47.1601062752112,0,0,0,0,0,0,0,0,0,0,98.4483223732937,98.445866063654,0.0901253495272938,7,1.4,1e-4,13,244.1444200616862
210,18.3144887895693,0,0,0,0,0,0,0,0,0,0,87.5532058109782,87.5507517255636,0.151894187607265,8,1.4,1e-4,13,193.57034051371835
240,5.62618324762807,0,0,0,0,0,0,0,0,0,0,74.0758695411369,74.0742057926171,0.232827271643154,9,1.4,1e-4,13,154.00908585302523
270,1.2776371462683,0,0,0,0,0,0,0,0,0,0,63.9300094375408,63.929216267349,0.333944382733614,10,1.4,1e-4,13,129.47080723389172
300,0.213913926393556,0,0,0,0,0,0,0,0,0,0,59.0086273766104,59.0083257935065,0.457052055780468,11,1.4,1e-4,13,118.68791915229092
330,0.031413908200867,0,0,0,0,0,0,0,0,0,0,57.6392192190515,57.6390584082302,0.609202236440791,12,1.4,1e-4,13,115.91889377192335
360,0.00512161799166152,0,0,0,0,0,0,0,0,0,0,57.5901975794476,57.5900334309454,0.799245204027643,13,1.4,1e-4,13,115.9845978324123
390,9.5460040323649e-4,0,0,0,0,0,0,0,0,0,0,57.8756368584408,57.8754309963346,1.03458822767513,14,1.4,1e-4,13,116.78661068285376
420,1.9090481606326e-4,0,0,0,0,0,0,0,0,0,0,58.276445157644,58.2761832307398,1.32431555560536,15,1.4,1e-4,13,117.87713484880521
450,4.04612207808299e-5,0,0,0,0,0,0,0,0,0,0,58.7668573364778,58.7665275300462,1.68016043708083,16,1.4,1e-4,13,119.21358576482561
480,9.14131899978151e-6,0,0,0,0,0,0,0,0,0,0,59.3542465307346,59.3538359653965,2.11618788109141,17,1.4,1e-4,13,120.8242795185415
510,4.2766456729947e-6,0,0,0,0,0,0,0,0,0,0,12.9839442942034,12.9824367482631,2.05107757283426,18,1.4,1e-4,13,28.017462891946433
540,3.81532941311241e-6,0,0,0,0,0,0,0,0,0,0,15.5481889623482,15.54530513701,11.0039416624449,19,1.4,1e-4,13,42.09743957713251
570,9.28158118202739e-6,0,0,0,0,0,0,0,0,0,0,33.7330105259603,33.7265310699143,34.5743111410482,20,1.4,1e-4,13,102.03386201850398
600,1.15610041324648e-5,0,0,0,0,0,0,0,0,0,0,43.0821598025578,43.0743206961355,74.346214387455,21,1.4,1e-4,13,160.50270644715243
630,1.15429016954484e-5,0,0,0,0,0,0,0,0,0,0,42.7411862882089,42.734027014847,112.089625402254,22,1.4,1e-4,13,197.5648502482116
660,1.08182079903706e-5,0,0,0,0,0,0,0,0,0,0,40.1140383250718,40.1079428517751,138.583395739558,23,1.4,1e-4,13,218.8053877346129
690,9.66601631048856e-6,0,0,0,0,0,0,0,0,0,0,35.8259584335931,35.8209971527942,158.478471643896,24,1.4,1e-4,13,230.12543689629962
720,8.61232580989871e-6,0,0,0,0,0,0,0,0,0,0,31.9198122986233,31.9157561222938,172.751581328494,25,1.4,1e-4,13,236.58715836173693
750,7.68491076379621e-6,0,0,0,0,0,0,0,0,0,0,28.4793158980713,28.4759655661391,183.509214381035,26,1.4,1e-4,13,240.46450353015618
780,6.90021416566436e-6,0,0,0,0,0,0,0,0,0,0,25.5689365829904,25.5661294071597,191.797463596846,27,1.4,1e-4,13,242.93253648721026
810,6.23835831654778e-6,0,0,0,0,0,0,0,0,0,0,23.1141743565062,23.1117892301536,198.355997735313,28,1.4,1e-4,13,244.58196756033112
840,5.67874173081424e-6,0,0,0,0,0,0,0,0,0,0,21.0386888412335,21.0366360308342,203.655612059339,29,1.4,1e-4,13,245.73094261014845
870,5.20243716803625e-6,0,0,0,0,0,0,0,0,0,0,19.2722295551419,19.2704423099969,208.016634359157,30,1.4,1e-4,13,246.55931142673296
900,4.79391591328738e-6,0,0,0,0,0,0,0,0,0,0,17.7571887250793,17.7556167678792,211.661208343953,31,1.4,1e-4,13,247.17401863082742
930,4.44074575106674e-6,0,0,0,0,0,0,0,0,0,0,16.4474460440221,16.4460509656385,214.747952709584,32,1.4,1e-4,13,247.64145415999036
960,4.13307584478359e-6,0,0,0,0,0,0,0,0,0,0,15.3064601479508,15.3052121778732,217.392733961601,33,1.4,1e-4,13,248.00441042050085
990,3.8630973438202e-6,0,0,0,0,0,0,0,0,0,0,14.3052654960058,14.3041412366057,219.681968027155,34,1.4,1e-4,13,248.29137862286385
1020,3.62459213125611e-6,0,0,0,0,0,0,0,0,0,0,13.4207978875253,13.4197787089845,221.681290502547,35,1.4,1e-4,13,248.52187072364893
1050,3.41257577734715e-6,0,0,0,0,0,0,0,0,0,0,12.634569614216,12.6336405033987,223.441369724995,36,1.4,1e-4,13,248.7095832551855
1080,3.22302260052361e-6,0,0,0,0,0,0,0,0,0,0,11.9316493991222,11.9307981228368,225.001891435172,37,1.4,1e-4,13,248.8643421801536
1110,3.05265577496259e-6,0,0,0,0,0,0,0,0,0,0,11.2998837166617,11.2991002051886,226.394347317515,38,1.4,1e-4,13,248.99333429202107
1140,2.89878726621455e-6,0,0,0,0,0,0,0,0,0,0,10.7293030008678,10.7285788877875,227.64402286947,39,1.4,1e-4,13,249.10190765691257
1170,2.75919537460252e-6,0,0,0,0,0,0,0,0,0,0,10.2116673856945,10.2109956600801,228.771438492919,40,1.4,1e-4,13,249.19410429788897
1200,2.63203054449507e-6,0,0,0,0,0,0,0,0,0,0,9.74011731071514,9.73949205114386,229.793410269435,41,1.4,1e-4,13,249.27302226332452
1230,2.51574243993627e-6,0,0,0,0,0,0,0,0,0,0,9.30890302042155,9.30831918930291,230.723841748432,42,1.4,1e-4,13,249.3410664738989
1260,2.40902308404896e-6,0,0,0,0,0,0,0,0,0,0,8.91317365434847,8.91262693724376,231.574322554382,43,1.4,1e-4,13,249.40012555499732
1290,2.31076220018402e-6,0,0,0,0,0,0,0,0,0,0,8.5488115998369,8.54829827871235,232.354586291733,44,1.4,1e-4,13,249.45169848104445
1320,2.22001188112437e-6,0,0,0,0,0,0,0,0,0,0,8.21230144647812,8.21181829882175,233.072864633903,45,1.4,1e-4,13,249.49698659921475
1350,2.13595843848189e-6,0,0,0,0,0,0,0,0,0,0,7.90062557429404,7.90016979214041,233.736163890055,46,1.4,1e-4,13,249.5369613924479
1380,2.05789981781409e-6,0,0,0,0,0,0,0,0,0,0,7.61118038661303,7.61074951103395,234.350483037956,47,1.4,1e-4,13,249.5724149935028
1410,1.98522735823194e-6,0,0,0,0,0,0,0,0,0,0,7.34170865749868,7.34130052521435,234.920987102285,48,1.4,1e-4,13,249.6039982702254
1440,1.91741096658391e-6,0,0,0,0,0,0,0,0,0,0,7.09024454429439,7.08985724386072,235.452146138,49,1.4,1e-4,13,249.63224984356606
1470,1.85398699333334e-6,0,0,0,0,0,0,0,0,0,0,6.85506862096252,6.85470045658338,235.947847482698,50,1.4,1e-4,13,249.65761841423088
1500,1.79454825994069e-6,0,0,0,0,0,0,0,0,0,0,6.63467089142046,6.63432035287496,236.411487059307,51,1.4,1e-4,13,249.6804800981507
1530,1.73873581030777e-6,0,0,0,0,0,0,0,0,0,0,6.42772019739897,6.42738593490688,236.846044130525,52,1.4,1e-4,13,249.70115200156667
1560,1.68623205205189e-6,0,0,0,0,0,0,0,0,0,0,6.23303878110294,6.23271958420326,237.254142884888,53,1.4,1e-4,13,249.71990293642625
1590,1.63675502461878e-6,0,0,0,0,0,0,0,0,0,0,6.04958102721361,6.04927580692476,237.63810347106,54,1.4,1e-4,13,249.73696194195338
1620,1.59005358604265e-6,0,0,0,0,0,0,0,0,0,0,5.87641561203522,5.8761233857142,237.999984521463,55,1.4,1e-4,13,249.752525109266
1650,1.54590335257585e-6,0,0,0,0,0,0,0,0,0,0,5.71271044491544,5.7124303233486,238.341618769067,56,1.4,1e-4,13,249.7667610832344
1680,1.50410325844064e-6,0,0,0,0,0,0,0,0,0,0,5.55771990957955,5.55745108592849,238.664643026083,57,1.4,1e-4,13,249.77981552569432
1710,1.46447262882714e-6,0,0,0,0,0,0,0,0,0,0,5.41077400898294,5.41051574927995,238.970523534726,58,1.4,1e-4,13,249.7918147574615
1740,1.42684867964389e-6,0,0,0,0,0,0,0,0,0,0,5.27126909288365,5.27102072782744,239.260577499304,59,1.4,1e-4,13,249.80286874686377
1770,1.39108437367213e-6,0,0,0,0,0,0,0,0,0,0,5.13865990721958,5.13842082506723,239.535991451637,60,1.4,1e-4,13,249.81307357500816
1800,1.35704657563155e-6,0,0,0,0,0,0,0,0,0,0,5.0124527520602,5.0122223924469,239.797836978063,61,1.4,1e-4,13,249.82251347961667
1830,1.32461445895605e-6,0,0,0,0,0,0,0,0,0,0,4.89219957307027,4.89197742161781,240.047084238247,62,1.4,1e-4,13,249.83126255754954
1860,1.29367812535517e-6,0,0,0,0,0,0,0,0,0,0,4.77749284212311,4.77727842572117,240.284613627937,63,1.4,1e-4,13,249.83938618945942
1890,1.26413740492602e-6,0,0,0,0,0,0,0,0,0,0,4.66796110751102,4.66775399017463,240.511225875225,64,1.4,1e-4,13,249.84694223704804
1920,1.23590081001182e-6,0,0,0,0,0,0,0,0,0,0,4.56326511434286,4.56306489356506,240.727650809585,65,1.4,1e-4,13,249.8539820533937
1950,1.20888462043124e-6,0,0,0,0,0,0,0,0,0,0,4.46309441214355,4.46290071567502,240.934555002155,66,1.4,1e-4,13,249.8605513388582
1980,1.1830120813291e-6,0,0,0,0,0,0,0,0,0,0,4.36716438011955,4.36697686311748,241.132548442676,67,1.4,1e-4,13,249.86669086892513
0,250,0,0,0,0,0,0,0,0,0,0,0,0,0,1,1.4,1e-4,14,250
30,250.000322400697,0,0,0,0,0,0,0,0,0,0,0,0,0,2,1.4,1e-4,14,250.000322400697
60,250.000090984018,0,0,0,0,0,0,0,0,0,0,0,0,0,3,1.4,1e-4,14,250.000090984018
90,250.000018876751,0,0,0,0,0,0,0,0,0,0,0,0,0,4,1.4,1e-4,14,250.000018876751
120,201.858738849437,0,0,0,0,0,0,0,0,0,0,61.7379118233455,61.7379118233455,0.0152633589996527,5,1.4,1e-4,14,325.3498258551277
150,103.452981782798,0,0,0,0,0,0,0,0,0,0,96.8656833561831,96.8643133750554,0.0454884487582994,6,1.4,1e-4,14,297.2284669627948
180,47.1601062752112,0,0,0,0,0,0,0,0,0,0,98.4483223732937,98.445866063654,0.0901253495272938,7,1.4,1e-4,14,244.1444200616862
210,18.3144887895693,0,0,0,0,0,0,0,0,0,0,87.5532058109782,87.5507517255636,0.151894187607265,8,1.4,1e-4,14,193.57034051371835
240,5.62618324762807,0,0,0,0,0,0,0,0,0,0,74.0758695411369,74.0742057926171,0.232827271643154,9,1.4,1e-4,14,154.00908585302523
270,1.2776371462683,0,0,0,0,0,0,0,0,0,0,63.9300094375408,63.929216267349,0.333944382733614,10,1.4,1e-4,14,129.47080723389172
300,0.213913926393556,0,0,0,0,0,0,0,0,0,0,59.0086273766104,59.0083257935065,0.457052055780468,11,1.4,1e-4,14,118.68791915229092
330,0.031413908200867,0,0,0,0,0,0,0,0,0,0,57.6392192190515,57.6390584082302,0.609202236440791,12,1.4,1e-4,14,115.91889377192335
360,0.00512161799166152,0,0,0,0,0,0,0,0,0,0,57.5901975794476,57.5900334309454,0.799245204027643,13,1.4,1e-4,14,115.9845978324123
390,9.5460040323649e-4,0,0,0,0,0,0,0,0,0,0,57.8756368584408,57.8754309963346,1.03458822767513,14,1.4,1e-4,14,116.78661068285376
420,1.9090481606326e-4,0,0,0,0,0,0,0,0,0,0,58.276445157644,58.2761832307398,1.32431555560536,15,1.4,1e-4,14,117.87713484880521
450,4.04612207808299e-5,0,0,0,0,0,0,0,0,0,0,58.7668573364778,58.7665275300462,1.68016043708083,16,1.4,1e-4,14,119.21358576482561
480,9.14131899978151e-6,0,0,0,0,0,0,0,0,0,0,59.3542465307346,59.3538359653965,2.11618788109141,17,1.4,1e-4,14,120.8242795185415
510,2.19977428911042e-6,0,0,0,0,0,0,0,0,0,0,60.0510857080476,60.0505800093111,2.64873803172041,18,1.4,1e-4,14,122.7504059488534
540,1.09212738327016e-6,0,0,0,0,0,0,0,0,0,0,14.8173597837898,14.8155738589491,2.61453250438601,19,1.4,1e-4,14,32.247467239252295
570,9.96580182168368e-7,0,0,0,0,0,0,0,0,0,0,17.6758347813699,17.67256225353,13.4383944041891,20,1.4,1e-4,14,48.786792435669184
600,2.21460075647864e-6,0,0,0,0,0,0,0,0,0,0,35.5208469205209,35.5140669169082,38.7200239897943,21,1.4,1e-4,14,109.75494004182416
630,2.65431143269233e-6,0,0,0,0,0,0,0,0,0,0,43.4875419184554,43.4796976609647,78.6131064536455,22,1.4,1e-4,14,165.58034868737704
660,2.61642728575597e-6,0,0,0,0,0,0,0,0,0,0,42.6376768943957,42.6306093993669,115.139139625934,23,1.4,1e-4,14,200.4074285361239
690,2.43389629914637e-6,0,0,0,0,0,0,0,0,0,0,39.7090905636094,39.7031177179505,140.851719222647,24,1.4,1e-4,14,220.26392993810322
720,2.1724128956507e-6,0,0,0,0,0,0,0,0,0,0,35.4293239668806,35.4244643067034,160.075928330937,25,1.4,1e-4,14,230.9297187769339
750,1.93524476476108e-6,0,0,0,0,0,0,0,0,0,0,31.5602921632911,31.5563161991026,173.938761916306,26,1.4,1e-4,14,237.05537221394445
780,1.72773513175536e-6,0,0,0,0,0,0,0,0,0,0,28.1730717271208,28.1697831351141,184.41242591538,27,1.4,1e-4,14,240.75528250535004
810,1.55233057119826e-6,0,0,0,0,0,0,0,0,0,0,25.3104838941973,25.3077245460799,192.504813503864,28,1.4,1e-4,14,243.12302349647177
840,1.40438961147936e-6,0,0,0,0,0,0,0,0,0,0,22.8961195759954,22.8937719610197,198.922605609728,29,1.4,1e-4,14,244.7124985511327
870,1.27923414286562e-6,0,0,0,0,0,0,0,0,0,0,20.8536852861197,20.851662338757,204.118426421135,30,1.4,1e-4,14,245.82377532524586
900,1.17263442159041e-6,0,0,0,0,0,0,0,0,0,0,19.1141060462379,19.1123429303841,208.400961354006,31,1.4,1e-4,14,246.6274115032624
930,1.08113422693464e-6,0,0,0,0,0,0,0,0,0,0,17.6209639897175,17.6194118029913,211.984920207497,32,1.4,1e-4,14,247.22529708134002
960,1.00197106214635e-6,0,0,0,0,0,0,0,0,0,0,16.3291658144544,16.3277871437825,215.023981101559,33,1.4,1e-4,14,247.68093506176697
990,9.32956610914645e-7,0,0,0,0,0,0,0,0,0,0,15.2029932833048,15.201759089192,217.630642874895,34,1.4,1e-4,14,248.03539618034839
1020,8.7235565580174e-7,0,0,0,0,0,0,0,0,0,0,14.2141248475613,14.2130122765019,219.888967641529,35,1.4,1e-4,14,248.31610563794786
1050,8.18785655014883e-7,0,0,0,0,0,0,0,0,0,0,13.3399959552294,13.3389867881803,221.862909834456,36,1.4,1e-4,14,248.54189339665135
1080,7.71137581011128e-7,0,0,0,0,0,0,0,0,0,0,12.5625065855619,12.5615861237376,223.601913489483,37,1.4,1e-4,14,248.72600696992006
1110,7.2851504830967e-7,0,0,0,0,0,0,0,0,0,0,11.8670275023592,11.866183756231,225.144757114207,38,1.4,1e-4,14,248.87796910131226
1140,6.90187859919925e-7,0,0,0,0,0,0,0,0,0,0,11.2416419401051,11.2408650310991,226.522249493358,39,1.4,1e-4,14,249.00475715475005
1170,6.55556575765266e-7,0,0,0,0,0,0,0,0,0,0,10.6765672439977,10.6758489573193,227.759154742224,40,1.4,1e-4,14,249.1115715990976
1200,6.24125393682892e-7,0,0,0,0,0,0,0,0,0,0,10.1637122160284,10.1630456622725,228.875590029753,41,1.4,1e-4,14,249.2023485321793
1230,5.95481277615572e-7,0,0,0,0,0,0,0,0,0,0,9.69633644281088,9.69571579888473,229.888055888796,42,1.4,1e-4,14,249.2801087259729
1260,5.69277787337628e-7,0,0,0,0,0,0,0,0,0,0,9.26878636956524,9.26820667815089,230.810206261555,43,1.4,1e-4,14,249.34719987854893
1290,5.45222461270319e-7,0,0,0,0,0,0,0,0,0,0,8.87628937125229,8.87574638398241,231.653431361868,44,1.4,1e-4,14,249.40546766232515
1320,5.23066899775666e-7,0,0,0,0,0,0,0,0,0,0,8.5147919022809,8.51428195592104,232.427304024808,45,1.4,1e-4,14,249.45637840607682
1350,5.02598914280549e-7,0,0,0,0,0,0,0,0,0,0,8.18083136484151,8.18035128265399,233.139925209677,46,1.4,1e-4,14,249.5011083597714
1380,4.83636267638339e-7,0,0,0,0,0,0,0,0,0,0,7.87143394893249,7.87098096144138,233.798194113656,47,1.4,1e-4,14,249.54060950766612
1410,4.66021648781145e-7,0,0,0,0,0,0,0,0,0,0,7.58403261769687,7.58360429853873,234.408021302795,48,1.4,1e-4,14,249.57565868505225
1440,4.49618611486901e-7,0,0,0,0,0,0,0,0,0,0,7.31640082815115,7.31599504175776,234.974498329794,49,1.4,1e-4,14,249.6068946493215
1470,4.34308271398498e-7,0,0,0,0,0,0,0,0,0,0,7.06659862720814,7.0662134858452,235.502033805729,50,1.4,1e-4,14,249.63484635309064
1500,4.19986603374526e-7,0,0,0,0,0,0,0,0,0,0,6.83292854546241,6.83256237372296,235.994463378523,51,1.4,1e-4,14,249.65995471769497
1530,4.06562217212287e-7,0,0,0,0,0,0,0,0,0,0,6.61389929818981,6.6135506034705704,236.455139245404,52,1.4,1e-4,14,249.6825895536266
1560,3.93954516932218e-7,0,0,0,0,0,0,0,0,0,0,6.40819574613774,6.40786319394977,236.887003487194,53,1.4,1e-4,14,249.70306282123602
1590,3.82092169441754e-7,0,0,0,0,0,0,0,0,0,0,6.21465390538819,6.21433629859908,237.292648519751,54,1.4,1e-4,14,249.72163910583043
1620,3.70911824173471e-7,0,0,0,0,0,0,0,0,0,0,6.03224005308022,6.03193631437281,237.674367215628,55,1.4,1e-4,14,249.73854395399286
1650,3.60357037435314e-7,0,0,0,0,0,0,0,0,0,0,5.86003317396866,5.85974233094663,238.034194689022,56,1.4,1e-4,14,249.75397055429434
1680,3.50377364615042e-7,0,0,0,0,0,0,0,0,0,0,5.69721014628689,5.6969313187702,238.373943311051,57,1.4,1e-4,14,249.76808512648546
1710,3.40927590708756e-7,0,0,0,0,0,0,0,0,0,0,5.54303318497654,5.54276557411809,238.695232195865,58,1.4,1e-4,14,249.78103129588723
1740,3.31967075386402e-7,0,0,0,0,0,0,0,0,0,0,5.3968391540788,5.39658203300289,238.999512145882,59,1.4,1e-4,14,249.79293366493076
1770,3.23459193334003e-7,0,0,0,0,0,0,0,0,0,0,5.25803043396207,5.2577831396807,239.288086848288,60,1.4,1e-4,14,249.80390074538997
1800,3.15370854199961e-7,0,0,0,0,0,0,0,0,0,0,5.12606708761303,5.12582901401977,239.562130961429,61,1.4,1e-4,14,249.81402737843266
1830,3.07672089331266e-7,0,0,0,0,0,0,0,0,0,0,5.00046011686861,5.00023070864493,239.822705608725,62,1.4,1e-4,14,249.8233967419106
1860,3.00335694774389e-7,0,0,0,0,0,0,0,0,0,0,4.88076563682283,4.88054438412035,240.07077170193,63,1.4,1e-4,14,249.83208202320887
1890,2.93336921857716e-7,0,0,0,0,0,0,0,0,0,0,4.76657982670515,4.76636626049007,240.307201439115,64,1.4,1e-4,14,249.84014781964714
1920,2.86653208161692e-7,0,0,0,0,0,0,0,0,0,0,4.65753453983216,4.65732822779702,240.532788261592,65,1.4,1e-4,14,249.8476513158744
1950,2.8026394289252e-7,0,0,0,0,0,0,0,0,0,0,4.55329347497652,4.55309401793958,240.748255504601,66,1.4,1e-4,14,249.85464327778104
1980,2.74150261662065e-7,0,0,0,0,0,0,0,0,0,0,4.4535488276006,4.45335585632583,240.954263936774,67,1.4,1e-4,14,249.8611688948507
0,250,0,0,0,0,0,0,0,0,0,0,0,0,0,1,1.4,1e-4,15,250
30,250.000322400697,0,0,0,0,0,0,0,0,0,0,0,0,0,2,1.4,1e-4,15,250.000322400697
60,250.000090984018,0,0,0,0,0,0,0,0,0,0,0,0,0,3,1.4,1e-4,15,250.000090984018
90,250.000018876751,0,0,0,0,0,0,0,0,0,0,0,0,0,4,1.4,1e-4,15,250.000018876751
120,201.858738849437,0,0,0,0,0,0,0,0,0,0,61.7379118233455,61.7379118233455,0.0152633589996527,5,1.4,1e-4,15,325.3498258551277
150,103.452981782798,0,0,0,0,0,0,0,0,0,0,96.8656833561831,96.8643133750554,0.0454884487582994,6,1.4,1e-4,15,297.2284669627948
180,47.1601062752112,0,0,0,0,0,0,0,0,0,0,98.4483223732937,98.445866063654,0.0901253495272938,7,1.4,1e-4,15,244.1444200616862
210,18.3144887895693,0,0,0,0,0,0,0,0,0,0,87.5532058109782,87.5507517255636,0.151894187607265,8,1.4,1e-4,15,193.57034051371835
240,5.62618324762807,0,0,0,0,0,0,0,0,0,0,74.0758695411369,74.0742057926171,0.232827271643154,9,1.4,1e-4,15,154.00908585302523
270,1.2776371462683,0,0,0,0,0,0,0,0,0,0,63.9300094375408,63.929216267349,0.333944382733614,10,1.4,1e-4,15,129.47080723389172
300,0.213913926393556,0,0,0,0,0,0,0,0,0,0,59.0086273766104,59.0083257935065,0.457052055780468,11,1.4,1e-4,15,118.68791915229092
330,0.031413908200867,0,0,0,0,0,0,0,0,0,0,57.6392192190515,57.6390584082302,0.609202236440791,12,1.4,1e-4,15,115.91889377192335
360,0.00512161799166152,0,0,0,0,0,0,0,0,0,0,57.5901975794476,57.5900334309454,0.799245204027643,13,1.4,1e-4,15,115.9845978324123
390,9.5460040323649e-4,0,0,0,0,0,0,0,0,0,0,57.8756368584408,57.8754309963346,1.03458822767513,14,1.4,1e-4,15,116.78661068285376
420,1.9090481606326e-4,0,0,0,0,0,0,0,0,0,0,58.276445157644,58.2761832307398,1.32431555560536,15,1.4,1e-4,15,117.87713484880521
450,4.04612207808299e-5,0,0,0,0,0,0,0,0,0,0,58.7668573364778,58.7665275300462,1.68016043708083,16,1.4,1e-4,15,119.21358576482561
480,9.14131899978151e-6,0,0,0,0,0,0,0,0,0,0,59.3542465307346,59.3538359653965,2.11618788109141,17,1.4,1e-4,15,120.8242795185415
510,2.19977428911042e-6,0,0,0,0,0,0,0,0,0,0,60.0510857080476,60.0505800093111,2.64873803172041,18,1.4,1e-4,15,122.7504059488534
540,5.62471429559939e-7,0,0,0,0,0,0,0,0,0,0,60.8700635136313,60.8694469345209,3.29619202404134,19,1.4,1e-4,15,125.03570303466498
570,2.94706771559495e-7,0,0,0,0,0,0,0,0,0,0,16.8362077399557,16.8341188144711,3.31397989248803,20,1.4,1e-4,15,36.9843067416216
600,2.731714008208e-7,0,0,0,0,0,0,0,0,0,0,19.8637948482381,19.8601278646814,16.142627815119,21,1.4,1e-4,15,55.8665508012099
630,5.57733661701811e-7,0,0,0,0,0,0,0,0,0,0,37.1551895798034,37.1481473947967,42.9326016288431,22,1.4,1e-4,15,117.23593916117686
660,6.45446709243995e-7,0,0,0,0,0,0,0,0,0,0,43.7803172068695,43.7724925303738,82.7904749586359,23,1.4,1e-4,15,170.3432853413259
690,6.29196016947849e-7,0,0,0,0,0,0,0,0,0,0,42.4852988732972,42.4783320691567,118.098840832264,24,1.4,1e-4,15,203.06247240391392
720,5.81421039946734e-7,0,0,0,0,0,0,0,0,0,0,39.2970413511561,39.2911914800961,143.048675619017,25,1.4,1e-4,15,221.63690903169024
750,5.18511626474613e-7,0,0,0,0,0,0,0,0,0,0,35.0331643683907,35.0284054190266,161.630807506616,26,1.4,1e-4,15,231.69237781254492
780,4.6186488701163e-7,0,0,0,0,0,0,0,0,0,0,31.2044376040827,31.2005407812878,175.097675721611,27,1.4,1e-4,15,237.5026545688464
810,4.12564186891297e-7,0,0,0,0,0,0,0,0,0,0,27.8705639552291,27.8673362928625,185.296837938634,28,1.4,1e-4,15,241.0347385992898
840,3.70925011580283e-7,0,0,0,0,0,0,0,0,0,0,25.0552886652821,25.0525765867575,193.199127643084,29,1.4,1e-4,15,243.3069932660486
870,3.35803831851392e-7,0,0,0,0,0,0,0,0,0,0,22.680730258731,22.6784197907745,199.479917951447,30,1.4,1e-4,15,244.83906833675633
900,3.06074981252846e-7,0,0,0,0,0,0,0,0,0,0,20.6708209435337,20.6688276310185,204.574438943542,31,1.4,1e-4,15,245.91408782416917
930,2.80735255555038e-7,0,0,0,0,0,0,0,0,0,0,18.9576911566684,18.9559520351314,208.780202094907,32,1.4,1e-4,15,246.69384556744205
960,2.58967896940732e-7,0,0,0,0,0,0,0,0,0,0,17.4861066162522,17.4845741282739,212.304756935847,33,1.4,1e-4,15,247.275437939341
990,2.40121045848024e-7,0,0,0,0,0,0,0,0,0,0,16.2119852436585,16.210622951792,215.297008966602,34,1.4,1e-4,15,247.71961740217353
1020,2.23678428051977e-7,0,0,0,0,0,0,0,0,0,0,15.1004162523936,15.0991958342881,217.866195520271,35,1.4,1e-4,15,248.06580783063112
1050,2.0923052764689e-7,0,0,0,0,0,0,0,0,0,0,14.1237089746118,14.1226081114347,220.094093949372,36,1.4,1e-4,15,248.34041124464903
1080,1.96450864725395e-7,0,0,0,0,0,0,0,0,0,0,13.2597882023642,13.2587890793703,222.043023579937,37,1.4,1e-4,15,248.56160105812236
1110,1.85077360136181e-7,0,0,0,0,0,0,0,0,0,0,12.4909337070389,12.4900219353217,223.761235558001,38,1.4,1e-4,15,248.74219138543896
1140,1.74898023700973e-7,0,0,0,0,0,0,0,0,0,0,11.8028122990514,11.8019761296407,225.286623015137,39,1.4,1e-4,15,248.89141161872712
1170,1.65740035718809e-7,0,0,0,0,0,0,0,0,0,0,11.1837394283661,11.1829691716672,226.649327321986,40,1.4,1e-4,15,249.01603608775932
1200,1.57461417373393e-7,0,0,0,0,0,0,0,0,0,0,10.624115896122,10.623403487449,227.873602364056,41,1.4,1e-4,15,249.12112190508842
1230,1.4994465233248e-7,0,0,0,0,0,0,0,0,0,0,10.1159965321798,10.1153352025881,228.979170229446,42,1.4,1e-4,15,249.21050211415854
1260,1.4309177468358e-7,0,0,0,0,0,0,0,0,0,0,9.65275804033411,9.65214206432048,229.98222194278,43,1.4,1e-4,15,249.28712219052636
1290,1.36820560755321e-7,0,0,0,0,0,0,0,0,0,0,9.22884149535518,9.22826599536082,230.896166371008,44,1.4,1e-4,15,249.35327399854458
1320,1.31061555599e-7,0,0,0,0,0,0,0,0,0,0,8.83955128300553,8.83901207638366,231.732197756674,45,1.4,1e-4,15,249.41076124712475
1350,1.25755734228992e-7,0,0,0,0,0,0,0,0,0,0,8.48089696359315,8.48039044167426,232.499730803324,46,1.4,1e-4,15,249.46101833434716
1380,1.20852648766897e-7,0,0,0,0,0,0,0,0,0,0,8.1494679923467,8.14899102401668,233.206737799143,47,1.4,1e-4,15,249.50519693635906
1410,1.16308950116566e-7,0,0,0,0,0,0,0,0,0,0,7.84233376500517,7.84188361918719,233.860012426006,48,1.4,1e-4,15,249.5442299265073
1440,1.12087200354751e-7,0,0,0,0,0,0,0,0,0,0,7.55696332076897,7.55653760361712,234.465378096651,49,1.4,1e-4,15,249.57887913312427
1470,1.08154912356118e-7,0,0,0,0,0,0,0,0,0,0,7.29116040992282,7.2907570135644,235.027853891395,50,1.4,1e-4,15,249.60977142303713
1500,1.04483768250705e-7,0,0,0,0,0,0,0,0,0,0,7.04301065319625,7.04262771361274,235.551787777282,51,1.4,1e-4,15,249.63742624857474
1530,1.01048979559355e-7,0,0,0,0,0,0,0,0,0,0,6.81083828053201,6.81047414272716,236.040964356962,52,1.4,1e-4,15,249.66227688127015
1560,9.78287602946737e-8,0,0,0,0,0,0,0,0,0,0,6.59317050780056,6.59282369682091,236.498692624471,53,1.4,1e-4,15,249.68468692692124
1590,9.48038906922021e-8,0,0,0,0,0,0,0,0,0,0,6.38870804123097,6.38837723791834,236.927877904979,54,1.4,1e-4,15,249.7049632789322
1620,9.19573540853965e-8,0,0,0,0,0,0,0,0,0,0,6.19630052720733,6.19598454780196,237.331081191307,55,1.4,1e-4,15,249.72336635827364
1650,8.92740331486486e-8,0,0,0,0,0,0,0,0,0,0,6.01492601599078,6.01462379488665,237.710568368271,56,1.4,1e-4,15,249.74011826842246
1680,8.674045459037e-8,0,0,0,0,0,0,0,0,0,0,5.84367370116207,5.84338427625763,238.068351270859,57,1.4,1e-4,15,249.75540933501915
1710,8.43445735927507e-8,0,0,0,0,0,0,0,0,0,0,5.6817293463233,5.68145184652048,238.406222107388,58,1.4,1e-4,15,249.76940338457635
1740,8.20755910213627e-8,0,0,0,0,0,0,0,0,0,0,5.52836292733974,5.52809656183065,238.725782460468,59,1.4,1e-4,15,249.782242031714
1770,7.99237977817524e-8,0,0,0,0,0,0,0,0,0,0,5.38291810995159,5.38266215899955,239.028467832606,60,1.4,1e-4,15,249.79404818148095
1800,7.78804417679598e-8,0,0,0,0,0,0,0,0,0,0,5.2448032547831,5.24455706175916,239.315568511866,61,1.4,1e-4,15,249.8049289062887
1830,7.59376136946221e-8,0,0,0,0,0,0,0,0,0,0,5.11348369902671,5.11324666350513,239.58824738302,62,1.4,1e-4,15,249.81497782148944
1860,7.40881487792737e-8,0,0,0,0,0,0,0,0,0,0,4.98847510971466,4.98824668146569,239.847555191469,63,1.4,1e-4,15,249.82427705673751
1890,7.23255417822122e-8,0,0,0,0,0,0,0,0,0,0,4.86933774005317,4.86911741379903,240.094443673437,64,1.4,1e-4,15,249.83289889961475
1920,7.06438733466769e-8,0,0,0,0,0,0,0,0,0,0,4.75567144973029,4.75545876055271,240.329776891256,65,1.4,1e-4,15,249.84090717218285
1950,6.90377459342582e-8,0,0,0,0,0,0,0,0,0,0,4.64711137391916,4.64690589322535,240.554341052588,66,1.4,1e-4,15,249.84835838877027
1980,6.75022279366132e-8,0,0,0,0,0,0,0,0,0,0,4.5433241450462,4.54312547701503,240.768853044185,67,1.4,1e-4,15,249.85530273374846
0,250,0,0,0,0,0,0,0,0,0,0,0,0,0,1,1.4,1e-4,16,250
30,250.000322400697,0,0,0,0,0,0,0,0,0,0,0,0,0,2,1.4,1e-4,16,250.000322400697
60,250.000090984018,0,0,0,0,0,0,0,0,0,0,0,0,0,3,1.4,1e-4,16,250.000090984018
90,250.000018876751,0,0,0,0,0,0,0,0,0,0,0,0,0,4,1.4,1e-4,16,250.000018876751
120,201.858738849437,0,0,0,0,0,0,0,0,0,0,61.7379118233455,61.7379118233455,0.0152633589996527,5,1.4,1e-4,16,325.3498258551277
150,103.452981782798,0,0,0,0,0,0,0,0,0,0,96.8656833561831,96.8643133750554,0.0454884487582994,6,1.4,1e-4,16,297.2284669627948
180,47.1601062752112,0,0,0,0,0,0,0,0,0,0,98.4483223732937,98.445866063654,0.0901253495272938,7,1.4,1e-4,16,244.1444200616862
210,18.3144887895693,0,0,0,0,0,0,0,0,0,0,87.5532058109782,87.5507517255636,0.151894187607265,8,1.4,1e-4,16,193.57034051371835
240,5.62618324762807,0,0,0,0,0,0,0,0,0,0,74.0758695411369,74.0742057926171,0.232827271643154,9,1.4,1e-4,16,154.00908585302523
270,1.2776371462683,0,0,0,0,0,0,0,0,0,0,63.9300094375408,63.929216267349,0.333944382733614,10,1.4,1e-4,16,129.47080723389172
300,0.213913926393556,0,0,0,0,0,0,0,0,0,0,59.0086273766104,59.0083257935065,0.457052055780468,11,1.4,1e-4,16,118.68791915229092
330,0.031413908200867,0,0,0,0,0,0,0,0,0,0,57.6392192190515,57.6390584082302,0.609202236440791,12,1.4,1e-4,16,115.91889377192335
360,0.00512161799166152,0,0,0,0,0,0,0,0,0,0,57.5901975794476,57.5900334309454,0.799245204027643,13,1.4,1e-4,16,115.9845978324123
390,9.5460040323649e-4,0,0,0,0,0,0,0,0,0,0,57.8756368584408,57.8754309963346,1.03458822767513,14,1.4,1e-4,16,116.78661068285376
420,1.9090481606326e-4,0,0,0,0,0,0,0,0,0,0,58.276445157644,58.2761832307398,1.32431555560536,15,1.4,1e-4,16,117.87713484880521
450,4.04612207808299e-5,0,0,0,0,0,0,0,0,0,0,58.7668573364778,58.7665275300462,1.68016043708083,16,1.4,1e-4,16,119.21358576482561
480,9.14131899978151e-6,0,0,0,0,0,0,0,0,0,0,59.3542465307346,59.3538359653965,2.11618788109141,17,1.4,1e-4,16,120.8242795185415
510,2.19977428911042e-6,0,0,0,0,0,0,0,0,0,0,60.0510857080476,60.0505800093111,2.64873803172041,18,1.4,1e-4,16,122.7504059488534
540,5.62471429559939e-7,0,0,0,0,0,0,0,0,0,0,60.8700635136313,60.8694469345209,3.29619202404134,19,1.4,1e-4,16,125.03570303466498
570,1.52516033472608e-7,0,0,0,0,0,0,0,0,0,0,61.8219319003372,61.8211877382088,4.07836061996996,20,1.4,1e-4,16,127.72148041103199
600,8.38272824075635e-8,0,0,0,0,0,0,0,0,0,0,19.0213063845157,19.0188941706987,4.17364700809608,21,1.4,1e-4,16,42.21384764713776
630,7.84490304117093e-8,0,0,0,0,0,0,0,0,0,0,22.0790516032676,22.0749918582057,19.1006479179007,22,1.4,1e-4,16,63.254691457823036
660,1.48070682167752e-7,0,0,0,0,0,0,0,0,0,0,38.6326191619609,38.6253540082607,47.1907121167272,23,1.4,1e-4,16,124.44868543501948
690,1.65987648127343e-7,0,0,0,0,0,0,0,0,0,0,43.9751026186981,43.9673193914617,86.8716895386498,24,1.4,1e-4,16,174.81411171479726
720,1.6023946006795e-7,0,0,0,0,0,0,0,0,0,0,42.2893564468644,42.2824982454687,120.97351744036,25,1.4,1e-4,16,205.54537229293257
750,1.47201306205791e-7,0,0,0,0,0,0,0,0,0,0,38.8793682021939,38.8736415402101,145.177947233323,26,1.4,1e-4,16,222.93095712292833
780,1.31182768174386e-7,0,0,0,0,0,0,0,0,0,0,34.6379169301947,34.633257865468,163.145152089247,27,1.4,1e-4,16,232.41632701609248
810,1.16851614043162e-7,0,0,0,0,0,0,0,0,0,0,30.8522533075672,30.8484346845893,176.229611476166,28,1.4,1e-4,16,237.93029958517414
840,1.04437829081269e-7,0,0,0,0,0,0,0,0,0,0,27.5717018596499,27.5685344332581,186.163262282722,29,1.4,1e-4,16,241.30349868006783
870,9.39601718909934e-8,0,0,0,0,0,0,0,0,0,0,24.8032441670685,24.800578897129,193.880951228747,30,1.4,1e-4,16,243.48477438690466
900,8.5121608640741e-8,0,0,0,0,0,0,0,0,0,0,22.4679087933293,22.4656351877862,200.028317693291,31,1.4,1e-4,16,244.96186175952812
930,7.76355931615387e-8,0,0,0,0,0,0,0,0,0,0,20.4900125309658,20.4880486911717,205.0239293008,32,1.4,1e-4,16,246.0019906005731
960,7.12500596134112e-8,0,0,0,0,0,0,0,0,0,0,18.8029152483159,18.8012000416622,209.154567765944,33,1.4,1e-4,16,246.75868312717216
990,6.57604607540058e-8,0,0,0,0,0,0,0,0,0,0,17.3525585302612,17.3510457167229,212.620882567871,34,1.4,1e-4,16,247.32448688061558
1020,6.10037607354261e-8,0,0,0,0,0,0,0,0,0,0,16.0958556586125,16.0945097577058,215.567166868181,35,1.4,1e-4,16,247.75753234550308
1050,5.68508496274543e-8,0,0,0,0,0,0,0,0,0,0,14.9986879323079,14.9974813262544,218.099498026273,36,1.4,1e-4,16,248.09566734168615
1080,5.31992773367588e-8,0,0,0,0,0,0,0,0,0,0,14.033982813995,14.0328937101505,220.297434805021,37,1.4,1e-4,16,248.36431138236577
1110,4.99673164643779e-8,0,0,0,0,0,0,0,0,0,0,13.1801444541395,13.179155436308,222.221705627772,38,1.4,1e-4,16,248.5810055681868
1140,4.70893131946479e-8,0,0,0,0,0,0,0,0,0,0,12.4198247776914,12.4189217629352,223.919398938681,39,1.4,1e-4,16,248.75814552639693
1170,4.45121208371179e-8,0,0,0,0,0,0,0,0,0,0,11.7389808472093,11.738152324449,225.427543521307,40,1.4,1e-4,16,248.90467673747742
1200,4.21923796153392e-8,0,0,0,0,0,0,0,0,0,0,11.1261559366751,11.1253924034755,226.775628243448,41,1.4,1e-4,16,249.027176625791
1230,4.00944409478343e-8,0,0,0,0,0,0,0,0,0,0,10.5719309650305,10.571224505577,227.987407507075,42,1.4,1e-4,16,249.13056301777695
1260,3.81887771803821e-8,0,0,0,0,0,0,0,0,0,0,10.0685042395958,10.0678482045703,229.082216178922,43,1.4,1e-4,16,249.2185686612769
1290,3.64507561416988e-8,0,0,0,0,0,0,0,0,0,0,9.60936762067,9.60875638160533,230.075941601441,44,1.4,1e-4,16,249.29406564016708
1320,3.48596904380118e-8,0,0,0,0,0,0,0,0,0,0,9.18905529509538,9.18848405383458,230.981751938651,45,1.4,1e-4,16,249.35929132244064
1350,3.33980945888239e-8,0,0,0,0,0,0,0,0,0,0,8.80294747682022,8.80241211621732,231.810648780539,46,1.4,1e-4,16,249.41600840697464
1380,3.20511003236914e-8,0,0,0,0,0,0,0,0,0,0,8.4471159040128,8.44661286984007,232.571891244656,47,1.4,1e-4,16,249.46562005055998
1410,3.08059930311525e-8,0,0,0,0,0,0,0,0,0,0,8.1182013517214,8.11772755843267,233.273324919498,48,1.4,1e-4,16,249.50925386045807
1440,2.96518416550774e-8,0,0,0,0,0,0,0,0,0,0,7.8133158383045,7.81286859321338,233.921639512202,49,1.4,1e-4,16,249.54782397337172
1470,2.8579201176107e-8,0,0,0,0,0,0,0,0,0,0,7.52996401231975,7.52954095412175,234.522572496129,50,1.4,1e-4,16,249.58207749114968
1500,2.75798718669212e-8,0,0,0,0,0,0,0,0,0,0,7.26597954151959,7.26557859008326,235.081071443221,51,1.4,1e-4,16,249.6126296024037
1530,2.66467032578776e-8,0,0,0,0,0,0,0,0,0,0,7.01947331608057,7.01909263116336,235.60142444759,52,1.4,1e-4,16,249.63999042148063
1560,2.57734335466862e-8,0,0,0,0,0,0,0,0,0,0,6.78879101740698,6.78842896449259,236.087365687595,53,1.4,1e-4,16,249.664585695268
1590,2.49545572865295e-8,0,0,0,0,0,0,0,0,0,0,6.57247815900901,6.57213328086832,236.542161457348,54,1.4,1e-4,16,249.68677292217987
1620,2.41852157749808e-8,0,0,0,0,0,0,0,0,0,0,6.36925112559238,6.36892211847499,236.968680736668,55,1.4,1e-4,16,249.7068540049206
1650,2.34611057742316e-8,0,0,0,0,0,0,0,0,0,0,6.17797305576108,6.17765874935742,237.369453431731,56,1.4,1e-4,16,249.7250852603106
1680,2.27784031182873e-8,0,0,0,0,0,0,0,0,0,0,5.99763365820884,5.9973329987008,237.74671871685,57,1.4,1e-4,16,249.74168539653806
1710,2.21336984757308e-8,0,0,0,0,0,0,0,0,0,0,5.82733223966909,5.82704427532489,238.102465377431,58,1.4,1e-4,16,249.7568419145587
1740,2.15239430894689e-8,0,0,0,0,0,0,0,0,0,0,5.6662633689729,5.66598723784918,238.438465650077,59,1.4,1e-4,16,249.77071627842304
1770,2.09464027461239e-8,0,0,0,0,0,0,0,0,0,0,5.51370471551711,5.5134396349151,238.756303745572,60,1.4,1e-4,16,249.78344811695064
1800,2.03986185661032e-8,0,0,0,0,0,0,0,0,0,0,5.36900668985651,5.36875194724553,239.057400000573,61,1.4,1e-4,16,249.79515865807366
1830,1.98783734723808e-8,0,0,0,0,0,0,0,0,0,0,5.23158358468503,5.23133852985902,239.34303141698,62,1.4,1e-4,16,249.80595355140244
1860,1.93836634078567e-8,0,0,0,0,0,0,0,0,0,0,5.10090597044406,5.10067000871872,239.614349201548,63,1.4,1e-4,16,249.81592520009445
1890,1.89126725401057e-8,0,0,0,0,0,0,0,0,0,0,4.97649414443655,4.9762667307286,239.872393802761,64,1.4,1e-4,16,249.8251546968388
1920,1.84637518277473e-8,0,0,0,0,0,0,0,0,0,0,4.85791246810812,4.85769310176498,240.1181078504,65,1.4,1e-4,16,249.83371343873685
1950,1.80354004317536e-8,0,0,0,0,0,0,0,0,0,0,4.74476445597833,4.74455267624893,240.352347330083,66,1.4,1e-4,16,249.84166448034566
1980,1.7626249543284e-8,0,0,0,0,0,0,0,0,0,0,4.63668850303027,4.63648388508541,240.57589126642,67,1.4,1e-4,16,249.84906367216192
0,250,0,0,0,0,0,0,0,0,0,0,0,0,0,1,1.4,1e-4,6,250
30,250.000322400697,0,0,0,0,0,0,0,0,0,0,0,0,0,2,1.4,1e-4,6,250.000322400697
60,250.000090984018,0,0,0,0,0,0,0,0,0,0,0,0,0,3,1.4,1e-4,6,250.000090984018
90,250.000018876751,0,0,0,0,0,0,0,0,0,0,0,0,0,4,1.4,1e-4,6,250.000018876751
120,201.858738849437,0,0,0,0,0,0,0,0,0,0,61.7379118233455,61.7379118233455,0.0152633589996527,5,1.4,1e-4,6,325.3498258551277
150,103.452981782798,0,0,0,0,0,0,0,0,0,0,96.8656833561831,96.8643133750554,0.0454884487582994,6,1.4,1e-4,6,297.2284669627948
180,47.1601062752112,0,0,0,0,0,0,0,0,0,0,98.4483223732937,98.445866063654,0.0901253495272938,7,1.4,1e-4,6,244.1444200616862
210,18.3144887895693,0,0,0,0,0,0,0,0,0,0,87.5532058109782,87.5507517255636,0.151894187607265,8,1.4,1e-4,6,193.57034051371835
240,5.62618324762807,0,0,0,0,0,0,0,0,0,0,74.0758695411369,74.0742057926171,0.232827271643154,9,1.4,1e-4,6,154.00908585302523
270,1.2776371462683,0,0,0,0,0,0,0,0,0,0,63.9300094375408,63.929216267349,0.333944382733614,10,1.4,1e-4,6,129.47080723389172
300,0.346699974762744,0,0,0,0,0,0,0,0,0,0,8.62013270903179,8.61944288730216,0.343264717144147,11,1.4,1e-4,6,17.92954028824084
330,0.218146730259895,0,0,0,0,0,0,0,0,0,0,7.03092190778458,7.02968915766649,1.48335424397523,12,1.4,1e-4,6,15.762112039686196
360,0.612323584799125,0,0,0,0,0,0,0,0,0,0,17.3784142329898,17.3750385688235,8.21545417410718,13,1.4,1e-4,6,43.581230560719604
390,1.13372166376677,0,0,0,0,0,0,0,0,0,0,33.2124973743185,33.2061647424649,35.2880579933448,14,1.4,1e-4,6,102.84044177389497
420,1.45001909399123,0,0,0,0,0,0,0,0,0,0,41.7390863994036,41.7315659618234,76.0888875319869,15,1.4,1e-4,6,161.00955898720514
450,1.50302802544182,0,0,0,0,0,0,0,0,0,0,43.1757900364554,43.1686633297089,111.133495211642,16,1.4,1e-4,6,198.9809766032481
480,1.38691756583976,0,0,0,0,0,0,0,0,0,0,39.6706840037098,39.6647242169188,138.605102595763,17,1.4,1e-4,6,219.32742838223135
510,1.24788207402713,0,0,0,0,0,0,0,0,0,0,35.5943675131514,35.5894936046436,158.035163559685,18,1.4,1e-4,6,230.46690675150714
540,1.1127191446559,0,0,0,0,0,0,0,0,0,0,31.6622449411592,31.6582624190427,172.349332312047,19,1.4,1e-4,6,236.7825588169048
570,0.994922862147536,0,0,0,0,0,0,0,0,0,0,28.253689981016,28.2503978106209,183.092537580338,20,1.4,1e-4,6,240.59154823412243
600,0.894699138403607,0,0,0,0,0,0,0,0,0,0,25.3637042488332,25.3609443787068,191.400578451548,21,1.4,1e-4,6,243.01992621749162
630,0.810015375410451,0,0,0,0,0,0,0,0,0,0,22.9283889236299,22.9260427817231,197.981126455622,22,1.4,1e-4,6,244.64557353638543
660,0.738259874535809,0,0,0,0,0,0,0,0,0,0,20.8692870084158,20.8672668424672,203.304383266773,23,1.4,1e-4,6,245.7791969921918
690,0.677082473557848,0,0,0,0,0,0,0,0,0,0,19.1168710331772,19.1151115010465,207.688073315545,24,1.4,1e-4,6,246.59713832332656
720,0.62453207103195,0,0,0,0,0,0,0,0,0,0,17.6138689546542,17.6123208137219,211.353729226916,25,1.4,1e-4,6,247.20445106632403
750,0.579041842065666,0,0,0,0,0,0,0,0,0,0,16.314523602729,16.3131492125712,214.459744133489,26,1.4,1e-4,6,247.66645879085488
780,0.539365868914537,0,0,0,0,0,0,0,0,0,0,15.1825826049408,15.1813527762915,217.12201466351,27,1.4,1e-4,6,248.0253159136568
810,0.504513924434876,0,0,0,0,0,0,0,0,0,0,14.1893147470969,14.1882065288266,219.427078880695,28,1.4,1e-4,6,248.3091140810534
840,0.473695746120841,0,0,0,0,0,0,0,0,0,0,13.3118429330629,13.3108380435268,221.440728199388,29,1.4,1e-4,6,248.53710492209854
870,0.446276672435706,0,0,0,0,0,0,0,0,0,0,12.531829369409,12.5309130707291,223.213790499235,30,1.4,1e-4,6,248.7228096118088
900,0.421743285294137,0,0,0,0,0,0,0,0,0,0,11.8344634763045,11.8336237556544,224.786102047747,31,1.4,1e-4,6,248.87593256500003
930,0.399677077372094,0,0,0,0,0,0,0,0,0,0,11.2076895801975,11.2069165463113,226.189291008161,32,1.4,1e-4,6,249.0035742120419
960,0.379734306469547,0,0,0,0,0,0,0,0,0,0,10.6416180435437,10.6409034760349,227.448764085375,33,1.4,1e-4,6,249.11101991142314
990,0.36163054305431,0,0,0,0,0,0,0,0,0,0,10.128074789959,10.1274117985498,228.585148144254,34,1.4,1e-4,6,249.2022652758171
1020,0.345128758533231,0,0,0,0,0,0,0,0,0,0,9.66025481920916,9.6596375830298,229.61535225561,35,1.4,1e-4,6,249.2803734163822
1050,0.330030085608315,0,0,0,0,0,0,0,0,0,0,9.23245395161958,9.23187751755899,230.553360995994,36,1.4,1e-4,6,249.3477225507809
1080,0.316166602129994,0,0,0,0,0,0,0,0,0,0,8.8398596606344,8.8393197857545,231.410834565517,37,1.4,1e-4,6,249.4061806140359
1110,0.303395655263087,0,0,0,0,0,0,0,0,0,0,8.47838678695753,8.47787981415339,232.197568093291,38,1.4,1e-4,6,249.45723034966502
1140,0.29159536538352,0,0,0,0,0,0,0,0,0,0,8.1445475642311,8.1440703232385,232.92184697566,39,1.4,1e-4,6,249.50206022851313
1170,0.280661039539398,0,0,0,0,0,0,0,0,0,0,7.8353480562468,7.83489778416561,233.59072453335,40,1.4,1e-4,6,249.54163141330181
1200,0.270502290976591,0,0,0,0,0,0,0,0,0,0,7.54820506756371,7.54777934454695,234.210240984267,41,1.4,1e-4,6,249.57672768735424
1230,0.261040710516199,0,0,0,0,0,0,0,0,0,0,7.28087903572805,7.28047573255884,234.785597626227,42,1.4,1e-4,6,249.6079931050301
1260,0.252207972168961,0,0,0,0,0,0,0,0,0,0,7.03141948469451,7.03103671975762,235.321296506218,43,1.4,1e-4,6,249.63596068283908
1290,0.243944282692906,0,0,0,0,0,0,0,0,0,0,6.79812041725987,6.79775652099536,235.821253256585,44,1.4,1e-4,6,249.66107447753313
1320,0.236197105317901,0,0,0,0,0,0,0,0,0,0,6.57948362269439,6.57913710805291,236.288888894572,45,1.4,1e-4,6,249.68370673063723
1350,0.228920103364536,0,0,0,0,0,0,0,0,0,0,6.37418832721439,6.37385786495968,236.727204999907,46,1.4,1e-4,6,249.7041712954456
1380,0.222072261274696,0,0,0,0,0,0,0,0,0,0,6.18106595777782,6.18075035572965,237.138845661759,47,1.4,1e-4,6,249.72273423654119
1410,0.215617149593768,0,0,0,0,0,0,0,0,0,0,5.99907905172684,5.99877723722628,237.526148821373,48,1.4,1e-4,6,249.73962225991988
1440,0.209522307392566,0,0,0,0,0,0,0,0,0,0,5.82730354637033,5.82701455139577,237.891189059742,49,1.4,1e-4,6,249.75502946490067
1470,0.203758721000779,0,0,0,0,0,0,0,0,0,0,5.66491383862079,5.66463678709612,238.235813441022,50,1.4,1e-4,6,249.7691227877397
1500,0.198300382120109,0,0,0,0,0,0,0,0,0,0,5.51117012630058,5.51090422322574,238.561671686217,51,1.4,1e-4,6,249.78204641786343
1530,0.193123911675441,0,0,0,0,0,0,0,0,0,0,5.36540763790886,5.36515216001301,238.87024169217,52,1.4,1e-4,6,249.7939254017673
1560,0.188208238356367,0,0,0,0,0,0,0,0,0,0,5.22702743262122,5.22678172029374,239.162851209125,53,1.4,1e-4,6,249.80486860039633
1590,0.183534322857869,0,0,0,0,0,0,0,0,0,0,5.0954885116892,5.09525196198783,239.440696332312,54,1.4,1e-4,6,249.8149711288469
1620,0.179084920467675,0,0,0,0,0,0,0,0,0,0,4.97030102970632,4.97007309027758,239.704857338633,55,1.4,1e-4,6,249.82431637908456
1650,0.174844375960434,0,0,0,0,0,0,0,0,0,0,4.85102043206759,4.8508005958423,239.956312301074,56,1.4,1e-4,6,249.83297770494434
1680,0.170798445815305,0,0,0,0,0,0,0,0,0,0,4.73724237540192,4.73703017595227,240.195948834991,57,1.4,1e-4,6,249.84101983216047
1710,0.166934143627856,0,0,0,0,0,0,0,0,0,0,4.6285983123691,4.62839331983231,240.424574267553,58,1.4,1e-4,6,249.84850004338227
1740,0.163239605281157,0,0,0,0,0,0,0,0,0,0,4.52475164219429,4.52455345968317,240.642924471033,59,1.4,1e-4,6,249.85546917819164
1770,0.159703971007156,0,0,0,0,0,0,0,0,0,0,4.42539434460691,4.42520260504026,240.851671559652,60,1.4,1e-4,6,249.86197248030632
1800,0.156317281933306,0,0,0,0,0,0,0,0,0,0,4.33024402819362,4.33005839148992,241.051430616407,61,1.4,1e-4,6,249.86805031802385
1830,0.153070389091027,0,0,0,0,0,0,0,0,0,0,4.23904133514615,4.23886148573238,241.242765589081,62,1.4,1e-4,6,249.87373879905056
1860,0.149954873177732,0,0,0,0,0,0,0,0,0,0,4.15154765344047,4.15137329803539,241.426194472368,63,1.4,1e-4,6,249.8790702970216
1890,0.14696297362537,0,0,0,0,0,0,0,0,0,0,4.06754309498814,4.06737396062489,241.602193874629,64,1.4,1e-4,6,249.8840739038674
1920,0.14408752574582,0,0,0,0,0,0,0,0,0,0,3.98682470454006,3.9866605367983,241.771203052607,65,1.4,1e-4,6,249.88877581969118
1950,0.141321904904868,0,0,0,0,0,0,0,0,0,0,3.90920486933093,3.90904543075301,241.933627484837,66,1.4,1e-4,6,249.8931996898258
1980,0.138659976828538,0,0,0,0,0,0,0,0,0,0,3.83450990381354,3.83435497248224,242.089842043924,67,1.4,1e-4,6,249.8973668970483
0,250,0,0,0,0,0,0,0,0,0,0,0,0,0,1,1.4,1e-4,7,250
30,250.000322400697,0,0,0,0,0,0,0,0,0,0,0,0,0,2,1.4,1e-4,7,250.000322400697
60,250.000090984018,0,0,0,0,0,0,0,0,0,0,0,0,0,3,1.4,1e-4,7,250.000090984018
90,250.000018876751,0,0,0,0,0,0,0,0,0,0,0,0,0,4,1.4,1e-4,7,250.000018876751
120,201.858738849437,0,0,0,0,0,0,0,0,0,0,61.7379118233455,61.7379118233455,0.0152633589996527,5,1.4,1e-4,7,325.3498258551277
150,103.452981782798,0,0,0,0,0,0,0,0,0,0,96.8656833561831,96.8643133750554,0.0454884487582994,6,1.4,1e-4,7,297.2284669627948
180,47.1601062752112,0,0,0,0,0,0,0,0,0,0,98.4483223732937,98.445866063654,0.0901253495272938,7,1.4,1e-4,7,244.1444200616862
210,18.3144887895693,0,0,0,0,0,0,0,0,0,0,87.5532058109782,87.5507517255636,0.151894187607265,8,1.4,1e-4,7,193.57034051371835
240,5.62618324762807,0,0,0,0,0,0,0,0,0,0,74.0758695411369,74.0742057926171,0.232827271643154,9,1.4,1e-4,7,154.00908585302523
270,1.2776371462683,0,0,0,0,0,0,0,0,0,0,63.9300094375408,63.929216267349,0.333944382733614,10,1.4,1e-4,7,129.47080723389172
300,0.213913926393556,0,0,0,0,0,0,0,0,0,0,59.0086273766104,59.0083257935065,0.457052055780468,11,1.4,1e-4,7,118.68791915229092
330,0.053312325314974,0,0,0,0,0,0,0,0,0,0,6.45999903300507,6.45953342193785,0.423434486061963,12,1.4,1e-4,7,13.396279266319857
360,0.0362298107574195,0,0,0,0,0,0,0,0,0,0,5.88151458605474,5.88045147357992,1.9930586070457,13,1.4,1e-4,7,13.79125447743778
390,0.14002879669652,0,0,0,0,0,0,0,0,0,0,19.6878602260128,19.683998009378,11.8148772378492,14,1.4,1e-4,7,51.32676426993652
420,0.247191136440957,0,0,0,0,0,0,0,0,0,0,36.392188888934,36.3852664318149,45.099328178313,15,1.4,1e-4,7,118.12397463550286
450,0.289724064242755,0,0,0,0,0,0,0,0,0,0,42.0002568514303,41.9927825524327,88.5456432825651,16,1.4,1e-4,7,172.82840675067087
480,0.292170615235198,0,0,0,0,0,0,0,0,0,0,42.4631720740462,42.4563008582571,120.993268570693,17,1.4,1e-4,7,206.2049121182315
510,0.265086244430585,0,0,0,0,0,0,0,0,0,0,38.4677159046223,38.4620553979867,146.160625043535,18,1.4,1e-4,7,223.35548259057458
540,0.237318390666759,0,0,0,0,0,0,0,0,0,0,34.4227152499378,34.4180927504577,163.679778628738,19,1.4,1e-4,7,232.75790501980026
570,0.21132543940361,0,0,0,0,0,0,0,0,0,0,30.6353280281799,30.6315408551328,176.667367927993,20,1.4,1e-4,7,238.14556225070933
600,0.189031952904039,0,0,0,0,0,0,0,0,0,0,27.391241311623,27.3880975462255,186.476813483748,21,1.4,1e-4,7,241.44518429450054
630,0.170166696692816,0,0,0,0,0,0,0,0,0,0,24.647665358087,24.6450184207158,194.117656733808,22,1.4,1e-4,7,243.58050720930362
660,0.154250628324863,0,0,0,0,0,0,0,0,0,0,22.3342295587253,22.3319702193032,200.208664008292,23,1.4,1e-4,7,245.02911441464536
690,0.140759768445911,0,0,0,0,0,0,0,0,0,0,20.3741227638941,20.3721701769507,205.163811798882,24,1.4,1e-4,7,246.0508645081727
720,0.129244537154813,0,0,0,0,0,0,0,0,0,0,18.7016490896175,18.6999428692082,209.264434557503,25,1.4,1e-4,7,246.7952710534835
750,0.119338498894899,0,0,0,0,0,0,0,0,0,0,17.2633301592749,17.261824608652,212.708085961591,26,1.4,1e-4,7,247.3525792284128
780,0.11074978459456,0,0,0,0,0,0,0,0,0,0,16.0166116610335,16.015271695083,215.636941186889,27,1.4,1e-4,7,247.77957432760007
810,0.103247076233194,0,0,0,0,0,0,0,0,0,0,14.9277909599783,14.9265892522836,218.155660854219,28,1.4,1e-4,7,248.1132881427141
840,0.0966467036667923,0,0,0,0,0,0,0,0,0,0,13.9701223161332,13.9690372914236,220.342822007911,29,1.4,1e-4,7,248.37862831913458
870,0.0908020427780664,0,0,0,0,0,0,0,0,0,0,13.1222640920798,13.121278498452,222.258460018843,30,1.4,1e-4,7,248.59280465215286
900,0.0855952248996105,0,0,0,0,0,0,0,0,0,0,12.367066533841,12.3661664141027,223.949164090472,31,1.4,1e-4,7,248.7679922633153
930,0.0809307720178618,0,0,0,0,0,0,0,0,0,0,11.6906421724698,11.6898161129417,225.451597117483,32,1.4,1e-4,7,248.91298617491236
960,0.0767307394348922,0,0,0,0,0,0,0,0,0,0,11.0816569840327,11.0808955585769,226.794975564102,33,1.4,1e-4,7,249.03425884614649
990,0.072931006592142,0,0,0,0,0,0,0,0,0,0,10.5307894522793,10.5300848054774,228.002848142041,34,1.4,1e-4,7,249.13665340638983
1020,0.0694784333353281,0,0,0,0,0,0,0,0,0,0,10.030316062079,10.0296615928896,229.094392398782,35,1.4,1e-4,7,249.22384848708592
1050,0.0663286670187733,0,0,0,0,0,0,0,0,0,0,9.57379179944214,9.57318191833851,230.08537394184,36,1.4,1e-4,7,249.29867632663942
1080,0.0634444400976341,0,0,0,0,0,0,0,0,0,0,9.15580220676981,9.15523214726914,230.988865726716,37,1.4,1e-4,7,249.3633445208526
1110,0.0607942390417172,0,0,0,0,0,0,0,0,0,0,8.77176958129765,8.77123525221944,231.815794150288,38,1.4,1e-4,7,249.41959322284683
1140,0.0583512560096359,0,0,0,0,0,0,0,0,0,0,8.41780038587717,8.41729825443407,232.575358408852,39,1.4,1e-4,7,249.46880830517287
1170,0.0560925572620471,0,0,0,0,0,0,0,0,0,0,8.09056423792916,8.09009123639881,233.275355942566,40,1.4,1e-4,7,249.51210397415602
1200,0.0539984188557041,0,0,0,0,0,0,0,0,0,0,7.78719726287115,7.78675071347774,233.92243747256,41,1.4,1e-4,7,249.5503838677646
1230,0.0520517923498071,0,0,0,0,0,0,0,0,0,0,7.50522437849647,7.50480193248238,234.522308679974,42,1.4,1e-4,7,249.58438678330265
1260,0.0502378722611547,0,0,0,0,0,0,0,0,0,0,7.24249639113807,7.24209597898782,235.079891039233,43,1.4,1e-4,7,249.61472128162004
1290,0.0485437436907895,0,0,0,0,0,0,0,0,0,0,6.99713875989652,6.99675855039592,235.59945108948,44,1.4,1e-4,7,249.64189214346322
1320,0.0469580935382933,0,0,0,0,0,0,0,0,0,0,6.76750961341471,6.76714797976271,236.084705103588,45,1.4,1e-4,7,249.6663207903037
1350,0.0454709724725116,0,0,0,0,0,0,0,0,0,0,6.55216515073989,6.55182064233026,236.538904421791,46,1.4,1e-4,7,249.68836118733364
1380,0.0440735976657825,0,0,0,0,0,0,0,0,0,0,6.34983097145241,6.34950229024417,236.964905472214,47,1.4,1e-4,7,249.70831233157637
1410,0.042758188459423,0,0,0,0,0,0,0,0,0,0,6.15937819504037,6.15906417566558,237.365227575901,48,1.4,1e-4,7,249.72642813506639
1440,0.0415178287836616,0,0,0,0,0,0,0,0,0,0,5.97980347062677,5.97950306356058,237.742100940893,49,1.4,1e-4,7,249.742925303864
1470,0.0403463514315619,0,0,0,0,0,0,0,0,0,0,5.8102121640269,5.80992442128073,238.097506725932,50,1.4,1e-4,7,249.75798966267118
1500,0.0392382402766659,0,0,0,0,0,0,0,0,0,0,5.64980415327809,5.64952821618316,238.433210654931,51,1.4,1e-4,7,249.77178126466893
1530,0.0381885472968515,0,0,0,0,0,0,0,0,0,0,5.49786177627543,5.49759686500677,238.750791356669,52,1.4,1e-4,7,249.78443854524804
1560,0.0371928218735224,0,0,0,0,0,0,0,0,0,0,5.3537395624347,5.35348496699126,239.051664366746,53,1.4,1e-4,7,249.79608171804549
1590,0.0362470503141051,0,0,0,0,0,0,0,0,0,0,5.21685544998721,5.21661052239595,239.337102544077,54,1.4,1e-4,7,249.80681556677428
1620,0.0353476039259026,0,0,0,0,0,0,0,0,0,0,5.08668324580964,5.08644739336282,239.608253509128,55,1.4,1e-4,7,249.81673175222636
1650,0.0344911942725819,0,0,0,0,0,0,0,0,0,0,4.96274612880475,4.96251880817312,239.866154596818,56,1.4,1e-4,7,249.82591072806846
1680,0.0336748344877337,0,0,0,0,0,0,0,0,0,0,4.8446110332175,4.84439174530887,240.11174572621,57,1.4,1e-4,7,249.8344233392241
1710,0.0328958057158608,0,0,0,0,0,0,0,0,0,0,4.73188377676524,4.73167206221986,240.345880516668,58,1.4,1e-4,7,249.84233216136894
1740,0.0321516279097628,0,0,0,0,0,0,0,0,0,0,4.62420482152549,4.62400025675744,240.569335922051,59,1.4,1e-4,7,249.8496926282437
1770,0.0314400343422597,0,0,0,0,0,0,0,0,0,0,4.52124557427809,4.52104776798645,240.782820607632,60,1.4,1e-4,7,249.85655398423881
1800,0.0307589492955262,0,0,0,0,0,0,0,0,0,0,4.42270514831303,4.42251373839847,240.986982256434,61,1.4,1e-4,7,249.86296009244103
1830,0.030106468477702,0,0,0,0,0,0,0,0,0,0,4.32830752127284,4.32812217210544,241.182413960759,62,1.4,1e-4,7,249.86895012261496
1860,0.0294808417875676,0,0,0,0,0,0,0,0,0,0,4.23779903393856,4.23761943393051,241.369659829364,63,1.4,1e-4,7,249.87455913902065
1890,0.0288804581068744,0,0,0,0,0,0,0,0,0,0,4.15094618341344,4.15077204285747,241.549219919978,64,1.4,1e-4,7,249.87981860435576
1920,0.0283038318487007,0,0,0,0,0,0,0,0,0,0,4.06753367124856,4.06736472038851,241.721554589698,65,1.4,1e-4,7,249.88475681318377
1950,0.0277495910308256,0,0,0,0,0,0,0,0,0,0,3.98736267295752,3.9871986602621,241.887088341648,66,1.4,1e-4,7,249.88939926589845
1980,0.0272164666770517,0,0,0,0,0,0,0,0,0,0,3.91024930029881,3.91008999091399,242.046213234415,67,1.4,1e-4,7,249.89376899230487
0,250,0,0,0,0,0,0,0,0,0,0,0,0,0,1,1.4,1e-4,8,250
30,250.000322400697,0,0,0,0,0,0,0,0,0,0,0,0,0,2,1.4,1e-4,8,250.000322400697
60,250.000090984018,0,0,0,0,0,0,0,0,0,0,0,0,0,3,1.4,1e-4,8,250.000090984018
90,250.000018876751,0,0,0,0,0,0,0,0,0,0,0,0,0,4,1.4,1e-4,8,250.000018876751
120,201.858738849437,0,0,0,0,0,0,0,0,0,0,61.7379118233455,61.7379118233455,0.0152633589996527,5,1.4,1e-4,8,325.3498258551277
150,103.452981782798,0,0,0,0,0,0,0,0,0,0,96.8656833561831,96.8643133750554,0.0454884487582994,6,1.4,1e-4,8,297.2284669627948
180,47.1601062752112,0,0,0,0,0,0,0,0,0,0,98.4483223732937,98.445866063654,0.0901253495272938,7,1.4,1e-4,8,244.1444200616862
210,18.3144887895693,0,0,0,0,0,0,0,0,0,0,87.5532058109782,87.5507517255636,0.151894187607265,8,1.4,1e-4,8,193.57034051371835
240,5.62618324762807,0,0,0,0,0,0,0,0,0,0,74.0758695411369,74.0742057926171,0.232827271643154,9,1.4,1e-4,8,154.00908585302523
270,1.2776371462683,0,0,0,0,0,0,0,0,0,0,63.9300094375408,63.929216267349,0.333944382733614,10,1.4,1e-4,8,129.47080723389172
300,0.213913926393556,0,0,0,0,0,0,0,0,0,0,59.0086273766104,59.0083257935065,0.457052055780468,11,1.4,1e-4,8,118.68791915229092
330,0.031413908200867,0,0,0,0,0,0,0,0,0,0,57.6392192190515,57.6390584082302,0.609202236440791,12,1.4,1e-4,8,115.91889377192335
360,0.00937290651653271,0,0,0,0,0,0,0,0,0,0,6.72240637359592,6.72187476840768,0.554354556458641,13,1.4,1e-4,8,14.008008604978773
390,0.00678565010589337,0,0,0,0,0,0,0,0,0,0,6.74126988145838,6.74003401163238,2.87128754237327,14,1.4,1e-4,8,16.359377085569925
420,0.0264160501210908,0,0,0,0,0,0,0,0,0,0,22.4305899282098,22.4261883535625,15.3880065073959,15,1.4,1e-4,8,60.27120083928929
450,0.0431116417843973,0,0,0,0,0,0,0,0,0,0,38.4654200506304,38.4581505540433,51.1712052628023,16,1.4,1e-4,8,128.1378875092604
480,0.0480870834647558,0,0,0,0,0,0,0,0,0,0,42.2683616944876,42.2609190963885,94.4531587444571,17,1.4,1e-4,8,179.03052661879795
510,0.0476521939006197,0,0,0,0,0,0,0,0,0,0,42.0282719028573,42.0215557891599,125.39567151794,18,1.4,1e-4,8,209.4931514038578
540,0.0429894511092217,0,0,0,0,0,0,0,0,0,0,37.8777279960383,37.8722229797443,149.322239914058,19,1.4,1e-4,8,225.11518034094982
570,0.0384195488082221,0,0,0,0,0,0,0,0,0,0,33.8508919915634,33.8463977242652,166.00798045631,20,1.4,1e-4,8,233.74368972094683
600,0.0342130326244642,0,0,0,0,0,0,0,0,0,0,30.1385159666667,30.1348279387421,178.426964827271,21,1.4,1e-4,8,238.73452176530427
630,0.0306229099799246,0,0,0,0,0,0,0,0,0,0,26.9719714345625,26.968903617394002,187.846443706192,22,1.4,1e-4,8,241.8179416681284
660,0.0275893682245926,0,0,0,0,0,0,0,0,0,0,24.2965240740378,24.2939356982652,195.210368579425,23,1.4,1e-4,8,243.8284177199526
690,0.0250299187027608,0,0,0,0,0,0,0,0,0,0,22.0394939913974,22.0372803881753,201.099121982306,24,1.4,1e-4,8,245.20092628058146
720,0.0228590146240452,0,0,0,0,0,0,0,0,0,0,20.1252673507494,20.1233509979164,205.902608963913,25,1.4,1e-4,8,246.17408632720284
750,0.0210043272448384,0,0,0,0,0,0,0,0,0,0,18.4899943950076,18.4883172886301,209.886902697247,26,1.4,1e-4,8,246.88621870812952
780,0.0194072463337393,0,0,0,0,0,0,0,0,0,0,17.081943585443,17.0804617395222,213.239546106605,27,1.4,1e-4,8,247.42135867790392
810,0.0180211894132916,0,0,0,0,0,0,0,0,0,0,15.8600092134575,15.8586887838046,216.095964360087,28,1.4,1e-4,8,247.8326835467624
840,0.01680925760259,0,0,0,0,0,0,0,0,0,0,14.7916353888549,14.7904499608738,218.556147725705,29,1.4,1e-4,8,248.15504233303628
870,0.0157421447866591,0,0,0,0,0,0,0,0,0,0,13.850968427635,13.8498971053453,220.695367075553,30,1.4,1e-4,8,248.41197475331998
900,0.0147964402244958,0,0,0,0,0,0,0,0,0,0,13.0173575063163,13.0163835508341,222.571268956358,31,1.4,1e-4,8,248.6198064537329
930,0.0139533081510264,0,0,0,0,0,0,0,0,0,0,12.274188780324,12.2732986270099,224.228684631394,32,1.4,1e-4,8,248.79012534687894
960,0.0131974763964234,0,0,0,0,0,0,0,0,0,0,11.6079925679864,11.6071751072657,225.702961796382,33,1.4,1e-4,8,248.93132694803052
990,0.0125164651709964,0,0,0,0,0,0,0,0,0,0,11.0077626690961,11.0070087131463,227.022318159763,34,1.4,1e-4,8,249.04960600717638
1020,0.0118999981615012,0,0,0,0,0,0,0,0,0,0,10.4644366661171,10.4637385482922,228.209533638874,35,1.4,1e-4,8,249.1496088514448
1050,0.0113395508460987,0,0,0,0,0,0,0,0,0,0,9.97049736429777,9.96984863457975,229.283186649819,36,1.4,1e-4,8,249.2348721995426
1080,0.0108280019554652,0,0,0,0,0,0,0,0,0,0,9.51966527559331,9.51906046639893,230.258570588581,37,1.4,1e-4,8,249.3081243325287
1110,0.0103593626767723,0,0,0,0,0,0,0,0,0,0,9.10665971454516,9.10609415870144,231.148382357197,38,1.4,1e-4,8,249.37149559312036
1140,0.00992856473943672,0,0,0,0,0,0,0,0,0,0,8.72701185452183,8.7264815423716,231.963246007291,39,1.4,1e-4,8,249.42666796892385
1170,0.00953129336844461,0,0,0,0,0,0,0,0,0,0,8.37691737377939,8.37641883995483,232.712115502075,40,1.4,1e-4,8,249.47498300917766
1200,0.00916385465550048,0,0,0,0,0,0,0,0,0,0,8.05311946836289,8.05264970128307,233.402587745259,41,1.4,1e-4,8,249.51752076956046
1230,0.00882306951601631,0,0,0,0,0,0,0,0,0,0,7.75281532005361,7.75237168899445,234.041148226962,42,1.4,1e-4,8,249.55515830552608
1260,0.00850618832647283,0,0,0,0,0,0,0,0,0,0,7.47358080820542,7.47316100408089,234.633365525885,43,1.4,1e-4,8,249.5886135264978
1290,0.00821082176029773,0,0,0,0,0,0,0,0,0,0,7.21330951086196,7.21291149779438,235.184046605226,44,1.4,1e-4,8,249.61847843564263
1320,0.00793488439796326,0,0,0,0,0,0,0,0,0,0,6.97016297390038,6.96978494934825,235.697361773411,45,1.4,1e-4,8,249.6452445810576
1350,0.00767654847732455,0,0,0,0,0,0,0,0,0,0,6.74252992438742,6.7421702861117,236.176945969122,46,1.4,1e-4,8,249.66932272809842
1380,0.0074342057445713,0,0,0,0,0,0,0,0,0,0,6.52899262879579,6.52864994732925,236.625981417586,47,1.4,1e-4,8,249.6910581994556
1410,0.00720643581604274,0,0,0,0,0,0,0,0,0,0,6.32829899367864,6.32797198925351,237.047265517147,48,1.4,1e-4,8,249.71074293589518
1440,0.0069919798038945704,0,0,0,0,0,0,0,0,0,0,6.13933930879796,6.13902683190785,237.443266931644,49,1.4,1e-4,8,249.7286250521537
1470,0.00678971822140723,0,0,0,0,0,0,0,0,0,0,5.96112676455807,5.96082777950043,237.816172200958,50,1.4,1e-4,8,249.7449164632379
1500,0.0065986523865051204,0,0,0,0,0,0,0,0,0,0,5.79278105449009,5.7924946253663,238.167924680135,51,1.4,1e-4,8,249.7597990123779
1530,0.00641788869949117,0,0,0,0,0,0,0,0,0,0,5.63351451241623,5.63323979116953,238.50025723444,52,1.4,1e-4,8,249.77342942672524
1560,0.00624662529396211,0,0,0,0,0,0,0,0,0,0,5.48262034239083,5.48235655854208,238.814719823178,53,1.4,1e-4,8,249.78594334940487
1590,0.00608414065646365,0,0,0,0,0,0,0,0,0,0,5.33946258471988,5.33920903652487,239.112702877018,54,1.4,1e-4,8,249.7974586389192
1620,0.00592978388675062,0,0,0,0,0,0,0,0,0,0,5.20346752866722,5.2032235754697,239.395457195678,55,1.4,1e-4,8,249.80807808370167
1650,0.00578296633112224,0,0,0,0,0,0,0,0,0,0,5.0741163359119,5.07388139150649,239.664110953266,56,1.4,1e-4,8,249.81789164701553
1680,0.00564315436968861,0,0,0,0,0,0,0,0,0,0,4.95093868149767,4.95071220834953,239.919684288313,57,1.4,1e-4,8,249.82697833252988
1710,0.00550986317724932,0,0,0,0,0,0,0,0,0,0,4.83350725325805,4.83328875745203,240.163101867993,58,1.4,1e-4,8,249.83540774188032
1740,0.00538265130876727,0,0,0,0,0,0,0,0,0,0,4.72143297830843,4.72122200512181,240.39520374609,59,1.4,1e-4,8,249.843241380829
1770,0.00526111598577775,0,0,0,0,0,0,0,0,0,0,4.61436086755897,4.61415699756905,240.616754778096,60,1.4,1e-4,8,249.8505337592098
1800,0.00514488898070315,0,0,0,0,0,0,0,0,0,0,4.51196638739673,4.51176923304894,240.828452811522,61,1.4,1e-4,8,249.85733332094838
1830,0.00503363301290317,0,0,0,0,0,0,0,0,0,0,4.41395228255354,4.41376148512717,241.030935832739,62,1.4,1e-4,8,249.86368323343262
1860,0.00492703858412374,0,0,0,0,0,0,0,0,0,0,4.32004578637542,4.31986101329392,241.224788221693,63,1.4,1e-4,8,249.86962205994647
1890,0.00482482119240497,0,0,0,0,0,0,0,0,0,0,4.22999616476,4.22981710720052,241.410546241368,64,1.4,1e-4,8,249.87518433452092
1920,0.00472671887293365,0,0,0,0,0,0,0,0,0,0,4.14357254833967,4.14339891910359,241.588702868687,65,1.4,1e-4,8,249.88040105500318
1950,0.00463249002215018,0,0,0,0,0,0,0,0,0,0,4.06056201438792,4.0603935459994,241.759712056933,66,1.4,1e-4,8,249.8853001073425
1980,0.00454191146793723,0,0,0,0,0,0,0,0,0,0,3.98076788567382,3.98060432867805,241.923992506007,67,1.4,1e-4,8,249.88990663182682
0,250,0,0,0,0,0,0,0,0,0,0,0,0,0,1,1.4,1e-4,9,250
30,250.000322400697,0,0,0,0,0,0,0,0,0,0,0,0,0,2,1.4,1e-4,9,250.000322400697
60,250.000090984018,0,0,0,0,0,0,0,0,0,0,0,0,0,3,1.4,1e-4,9,250.000090984018
90,250.000018876751,0,0,0,0,0,0,0,0,0,0,0,0,0,4,1.4,1e-4,9,250.000018876751
120,201.858738849437,0,0,0,0,0,0,0,0,0,0,61.7379118233455,61.7379118233455,0.0152633589996527,5,1.4,1e-4,9,325.3498258551277
150,103.452981782798,0,0,0,0,0,0,0,0,0,0,96.8656833561831,96.8643133750554,0.0454884487582994,6,1.4,1e-4,9,297.2284669627948
180,47.1601062752112,0,0,0,0,0,0,0,0,0,0,98.4483223732937,98.445866063654,0.0901253495272938,7,1.4,1e-4,9,244.1444200616862
210,18.3144887895693,0,0,0,0,0,0,0,0,0,0,87.5532058109782,87.5507517255636,0.151894187607265,8,1.4,1e-4,9,193.57034051371835
240,5.62618324762807,0,0,0,0,0,0,0,0,0,0,74.0758695411369,74.0742057926171,0.232827271643154,9,1.4,1e-4,9,154.00908585302523
270,1.2776371462683,0,0,0,0,0,0,0,0,0,0,63.9300094375408,63.929216267349,0.333944382733614,10,1.4,1e-4,9,129.47080723389172
300,0.213913926393556,0,0,0,0,0,0,0,0,0,0,59.0086273766104,59.0083257935065,0.457052055780468,11,1.4,1e-4,9,118.68791915229092
330,0.031413908200867,0,0,0,0,0,0,0,0,0,0,57.6392192190515,57.6390584082302,0.609202236440791,12,1.4,1e-4,9,115.91889377192335
360,0.00512161799166152,0,0,0,0,0,0,0,0,0,0,57.5901975794476,57.5900334309454,0.799245204027643,13,1.4,1e-4,9,115.9845978324123
390,0.00180575742391098,0,0,0,0,0,0,0,0,0,0,7.57044916579027,7.56977996037506,0.731289893633277,14,1.4,1e-4,9,15.873324777222518
420,0.00136312176276053,0,0,0,0,0,0,0,0,0,0,8.15966730504842,8.15816150120724,3.9915585406823,15,1.4,1e-4,9,20.31075046870072
450,0.00492630417313187,0,0,0,0,0,0,0,0,0,0,25.0291332761794,25.0242349708445,18.9976968739555,16,1.4,1e-4,9,69.05599142515253
480,0.00749381688904029,0,0,0,0,0,0,0,0,0,0,39.8931533233863,39.8856665048037,56.2245163764868,17,1.4,1e-4,9,136.01083002156585
510,0.00809472099029662,0,0,0,0,0,0,0,0,0,0,42.5229504274646,42.5155370806961,98.5877413438735,18,1.4,1e-4,9,183.6343235730245
540,0.00790441399062151,0,0,0,0,0,0,0,0,0,0,41.6521409429615,41.645554140472,128.491148097043,19,1.4,1e-4,9,211.79674759446712
570,0.00711027279825226,0,0,0,0,0,0,0,0,0,0,37.4363418792088,37.4309562161973,151.463939049538,20,1.4,1e-4,9,226.33834741774234
600,0.00634788300404365,0,0,0,0,0,0,0,0,0,0,33.4236611829006,33.4192646581588,167.578422855462,21,1.4,1e-4,9,234.42769657952545
630,0.00565458446306387,0,0,0,0,0,0,0,0,0,0,29.7690298640128,29.7654173122011,179.605322925527,22,1.4,1e-4,9,239.14542468620397
660,0.00506438283645373,0,0,0,0,0,0,0,0,0,0,26.659193851584,26.6561841437686,188.759430277484,23,1.4,1e-4,9,242.07987265567306
690,0.00456602851091828,0,0,0,0,0,0,0,0,0,0,24.0332891105585,24.0307458589431,195.935337732366,24,1.4,1e-4,9,244.00393873037854
720,0.00414542087285371,0,0,0,0,0,0,0,0,0,0,21.8171795900808,21.8150015162479,201.687135547867,25,1.4,1e-4,9,245.32346207506856
750,0.00378842166617724,0,0,0,0,0,0,0,0,0,0,19.9362772745822,19.9343893123936,206.388125498965,26,1.4,1e-4,9,246.26258050760697
780,0.00348317494804286,0,0,0,0,0,0,0,0,0,0,18.3280914181705,18.3264373248345,210.293955035449,27,1.4,1e-4,9,246.95196695340204
810,0.00322010522552366,0,0,0,0,0,0,0,0,0,0,16.9421506595883,16.9406877172919,213.585336843339,28,1.4,1e-4,9,247.47139532544475
840,0.00299160958389658,0,0,0,0,0,0,0,0,0,0,15.7383855325275,15.7370808205126,216.393097157092,29,1.4,1e-4,9,247.871555119716
870,0.00279166567405418,0,0,0,0,0,0,0,0,0,0,14.685058445758,14.6838862309493,218.814046561757,30,1.4,1e-4,9,248.18578290413836
900,0.00261548816183137,0,0,0,0,0,0,0,0,0,0,13.756952134802,13.7558920313255,220.921206470047,31,1.4,1e-4,9,248.43666612433634
930,0.00245925172013072,0,0,0,0,0,0,0,0,0,0,12.9339090976915,12.9329447537707,222.770599118789,32,1.4,1e-4,9,248.63991222197131
960,0.00231987614446076,0,0,0,0,0,0,0,0,0,0,12.1996987967525,12.1988169453996,224.405861211076,33,1.4,1e-4,9,248.80669682937256
990,0.00219486192749543,0,0,0,0,0,0,0,0,0,0,11.5411509468361,11.5403407101858,225.861447355954,34,1.4,1e-4,9,248.9451338749034
1020,0.00208216489861446,0,0,0,0,0,0,0,0,0,0,10.947494772839,10.9467471455315,227.16489756554,35,1.4,1e-4,9,249.06122164880912
1050,0.00198010046948086,0,0,0,0,0,0,0,0,0,0,10.4098543430003,10.4091618036143,228.338470521133,36,1.4,1e-4,9,249.15946676821707
1080,0.0018872701511141,0,0,0,0,0,0,0,0,0,0,9.92086130124126,9.92021751649586,229.400338784573,37,1.4,1e-4,9,249.24330487246124
1110,0.00180250481318698,0,0,0,0,0,0,0,0,0,0,9.47435584591339,9.47375544292773,230.365476167808,38,1.4,1e-4,9,249.3153899614623
1140,0.00172482056699855,0,0,0,0,0,0,0,0,0,0,9.06515424275602,9.06459263184114,231.246325313625,39,1.4,1e-4,9,249.37779700878914
1170,0.00165338421488799,0,0,0,0,0,0,0,0,0,0,8.6888667562708,8.68833999166893,232.053306058059,40,1.4,1e-4,9,249.43216619021362
1200,0.00158748599405149,0,0,0,0,0,0,0,0,0,0,8.34175402358273,8.34125869301139,232.795206899783,41,1.4,1e-4,9,249.47980710237118
1230,0.00152651791987063,0,0,0,0,0,0,0,0,0,0,8.02061293748409,8.02014607376696,233.479489584266,42,1.4,1e-4,9,249.52177511343692
1260,0.001469956457721,0,0,0,0,0,0,0,0,0,0,7.72268533971442,7.72224434950884,234.112528364754,43,1.4,1e-4,9,249.55892801043498
1290,0.00141734856425778,0,0,0,0,0,0,0,0,0,0,7.44558447025513,7.44516707613265,234.699799627254,44,1.4,1e-4,9,249.59196852220606
1320,0.00136830036985647,0,0,0,0,0,0,0,0,0,0,7.1872353343087,7.18683952735214,235.246033425313,45,1.4,1e-4,9,249.6214765873437
1350,0.00132246794535327,0,0,0,0,0,0,0,0,0,0,6.94582605235803,6.945450053107,235.755335514334,46,1.4,1e-4,9,249.6479340877444
1380,0.00127954972444768,0,0,0,0,0,0,0,0,0,0,6.71976793446494,6.71941016053784,236.231286340638,47,1.4,1e-4,9,249.67174398536523
1410,0.00123928024961935,0,0,0,0,0,0,0,0,0,0,6.50766252848922,6.50732156758219,236.677021882285,48,1.4,1e-4,9,249.69324525860603
1440,0.00120142498249581,0,0,0,0,0,0,0,0,0,0,6.30827427707138,6.30794886431639,237.095300089549,49,1.4,1e-4,9,249.71272465591926
1470,0.00116577597532523,0,0,0,0,0,0,0,0,0,0,6.12050771184997,6.12019671072874,237.488555817465,50,1.4,1e-4,9,249.73042601601904
1500,0.00113214824295863,0,0,0,0,0,0,0,0,0,0,5.94338833867334,5.94309072484917,237.858946500039,51,1.4,1e-4,9,249.74655771180446
1530,0.00110037670775541,0,0,0,0,0,0,0,0,0,0,5.77604654151321,5.7757613890705,238.208390328832,52,1.4,1e-4,9,249.76129863612346
1560,0.00107031361546946,0,0,0,0,0,0,0,0,0,0,5.61770396792048,5.61743043760151,238.538598326657,53,1.4,1e-4,9,249.77480304579444
1590,0.00104182634021428,0,0,0,0,0,0,0,0,0,0,5.46766196447108,5.46739929357799,238.851101420958,54,1.4,1e-4,9,249.7872045053473
1620,0.00101479551235879,0,0,0,0,0,0,0,0,0,0,5.32529171365946,5.32503920735096,239.147273399616,55,1.4,1e-4,9,249.79861911613878
1650,9.8911341565699e-4,0,0,0,0,0,0,0,0,0,0,5.19002578930959,5.1897828130715,239.428350458823,56,1.4,1e-4,9,249.80914817461974
1680,9.6468260980991e-4,0,0,0,0,0,0,0,0,0,0,5.06135089971428,5.06111687282198,239.695447916754,57,1.4,1e-4,9,249.81888037190006
1710,9.4141474256261e-4,0,0,0,0,0,0,0,0,0,0,4.93880162936357,4.93857601918608,239.949574559303,58,1.4,1e-4,9,249.8278936225952
1740,9.192295217849e-4,0,0,0,0,0,0,0,0,0,0,4.82195502355982,4.82173734058117,240.191644998835,59,1.4,1e-4,9,249.83625659249776
1770,8.980538231034e-4,0,0,0,0,0,0,0,0,0,0,4.71042588718967,4.71021568064329,240.422490358611,60,1.4,1e-4,9,249.84402998026704
1800,8.778209128008e-4,0,0,0,0,0,0,0,0,0,0,4.60386269078139,4.60365954481081,240.642867540756,61,1.4,1e-4,9,249.851267597261
1830,0.00085846976907563005,0,0,0,0,0,0,0,0,0,0,4.50194399476997,4.50174752504265,240.853467291365,62,1.4,1e-4,9,249.8580172809467
1860,8.3994448751631e-4,0,0,0,0,0,0,0,0,0,0,4.40437531743863,4.40418516815127,241.054921240403,63,1.4,1e-4,9,249.8643216704804
1890,8.2219375890986e-4,0,0,0,0,0,0,0,0,0,0,4.31088638394715,4.31070222517018,241.247808064799,64,1.4,1e-4,9,249.87021886767522
1920,8.051704093735e-4,0,0,0,0,0,0,0,0,0,0,4.22122870369897,4.22105022901612,241.432658899115,65,1.4,1e-4,9,249.8757430022395
1950,7.8883099434286e-4,0,0,0,0,0,0,0,0,0,0,4.1351734314423,4.13500035584707,241.609962098511,66,1.4,1e-4,9,249.8809247167947
1980,7.7313543923395e-4,0,0,0,0,0,0,0,0,0,0,4.05250947426149,4.05234153227852,241.780167442391,67,1.4,1e-4,9,249.88579158437022
0,250,0,0,0,0,0,0,0,0,0,0,0,0,0,1,1.5,0,10,250
30,250.000322400697,0,0,0,0,0,0,0,0,0,0,0,0,0,2,1.5,0,10,250.000322400697
60,250.000090984018,0,0,0,0,0,0,0,0,0,0,0,0,0,3,1.5,0,10,250.000090984018
90,250.000018876751,0,0,0,0,0,0,0,0,0,0,0,0,0,4,1.5,0,10,250.000018876751
120,199.72750278321,0,0,0,0,0,0,0,0,0,0,65.5444529971274,65.5444529971274,0,5,1.5,0,10,330.8164087774648
150,98.909464494168,0,0,0,0,0,0,0,0,0,0,101.096651588523,101.096651588523,0,6,1.5,0,10,301.102767671214
180,43.0393457865636,0,0,0,0,0,0,0,0,0,0,101.3713933724,101.3713933724,0,7,1.5,0,10,245.78213253136357
210,15.7069396892485,0,0,0,0,0,0,0,0,0,0,89.3444964317626,89.3444964317626,0,8,1.5,0,10,194.39593255277367
240,4.43359568751689,0,0,0,0,0,0,0,0,0,0,75.6876829996719,75.6876829996719,0,9,1.5,0,10,155.8089616868607
270,0.893274069539805,0,0,0,0,0,0,0,0,0,0,66.1581892163442,66.1581892163442,0,10,1.5,0,10,133.2096525022282
300,0.123920467703471,0,0,0,0,0,0,0,0,0,0,61.8755546092565,61.8755546092565,0,11,1.5,0,10,123.87502968621646
330,0.0127189920838891,0,0,0,0,0,0,0,0,0,0,60.6809465627002,60.6809465627002,0,12,1.5,0,10,121.37461211748429
360,0.00108986513920151,0,0,0,0,0,0,0,0,0,0,60.4668699091597,60.4668699091597,0,13,1.5,0,10,120.9348296834586
390,8.45567237246428e-5,0,0,0,0,0,0,0,0,0,0,60.4390202625575,60.4390202625575,0,14,1.5,0,10,120.87812508183872
420,7.20498523566142e-6,0,0,0,0,0,0,0,0,0,0,3.5693165071157398,3.5693165071157398,0,15,1.5,0,10,7.1386402192167155
450,1.02873835625048e-6,0,0,0,0,0,0,0,0,0,0,0.210869856999083,0.210869856999083,0,16,1.5,0,10,0.42174074273652223
480,1.24648333881619e-7,0,0,0,0,0,0,0,0,0,0,0.0124742699101926,0.0124742699101926,0,17,1.5,0,10,0.02494866446871908
510,1.14763238446367e-8,0,0,0,0,0,0,0,0,0,0,7.3941062203793e-4,7.3941062203793e-4,0,18,1.5,0,10,0.0014788327203997045
540,9.22684851327416e-10,0,0,0,0,0,0,0,0,0,0,4.39195484082282e-5,4.39195484082282e-5,0,19,1.5,0,10,8.784001950130774e-5
570,6.90011073168916e-11,0,0,0,0,0,0,0,0,0,0,2.61407016232879e-6,2.61407016232879e-6,0,20,1.5,0,10,5.228209325764897e-6
600,4.9351756501066795e-12,0,0,0,0,0,0,0,0,0,0,1.5589967565473e-7,1.5589967565473e-7,0,21,1.5,0,10,3.118042864851101e-7
630,3.42499402295024e-13,0,0,0,0,0,0,0,0,0,0,9.315785692230071e-9,9.315785692230071e-9,0,22,1.5,0,10,1.8631913883862436e-8
660,2.32589066540794e-14,0,0,0,0,0,0,0,0,0,0,5.57717454598946e-10,5.57717454598946e-10,0,23,1.5,0,10,1.115458168104546e-9
690,1.55387726798161e-15,0,0,0,0,0,0,0,0,0,0,3.3450336377514095e-11,3.3450336377514095e-11,0,24,1.5,0,10,6.690222663229618e-11
720,1.02497128571672e-16,0,0,0,0,0,0,0,0,0,0,2.00977122586396e-12,2.00977122586396e-12,0,25,1.5,0,10,4.019644948856492e-12
750,6.6924278965000596e-18,0,0,0,0,0,0,0,0,0,0,1.20953612808535e-13,1.20953612808535e-13,0,26,1.5,0,10,2.4191391804496653e-13
780,4.3335711766795396e-19,0,0,0,0,0,0,0,0,0,0,7.29090890316206e-15,7.29090890316206e-15,0,27,1.5,0,10,1.458225116344179e-14
810,2.78684135833546e-20,0,0,0,0,0,0,0,0,0,0,4.40147679655476e-16,4.40147679655476e-16,0,28,1.5,0,10,8.803232277245353e-16
840,1.78179348935563e-21,0,0,0,0,0,0,0,0,0,0,2.6609188973356802e-17,2.6609188973356802e-17,0,29,1.5,0,10,5.322015974020296e-17
870,1.13358992774325e-22,0,0,0,0,0,0,0,0,0,0,1.61080721003536e-18,1.61080721003536e-18,0,30,1.5,0,10,3.221727779063494e-18
900,7.18139750277608e-24,0,0,0,0,0,0,0,0,0,0,9.763296669295319e-20,9.763296669295319e-20,0,31,1.5,0,10,1.9527311478340915e-19
930,4.532748139828289e-25,0,0,0,0,0,0,0,0,0,0,5.9245189672325905e-21,5.9245189672325905e-21,0,32,1.5,0,10,1.1849491209279164e-20
960,2.8517822884765597e-26,0,0,0,0,0,0,0,0,0,0,3.59895808453764e-22,3.59895808453764e-22,0,33,1.5,0,10,7.198201347304127e-22
990,1.78913228844399e-27,0,0,0,0,0,0,0,0,0,0,2.1884263360614097e-23,2.1884263360614097e-23,0,34,1.5,0,10,4.3770315853516637e-23
1020,1.11965068891905e-28,0,0,0,0,0,0,0,0,0,0,1.33193817265626e-24,1.33193817265626e-24,0,35,1.5,0,10,2.663988310381412e-24
1050,6.99130323082142e-30,0,0,0,0,0,0,0,0,0,0,8.11334746184431e-26,8.11334746184431e-26,0,36,1.5,0,10,1.6227394054011701e-25
1080,4.35685848098916e-31,0,0,0,0,0,0,0,0,0,0,4.94593411786803e-27,4.94593411786803e-27,0,37,1.5,0,10,9.892303921584158e-27
1110,2.71030761855949e-32,0,0,0,0,0,0,0,0,0,0,3.01716290003554e-28,3.01716290003554e-28,0,38,1.5,0,10,6.034596830832936e-28
1140,1.68334024673139e-33,0,0,0,0,0,0,0,0,0,0,1.84171719999652e-29,1.84171719999652e-29,0,39,1.5,0,10,3.683602734017713e-29
1170,1.04400359445884e-34,0,0,0,0,0,0,0,0,0,0,1.12484873471689e-30,1.12484873471689e-30,0,40,1.5,0,10,2.249801869793226e-30
1200,6.466498402599619e-36,0,0,0,0,0,0,0,0,0,0,6.87364688578741e-32,6.87364688578741e-32,0,41,1.5,0,10,1.374794042141508e-31
1230,4.00061518175013e-37,0,0,0,0,0,0,0,0,0,0,4.20222022058911e-33,4.20222022058911e-33,0,42,1.5,0,10,8.404840502696395e-33
1260,2.47241948853942e-38,0,0,0,0,0,0,0,0,0,0,2.57008279549031e-34,2.57008279549031e-34,0,43,1.5,0,10,5.140412832929474e-34
1290,1.52650252826195e-39,0,0,0,0,0,0,0,0,0,0,1.5724322667392199e-35,1.5724322667392199e-35,0,44,1.5,0,10,3.145017183731266e-35
1320,9.41652496319227e-41,0,0,0,0,0,0,0,0,0,0,9.62353554177243e-37,9.62353554177243e-37,0,45,1.5,0,10,1.9248012736041178e-36
1350,5.804107875147459e-42,0,0,0,0,0,0,0,0,0,0,5.89139389254063e-38,5.89139389254063e-38,0,46,1.5,0,10,1.1783368195868774e-37
1380,3.5748886019408294e-43,0,0,0,0,0,0,0,0,0,0,3.60750044536063e-39,3.60750044536063e-39,0,47,1.5,0,10,7.215358379581454e-39
1410,2.20038847461298e-44,0,0,0,0,0,0,0,0,0,0,2.20945528818079e-40,2.20945528818079e-40,0,48,1.5,0,10,4.419130615209041e-40
1440,1.3535397069633499e-45,0,0,0,0,0,0,0,0,0,0,1.35344731257679e-41,1.35344731257679e-41,0,49,1.5,0,10,2.7070299791242763e-41
1470,8.32147099011385e-47,0,0,0,0,0,0,0,0,0,0,8.292067115945148e-43,8.292067115945148e-43,0,50,1.5,0,10,1.6584966378989308e-42
1500,5.1133708770499196e-48,0,0,0,0,0,0,0,0,0,0,5.08087714185541e-44,5.08087714185541e-44,0,51,1.5,0,10,1.0162265620798525e-43
1530,3.14059089140061e-49,0,0,0,0,0,0,0,0,0,0,3.1135737343554296e-45,3.1135737343554296e-45,0,52,1.5,0,10,6.227461527799999e-45
1560,1.92809968529631e-50,0,0,0,0,0,0,0,0,0,0,1.90816224984109e-46,1.90816224984109e-46,0,53,1.5,0,10,3.81651730965071e-46
1590,1.18325224619319e-51,0,0,0,0,0,0,0,0,0,0,1.1694970373691902e-47,1.1694970373691902e-47,0,54,1.5,0,10,2.3391123999629994e-47
1620,7.25887470199509e-53,0,0,0,0,0,0,0,0,0,0,7.168090104889429e-49,7.168090104889429e-49,0,55,1.5,0,10,1.4336906097249057e-48
1650,4.45162476289921e-54,0,0,0,0,0,0,0,0,0,0,4.39361372204135e-50,4.39361372204135e-50,0,56,1.5,0,10,8.78767260655899e-50
1680,2.72921145297306e-55,0,0,0,0,0,0,0,0,0,0,2.69307628934336e-51,2.69307628934336e-51,0,57,1.5,0,10,5.386425499832018e-51
1710,1.67277036164298e-56,0,0,0,0,0,0,0,0,0,0,1.6507402225002201e-52,1.6507402225002201e-52,0,58,1.5,0,10,3.3016477220366046e-52
1740,1.02500550076009e-57,0,0,0,0,0,0,0,0,0,0,1.01183015319302e-53,1.01183015319302e-53,0,59,1.5,0,10,2.023762806936116e-53
1770,6.27937200156002e-59,0,0,0,0,0,0,0,0,0,0,6.20199426504017e-55,6.20199426504017e-55,0,60,1.5,0,10,1.2404616467280496e-54
1800,3.8460510520307096e-60,0,0,0,0,0,0,0,0,0,0,3.8014256946365496e-56,3.8014256946365496e-56,0,61,1.5,0,10,7.6032359943783025e-56
1830,2.3552156855765403e-61,0,0,0,0,0,0,0,0,0,0,2.3299684814362199e-57,2.3299684814362199e-57,0,62,1.5,0,10,4.6601724844409973e-57
1860,1.44201740206301e-62,0,0,0,0,0,0,0,0,0,0,1.4280367387387e-58,1.4280367387387e-58,0,63,1.5,0,10,2.856217679217606e-58
1890,8.82757243029579e-64,0,0,0,0,0,0,0,0,0,0,8.7521001449255e-60,8.7521001449255e-60,0,64,1.5,0,10,1.750508304709403e-59
1920,5.40317854675843e-65,0,0,0,0,0,0,0,0,0,0,5.3637292082425e-61,5.3637292082425e-61,0,65,1.5,0,10,1.0727998734339675e-60
1950,3.30674247217887e-66,0,0,0,0,0,0,0,0,0,0,3.28701348028806e-62,3.28701348028806e-62,0,66,1.5,0,10,6.574357634823337e-62
1980,2.0234840731458102e-67,0,0,0,0,0,0,0,0,0,0,2.01425700570674e-63,2.01425700570674e-63,0,67,1.5,0,10,4.0287163598207947e-63
0,250,0,0,0,0,0,0,0,0,0,0,0,0,0,1,1.5,0,11,250
30,250.000322400697,0,0,0,0,0,0,0,0,0,0,0,0,0,2,1.5,0,11,250.000322400697
60,250.000090984018,0,0,0,0,0,0,0,0,0,0,0,0,0,3,1.5,0,11,250.000090984018
90,250.000018876751,0,0,0,0,0,0,0,0,0,0,0,0,0,4,1.5,0,11,250.000018876751
120,199.72750278321,0,0,0,0,0,0,0,0,0,0,65.5444529971274,65.5444529971274,0,5,1.5,0,11,330.8164087774648
150,98.909464494168,0,0,0,0,0,0,0,0,0,0,101.096651588523,101.096651588523,0,6,1.5,0,11,301.102767671214
180,43.0393457865636,0,0,0,0,0,0,0,0,0,0,101.3713933724,101.3713933724,0,7,1.5,0,11,245.78213253136357
210,15.7069396892485,0,0,0,0,0,0,0,0,0,0,89.3444964317626,89.3444964317626,0,8,1.5,0,11,194.39593255277367
240,4.43359568751689,0,0,0,0,0,0,0,0,0,0,75.6876829996719,75.6876829996719,0,9,1.5,0,11,155.8089616868607
270,0.893274069539805,0,0,0,0,0,0,0,0,0,0,66.1581892163442,66.1581892163442,0,10,1.5,0,11,133.2096525022282
300,0.123920467703471,0,0,0,0,0,0,0,0,0,0,61.8755546092565,61.8755546092565,0,11,1.5,0,11,123.87502968621646
330,0.0127189920838891,0,0,0,0,0,0,0,0,0,0,60.6809465627002,60.6809465627002,0,12,1.5,0,11,121.37461211748429
360,0.00108986513920151,0,0,0,0,0,0,0,0,0,0,60.4668699091597,60.4668699091597,0,13,1.5,0,11,120.9348296834586
390,8.45567237246428e-5,0,0,0,0,0,0,0,0,0,0,60.4390202625575,60.4390202625575,0,14,1.5,0,11,120.87812508183872
420,6.18736127945424e-6,0,0,0,0,0,0,0,0,0,0,60.4360572380929,60.4360572380929,0,15,1.5,0,11,120.87212066354708
450,4.95998761153011e-7,0,0,0,0,0,0,0,0,0,0,3.56894434590286,3.56894434590286,0,16,1.5,0,11,7.137889187804481
480,6.49122410952492e-8,0,0,0,0,0,0,0,0,0,0,0.210762949072196,0.210762949072196,0,17,1.5,0,11,0.4215259630566331
510,7.60484970475591e-9,0,0,0,0,0,0,0,0,0,0,0.0124475488361988,0.0124475488361988,0,18,1.5,0,11,0.024895105277247306
540,6.91754778803687e-10,0,0,0,0,0,0,0,0,0,0,7.3523358075505e-4,7.3523358075505e-4,0,19,1.5,0,11,0.001470467853264879
570,5.52683761903847e-11,0,0,0,0,0,0,0,0,0,0,4.3433106497599e-5,4.3433106497599e-5,0,20,1.5,0,11,8.686626826357419e-5
600,4.1156589183192395e-12,0,0,0,0,0,0,0,0,0,0,2.56608130773291e-6,2.56608130773291e-6,0,21,1.5,0,11,5.132166731124739e-6
630,2.9336205824919997e-13,0,0,0,0,0,0,0,0,0,0,1.51626045089141e-7,1.51626045089141e-7,0,22,1.5,0,11,3.0325238354034024e-7
660,2.02963513403477e-14,0,0,0,0,0,0,0,0,0,0,8.96047409497154e-9,8.96047409497154e-9,0,23,1.5,0,11,1.792096848629442e-8
690,1.3741551908947802e-15,0,0,0,0,0,0,0,0,0,0,5.29592536380653e-10,5.29592536380653e-10,0,24,1.5,0,11,1.059186446916497e-9
720,9.15217485272208e-17,0,0,0,0,0,0,0,0,0,0,3.13044654074656e-11,3.13044654074656e-11,0,25,1.5,0,11,6.260902233667972e-11
750,6.01753107575756e-18,0,0,0,0,0,0,0,0,0,0,1.85064944811402e-12,1.85064944811402e-12,0,26,1.5,0,11,3.701304913759115e-12
780,3.9156636896048895e-19,0,0,0,0,0,0,0,0,0,0,1.09419648952945e-13,1.09419648952945e-13,0,27,1.5,0,11,2.1883968947225897e-13
810,2.5262956080113098e-20,0,0,0,0,0,0,0,0,0,0,6.47022809174089e-15,6.47022809174089e-15,0,28,1.5,0,11,1.294048144643786e-14
840,1.6182984907706e-21,0,0,0,0,0,0,0,0,0,0,3.8264566863059097e-16,3.8264566863059097e-16,0,29,1.5,0,11,7.652929555596727e-16
870,1.03037786487272e-22,0,0,0,0,0,0,0,0,0,0,2.2632198947519402e-17,2.2632198947519402e-17,0,30,1.5,0,11,4.5264500932825295e-17
900,6.52630706033039e-24,0,0,0,0,0,0,0,0,0,0,1.338780042198e-18,1.338780042198e-18,0,31,1.5,0,11,2.6775666107030603e-18
930,4.1149901056105095e-25,0,0,0,0,0,0,0,0,0,0,7.92034329906555e-20,7.92034329906555e-20,0,32,1.5,0,11,1.5840727748032156e-19
960,2.58430009291334e-26,0,0,0,0,0,0,0,0,0,0,4.68630811342729e-21,4.68630811342729e-21,0,33,1.5,0,11,9.372642069855509e-21
990,1.61729953060009e-27,0,0,0,0,0,0,0,0,0,0,2.77312515992189e-22,2.77312515992189e-22,0,34,1.5,0,11,5.546266492839086e-22
1020,1.00897176139931e-28,0,0,0,0,0,0,0,0,0,0,1.64119290448124e-23,1.64119290448124e-23,0,35,1.5,0,11,3.282395898680094e-23
1050,6.2769723701282996e-30,0,0,0,0,0,0,0,0,0,0,9.714065601031269e-25,9.714065601031269e-25,0,36,1.5,0,11,1.942819397178624e-24
1080,3.8951553454648696e-31,0,0,0,0,0,0,0,0,0,0,5.75033803740397e-26,5.75033803740397e-26,0,37,1.5,0,11,1.1500715026361395e-25
1110,2.4116063913140101e-32,0,0,0,0,0,0,0,0,0,0,3.40436681867814e-27,3.40436681867814e-27,0,38,1.5,0,11,6.808757753420193e-27
1140,1.48999537855015e-33,0,0,0,0,0,0,0,0,0,0,2.01571731161807e-28,2.01571731161807e-28,0,39,1.5,0,11,4.0314495231899254e-28
1170,9.18837035172236e-35,0,0,0,0,0,0,0,0,0,0,1.19363863484623e-29,1.19363863484623e-29,0,40,1.5,0,11,2.387286458062812e-29
1200,5.6563426512641093e-36,0,0,0,0,0,0,0,0,0,0,7.06912600086021e-31,7.06912600086021e-31,0,41,1.5,0,11,1.4138308565146933e-30
1230,3.47645830094351e-37,0,0,0,0,0,0,0,0,0,0,4.18704692926958e-32,4.18704692926958e-32,0,42,1.5,0,11,8.37412862312217e-32
1260,2.1335164275517901e-38,0,0,0,0,0,0,0,0,0,0,2.48026914305857e-33,2.48026914305857e-33,0,43,1.5,0,11,4.960559621281415e-33
1290,1.30755596357825e-39,0,0,0,0,0,0,0,0,0,0,1.4693940656210099e-34,1.4693940656210099e-34,0,44,1.5,0,11,2.9388012068016556e-34
1320,8.003363333345699e-41,0,0,0,0,0,0,0,0,0,0,8.70614398437551e-36,8.70614398437551e-36,0,45,1.5,0,11,1.7412368002384354e-35
1350,4.89295246757214e-42,0,0,0,0,0,0,0,0,0,0,5.15894733089876e-37,5.15894733089876e-37,0,46,1.5,0,11,1.0317943591322196e-36
1380,2.9880657787466794e-43,0,0,0,0,0,0,0,0,0,0,3.05733909601268e-38,3.05733909601268e-38,0,47,1.5,0,11,6.114708072683148e-38
1410,1.82289300564381e-44,0,0,0,0,0,0,0,0,0,0,1.8120616343882e-39,1.8120616343882e-39,0,48,1.5,0,11,3.624141497706456e-39
1440,1.1109956338860698e-45,0,0,0,0,0,0,0,0,0,0,1.07410991049763e-40,1.07410991049763e-40,0,49,1.5,0,11,2.148230930951599e-40
1470,6.76502504990119e-47,0,0,0,0,0,0,0,0,0,0,6.367521777764059e-42,6.367521777764059e-42,0,50,1.5,0,11,1.2735111205778616e-41
1500,4.11581488957483e-48,0,0,0,0,0,0,0,0,0,0,3.775179942319259e-43,3.775179942319259e-43,0,51,1.5,0,11,7.550401042787414e-43
1530,2.50203348057209e-49,0,0,0,0,0,0,0,0,0,0,2.2384629733394397e-44,2.2384629733394397e-44,0,52,1.5,0,11,4.476950967013685e-44
1560,1.51985085620594e-50,0,0,0,0,0,0,0,0,0,0,1.3274150682902899e-45,1.3274150682902899e-45,0,53,1.5,0,11,2.654845335089142e-45
1590,9.22566181732095e-52,0,0,0,0,0,0,0,0,0,0,7.872409270288761e-47,7.872409270288761e-47,0,54,1.5,0,11,1.5744910797195695e-46
1620,5.59628085667948e-53,0,0,0,0,0,0,0,0,0,0,4.6693044634060696e-48,4.6693044634060696e-48,0,55,1.5,0,11,9.338664889620706e-48
1650,3.3925192570476396e-54,0,0,0,0,0,0,0,0,0,0,2.7697453356954e-49,2.7697453356954e-49,0,56,1.5,0,11,5.53952459658337e-49
1680,2.05532391711784e-55,0,0,0,0,0,0,0,0,0,0,1.6431231209060399e-50,1.6431231209060399e-50,0,57,1.5,0,11,3.286266795051251e-50
1710,1.2444762553086399e-56,0,0,0,0,0,0,0,0,0,0,9.7486054086298e-52,9.7486054086298e-52,0,58,1.5,0,11,1.9497335264885132e-51
1740,7.53101733600843e-58,0,0,0,0,0,0,0,0,0,0,5.78437562505368e-53,5.78437562505368e-53,0,59,1.5,0,11,1.156882656028072e-52
1770,4.55504667198912e-59,0,0,0,0,0,0,0,0,0,0,3.43250817651142e-54,3.43250817651142e-54,0,60,1.5,0,11,6.86506190348956e-54
1800,2.7536887339428697e-60,0,0,0,0,0,0,0,0,0,0,2.0370761030119697e-55,2.0370761030119697e-55,0,61,1.5,0,11,4.0741797429112785e-55
1830,1.66390938463966e-61,0,0,0,0,0,0,0,0,0,0,1.2090464527426999e-56,1.2090464527426999e-56,0,62,1.5,0,11,2.418109544579246e-56
1860,1.00495503302166e-62,0,0,0,0,0,0,0,0,0,0,7.17659197269713e-58,7.17659197269713e-58,0,63,1.5,0,11,1.4353284440897564e-57
1890,6.06700648616114e-64,0,0,0,0,0,0,0,0,0,0,4.26022492957925e-59,4.26022492957925e-59,0,64,1.5,0,11,8.520510529223362e-59
1920,3.6611822995225802e-65,0,0,0,0,0,0,0,0,0,0,2.52921226681725e-60,2.52921226681725e-60,0,65,1.5,0,11,5.058461145457496e-60
1950,2.20848782359087e-66,0,0,0,0,0,0,0,0,0,0,1.5016750730778702e-61,1.5016750730778702e-61,0,66,1.5,0,11,3.003372231033976e-61
1980,1.3316885348351901e-67,0,0,0,0,0,0,0,0,0,0,8.916698265096691e-63,8.916698265096691e-63,0,67,1.5,0,11,1.7833529699046865e-62
0,250,0,0,0,0,0,0,0,0,0,0,0,0,0,1,1.5,0,12,250
30,250.000322400697,0,0,0,0,0,0,0,0,0,0,0,0,0,2,1.5,0,12,250.000322400697
60,250.000090984018,0,0,0,0,0,0,0,0,0,0,0,0,0,3,1.5,0,12,250.000090984018
90,250.000018876751,0,0,0,0,0,0,0,0,0,0,0,0,0,4,1.5,0,12,250.000018876751
120,199.72750278321,0,0,0,0,0,0,0,0,0,0,65.5444529971274,65.5444529971274,0,5,1.5,0,12,330.8164087774648
150,98.909464494168,0,0,0,0,0,0,0,0,0,0,101.096651588523,101.096651588523,0,6,1.5,0,12,301.102767671214
180,43.0393457865636,0,0,0,0,0,0,0,0,0,0,101.3713933724,101.3713933724,0,7,1.5,0,12,245.78213253136357
210,15.7069396892485,0,0,0,0,0,0,0,0,0,0,89.3444964317626,89.3444964317626,0,8,1.5,0,12,194.39593255277367
240,4.43359568751689,0,0,0,0,0,0,0,0,0,0,75.6876829996719,75.6876829996719,0,9,1.5,0,12,155.8089616868607
270,0.893274069539805,0,0,0,0,0,0,0,0,0,0,66.1581892163442,66.1581892163442,0,10,1.5,0,12,133.2096525022282
300,0.123920467703471,0,0,0,0,0,0,0,0,0,0,61.8755546092565,61.8755546092565,0,11,1.5,0,12,123.87502968621646
330,0.0127189920838891,0,0,0,0,0,0,0,0,0,0,60.6809465627002,60.6809465627002,0,12,1.5,0,12,121.37461211748429
360,0.00108986513920151,0,0,0,0,0,0,0,0,0,0,60.4668699091597,60.4668699091597,0,13,1.5,0,12,120.9348296834586
390,8.45567237246428e-5,0,0,0,0,0,0,0,0,0,0,60.4390202625575,60.4390202625575,0,14,1.5,0,12,120.87812508183872
420,6.18736127945424e-6,0,0,0,0,0,0,0,0,0,0,60.4360572380929,60.4360572380929,0,15,1.5,0,12,120.87212066354708
450,4.35901295644549e-7,0,0,0,0,0,0,0,0,0,0,60.4357793975449,60.4357793975449,0,16,1.5,0,12,120.8715592309911
480,3.34546303322374e-8,0,0,0,0,0,0,0,0,0,0,3.56891355668112,3.56891355668112,0,17,1.5,0,12,7.13782714681687
510,4.0791701176254505e-9,0,0,0,0,0,0,0,0,0,0,0.210755368657865,0.210755368657865,0,18,1.5,0,12,0.42151074139490013
540,4.63602589519496e-10,0,0,0,0,0,0,0,0,0,0,0.0124458170373998,0.0124458170373998,0,19,1.5,0,12,0.02489163453840219
570,4.17057460424796e-11,0,0,0,0,0,0,0,0,0,0,7.3497278982161e-4,7.3497278982161e-4,0,20,1.5,0,12,0.001469945621348966
600,3.31409753085238e-12,0,0,0,0,0,0,0,0,0,0,4.3403255582754e-5,4.3403255582754e-5,0,21,1.5,0,12,8.680651447960553e-5
630,2.45994722326433e-13,0,0,0,0,0,0,0,0,0,0,2.56316488057902e-6,2.56316488057902e-6,0,22,1.5,0,12,5.126330007152762e-6
660,1.74964472177323e-14,0,0,0,0,0,0,0,0,0,0,1.51367965090275e-7,1.51367965090275e-7,0,23,1.5,0,12,3.0273594767699726e-7
690,1.2085918722577602e-15,0,0,0,0,0,0,0,0,0,0,8.939116383353411e-9,8.939116383353411e-9,0,24,1.5,0,12,1.7878233975298694e-8
720,8.17275637833005e-17,0,0,0,0,0,0,0,0,0,0,5.27908191345379e-10,5.27908191345379e-10,0,25,1.5,0,12,1.0558164644183217e-9
750,5.437860386261419e-18,0,0,0,0,0,0,0,0,0,0,3.11763594261527e-11,3.11763594261527e-11,0,26,1.5,0,12,6.235272429016579e-11
780,3.5723995079656195e-19,0,0,0,0,0,0,0,0,0,0,1.84117719820554e-12,1.84117719820554e-12,0,27,1.5,0,12,3.682354753651031e-12
810,2.32290336942597e-20,0,0,0,0,0,0,0,0,0,0,1.0873490129199699e-13,1.0873490129199699e-13,0,28,1.5,0,12,2.1746982581302767e-13
840,1.49770526147025e-21,0,0,0,0,0,0,0,0,0,0,6.4216337045464905e-15,6.4216337045464905e-15,0,29,1.5,0,12,1.2843268906798243e-14
870,9.58826621759896e-23,0,0,0,0,0,0,0,0,0,0,3.79249731241149e-16,3.79249731241149e-16,0,30,1.5,0,12,7.584995583649601e-16
900,6.1014535881678305e-24,0,0,0,0,0,0,0,0,0,0,2.23979474153607e-17,2.23979474153607e-17,0,31,1.5,0,12,4.479590093217499e-17
930,3.8625201372441695e-25,0,0,0,0,0,0,0,0,0,0,1.32280048557718e-18,1.32280048557718e-18,0,32,1.5,0,12,2.6456013574063737e-18
960,2.43414214003594e-26,0,0,0,0,0,0,0,0,0,0,7.812385328656829e-20,7.812385328656829e-20,0,33,1.5,0,12,1.5624773091455799e-19
990,1.52791280819711e-27,0,0,0,0,0,0,0,0,0,0,4.61398470043822e-21,4.61398470043822e-21,0,34,1.5,0,12,9.227970928789249e-21
1020,9.55711890168739e-29,0,0,0,0,0,0,0,0,0,0,2.72503338796252e-22,2.72503338796252e-22,0,35,1.5,0,12,5.45006773163693e-22
1050,5.959325757445659e-30,0,0,0,0,0,0,0,0,0,0,1.6094247945459498e-23,1.6094247945459498e-23,0,36,1.5,0,12,3.2188501850244754e-23
1080,3.70552053456669e-31,0,0,0,0,0,0,0,0,0,0,9.50545103272415e-25,9.50545103272415e-25,0,37,1.5,0,12,1.9010905770968835e-24
1110,2.29827967079733e-32,0,0,0,0,0,0,0,0,0,0,5.61407163979276e-26,5.61407163979276e-26,0,38,1.5,0,12,1.122814557786519e-25
1140,1.42220069615573e-33,0,0,0,0,0,0,0,0,0,0,3.31578490844178e-27,3.31578490844178e-27,0,39,1.5,0,12,6.631571239084257e-27
1170,8.782381154465939e-35,0,0,0,0,0,0,0,0,0,0,1.9583843439922198e-28,1.9583843439922198e-28,0,40,1.5,0,12,3.9167695662225552e-28
1200,5.41295800788269e-36,0,0,0,0,0,0,0,0,0,0,1.1566785530483e-29,1.1566785530483e-29,0,41,1.5,0,12,2.3133576473924008e-29
1230,3.33039744773266e-37,0,0,0,0,0,0,0,0,0,0,6.831728718277229e-31,6.831728718277229e-31,0,42,1.5,0,12,1.3663460766951906e-30
1260,2.04576859426812e-38,0,0,0,0,0,0,0,0,0,0,4.03507597042912e-32,4.03507597042912e-32,0,43,1.5,0,12,8.070153986626834e-32
1290,1.25478455586685e-39,0,0,0,0,0,0,0,0,0,0,2.38328506394557e-33,2.38328506394557e-33,0,44,1.5,0,12,4.7665713826756956e-33
1320,7.68566393412241e-41,0,0,0,0,0,0,0,0,0,0,1.4076783700657699e-34,1.4076783700657699e-34,0,45,1.5,0,12,2.8153575086979333e-34
1350,4.7014901636334e-42,0,0,0,0,0,0,0,0,0,0,8.31446008442055e-36,8.31446008442055e-36,0,46,1.5,0,12,1.6628924870331261e-35
1380,2.8725633290859093e-43,0,0,0,0,0,0,0,0,0,0,4.91097626867465e-37,4.91097626867465e-37,0,47,1.5,0,12,9.82195540991263e-37
1410,1.7531452503004598e-44,0,0,0,0,0,0,0,0,0,0,2.90071315199921e-38,2.90071315199921e-38,0,48,1.5,0,12,5.80142805714367e-38
1440,1.06883677128514e-45,0,0,0,0,0,0,0,0,0,0,1.71334529659276e-39,1.71334529659276e-39,0,49,1.5,0,12,3.4266916620222913e-39
1470,6.509958111498881e-47,0,0,0,0,0,0,0,0,0,0,1.0120178474669199e-40,1.0120178474669199e-40,0,50,1.5,0,12,2.0240363459296508e-40
1500,3.96135638917937e-48,0,0,0,0,0,0,0,0,0,0,5.977706762761899e-42,5.977706762761899e-42,0,51,1.5,0,12,1.195541748688019e-41
1530,2.40841826964856e-49,0,0,0,0,0,0,0,0,0,0,3.530890102893889e-43,3.530890102893889e-43,0,52,1.5,0,12,7.061782614206048e-43
1560,1.46306480979493e-50,0,0,0,0,0,0,0,0,0,0,2.0856284904138898e-44,2.0856284904138898e-44,0,53,1.5,0,12,4.1712584438925894e-44
1590,8.880930836431841e-52,0,0,0,0,0,0,0,0,0,0,1.2319493578520598e-45,1.2319493578520598e-45,0,54,1.5,0,12,2.4638996037972034e-45
1620,5.38684804944542e-53,0,0,0,0,0,0,0,0,0,0,7.276992253048361e-47,7.276992253048361e-47,0,55,1.5,0,12,1.455398989294477e-46
1650,3.2651933947959797e-54,0,0,0,0,0,0,0,0,0,0,4.29847217588342e-48,4.29847217588342e-48,0,56,1.5,0,12,8.596947616960235e-48
1680,1.97786390687297e-55,0,0,0,0,0,0,0,0,0,0,2.5390980691675e-49,2.5390980691675e-49,0,57,1.5,0,12,5.078198116198907e-49
1710,1.1973233089428299e-56,0,0,0,0,0,0,0,0,0,0,1.49985051426019e-50,1.49985051426019e-50,0,58,1.5,0,12,2.999702225843689e-50
1740,7.243812457620241e-58,0,0,0,0,0,0,0,0,0,0,8.85971233249638e-52,8.85971233249638e-52,0,59,1.5,0,12,1.7719431908805217e-51
1770,4.38001851444145e-59,0,0,0,0,0,0,0,0,0,0,5.23352624774478e-53,5.23352624774478e-53,0,60,1.5,0,12,1.0467056875508074e-52
1800,2.64697045401533e-60,0,0,0,0,0,0,0,0,0,0,3.0915219261139e-54,3.0915219261139e-54,0,61,1.5,0,12,6.183046499198254e-54
1830,1.5988115609634303e-61,0,0,0,0,0,0,0,0,0,0,1.82622124852313e-55,1.82622124852313e-55,0,62,1.5,0,12,3.652444095857821e-55
1860,9.65229178248828e-63,0,0,0,0,0,0,0,0,0,0,1.07879167375844e-56,1.07879167375844e-56,0,63,1.5,0,12,2.1575843127460584e-56
1890,5.82448958899794e-64,0,0,0,0,0,0,0,0,0,0,6.372721086321761e-58,6.372721086321761e-58,0,64,1.5,0,12,1.274544799713311e-57
1920,3.5130819428423202e-65,0,0,0,0,0,0,0,0,0,0,3.76456989606017e-59,3.76456989606017e-59,0,65,1.5,0,12,7.529143305202283e-59
1950,2.11801888076891e-66,0,0,0,0,0,0,0,0,0,0,2.2238676871326897e-60,2.2238676871326897e-60,0,66,1.5,0,12,4.44773749228426e-60
1980,1.27640996239137e-67,0,0,0,0,0,0,0,0,0,0,1.3137285772897101e-61,1.3137285772897101e-61,0,67,1.5,0,12,2.6274584309893827e-61
0,250,0,0,0,0,0,0,0,0,0,0,0,0,0,1,1.5,0,13,250
30,250.000322400697,0,0,0,0,0,0,0,0,0,0,0,0,0,2,1.5,0,13,250.000322400697
60,250.000090984018,0,0,0,0,0,0,0,0,0,0,0,0,0,3,1.5,0,13,250.000090984018
90,250.000018876751,0,0,0,0,0,0,0,0,0,0,0,0,0,4,1.5,0,13,250.000018876751
120,199.72750278321,0,0,0,0,0,0,0,0,0,0,65.5444529971274,65.5444529971274,0,5,1.5,0,13,330.8164087774648
150,98.909464494168,0,0,0,0,0,0,0,0,0,0,101.096651588523,101.096651588523,0,6,1.5,0,13,301.102767671214
180,43.0393457865636,0,0,0,0,0,0,0,0,0,0,101.3713933724,101.3713933724,0,7,1.5,0,13,245.78213253136357
210,15.7069396892485,0,0,0,0,0,0,0,0,0,0,89.3444964317626,89.3444964317626,0,8,1.5,0,13,194.39593255277367
240,4.43359568751689,0,0,0,0,0,0,0,0,0,0,75.6876829996719,75.6876829996719,0,9,1.5,0,13,155.8089616868607
270,0.893274069539805,0,0,0,0,0,0,0,0,0,0,66.1581892163442,66.1581892163442,0,10,1.5,0,13,133.2096525022282
300,0.123920467703471,0,0,0,0,0,0,0,0,0,0,61.8755546092565,61.8755546092565,0,11,1.5,0,13,123.87502968621646
330,0.0127189920838891,0,0,0,0,0,0,0,0,0,0,60.6809465627002,60.6809465627002,0,12,1.5,0,13,121.37461211748429
360,0.00108986513920151,0,0,0,0,0,0,0,0,0,0,60.4668699091597,60.4668699091597,0,13,1.5,0,13,120.9348296834586
390,8.45567237246428e-5,0,0,0,0,0,0,0,0,0,0,60.4390202625575,60.4390202625575,0,14,1.5,0,13,120.87812508183872
420,6.18736127945424e-6,0,0,0,0,0,0,0,0,0,0,60.4360572380929,60.4360572380929,0,15,1.5,0,13,120.87212066354708
450,4.35901295644549e-7,0,0,0,0,0,0,0,0,0,0,60.4357793975449,60.4357793975449,0,16,1.5,0,13,120.8715592309911
480,2.99056781143272e-8,0,0,0,0,0,0,0,0,0,0,60.4357554378723,60.4357554378723,0,17,1.5,0,13,120.87151090565028
510,2.22151649864702e-9,0,0,0,0,0,0,0,0,0,0,3.56891113083954,3.56891113083954,0,18,1.5,0,13,7.137822263900596
540,2.55409434219114e-10,0,0,0,0,0,0,0,0,0,0,0.210754841040607,0.210754841040607,0,19,1.5,0,13,0.4215096823366234
570,2.8234661651112497e-11,0,0,0,0,0,0,0,0,0,0,0.0124457053795258,0.0124457053795258,0,20,1.5,0,13,0.02489141078728626
600,2.51348309517281e-12,0,0,0,0,0,0,0,0,0,0,7.3495653474295e-4,7.3495653474295e-4,0,21,1.5,0,13,0.0014699130719993832
630,1.9869671561536698e-13,0,0,0,0,0,0,0,0,0,0,4.34014245373277e-5,4.34014245373277e-5,0,22,1.5,0,13,8.680284927335212e-5
660,1.4703178603879e-14,0,0,0,0,0,0,0,0,0,0,2.56298757901499e-6,2.56298757901499e-6,0,23,1.5,0,13,5.1259751727331585e-6
690,1.0436308567761201e-15,0,0,0,0,0,0,0,0,0,0,1.51352363450246e-7,1.51352363450246e-7,0,24,1.5,0,13,3.027047279441229e-7
720,7.19853213039567e-17,0,0,0,0,0,0,0,0,0,0,8.937830229848391e-9,8.937830229848391e-9,0,25,1.5,0,13,1.7875660531682103e-8
750,4.86248984296983e-18,0,0,0,0,0,0,0,0,0,0,5.27807046162255e-10,5.27807046162255e-10,0,26,1.5,0,13,1.0556140971869998e-9
780,3.23257946227464e-19,0,0,0,0,0,0,0,0,0,0,3.11686831925667e-11,3.11686831925667e-11,0,27,1.5,0,13,6.233736670839134e-11
810,2.12219539723322e-20,0,0,0,0,0,0,0,0,0,0,1.8406105802806198e-12,1.8406105802806198e-12,0,28,1.5,0,13,3.681221181783194e-12
840,1.37915675448072e-21,0,0,0,0,0,0,0,0,0,0,1.08693997669834e-13,1.08693997669834e-13,0,29,1.5,0,13,2.1738799671882475e-13
870,8.888029359026489e-23,0,0,0,0,0,0,0,0,0,0,6.41873429529108e-15,6.41873429529108e-15,0,30,1.5,0,13,1.2837468679462455e-14
900,5.6878228239466505e-24,0,0,0,0,0,0,0,0,0,0,3.7904731368846397e-16,3.7904731368846397e-16,0,31,1.5,0,13,7.580946330647508e-16
930,3.6181763753219295e-25,0,0,0,0,0,0,0,0,0,0,2.23839968671438e-17,2.23839968671438e-17,0,32,1.5,0,13,4.4767994096105236e-17
960,2.28979379620174e-26,0,0,0,0,0,0,0,0,0,0,1.32184958198426e-18,1.32184958198426e-18,0,33,1.5,0,13,2.643699186866458e-18
990,1.44263303370218e-27,0,0,0,0,0,0,0,0,0,0,7.80596551143115e-20,7.80596551143115e-20,0,34,1.5,0,13,1.5611931167125604e-19
1020,9.0532639552379e-29,0,0,0,0,0,0,0,0,0,0,4.60968667193264e-21,4.60968667193264e-21,0,35,1.5,0,13,9.21937343439792e-21
1050,5.6616168663084e-30,0,0,0,0,0,0,0,0,0,0,2.72217708390699e-22,2.72217708390699e-22,0,36,1.5,0,13,5.444354224430148e-22
1080,3.52960409701386e-31,0,0,0,0,0,0,0,0,0,0,1.6075390408552398e-23,1.6075390408552398e-23,0,37,1.5,0,13,3.2150781170065207e-23
1110,2.1943233478554301e-32,0,0,0,0,0,0,0,0,0,0,9.49307414396732e-25,9.49307414396732e-25,0,38,1.5,0,13,1.8986148507366972e-24
1140,1.36076414996208e-33,0,0,0,0,0,0,0,0,0,0,5.60599111503617e-26,5.60599111503617e-26,0,39,1.5,0,13,1.1211982366148756e-25
1170,8.41927334958031e-35,0,0,0,0,0,0,0,0,0,0,3.31053455811421e-27,3.31053455811421e-27,0,40,1.5,0,13,6.621069200421154e-27
1200,5.19833376105593e-36,0,0,0,0,0,0,0,0,0,0,1.95498772478237e-28,1.95498772478237e-28,0,41,1.5,0,13,3.9099755015480778e-28
1230,3.20352775719095e-37,0,0,0,0,0,0,0,0,0,0,1.15448988525024e-29,1.15448988525024e-29,0,42,1.5,0,13,2.3089798025357575e-29
1260,1.97076633488274e-38,0,0,0,0,0,0,0,0,0,0,6.817676942189609e-31,6.817676942189609e-31,0,43,1.5,0,13,1.3635354081455852e-30
1290,1.21044108953035e-39,0,0,0,0,0,0,0,0,0,0,4.02608456300116e-32,4.02608456300116e-32,0,44,1.5,0,13,8.052169247046429e-32
1320,7.423468455226299e-41,0,0,0,0,0,0,0,0,0,0,2.37754943176902e-33,2.37754943176902e-33,0,45,1.5,0,13,4.7550989377727244e-33
1350,4.5464434919444296e-42,0,0,0,0,0,0,0,0,0,0,1.4040300604919699e-34,1.4040300604919699e-34,0,46,1.5,0,13,2.8080601664483748e-34
1380,2.7808689341851e-43,0,0,0,0,0,0,0,0,0,0,8.29131558530251e-36,8.29131558530251e-36,0,47,1.5,0,13,1.6582631448691912e-35
1410,1.69891175396952e-44,0,0,0,0,0,0,0,0,0,0,4.89632992114303e-37,4.89632992114303e-37,0,48,1.5,0,13,9.792660012177236e-37
1440,1.03675648384122e-45,0,0,0,0,0,0,0,0,0,0,2.89146599818527e-38,2.89146599818527e-38,0,49,1.5,0,13,5.782932100046188e-38
1470,6.320175653543491e-47,0,0,0,0,0,0,0,0,0,0,1.70751958701489e-39,1.70751958701489e-39,0,50,1.5,0,13,3.4150392372315365e-39
1500,3.84907122911003e-48,0,0,0,0,0,0,0,0,0,0,1.00835507192567e-40,1.00835507192567e-40,0,51,1.5,0,13,2.0167101823420523e-40
1530,2.34197692375976e-49,0,0,0,0,0,0,0,0,0,0,5.95472168976254e-42,5.95472168976254e-42,0,52,1.5,0,13,1.190944361372277e-41
1560,1.42374553492272e-50,0,0,0,0,0,0,0,0,0,0,3.516492034147759e-43,3.516492034147759e-43,0,53,1.5,0,13,7.032984210670071e-43
1590,8.64821559622297e-52,0,0,0,0,0,0,0,0,0,0,2.0766246069945397e-44,2.0766246069945397e-44,0,54,1.5,0,13,4.1532493004712354e-44
1620,5.24909615043058e-53,0,0,0,0,0,0,0,0,0,0,1.2263277114061899e-45,1.2263277114061899e-45,0,55,1.5,0,13,2.4526554753033413e-45
1650,3.18364320584709e-54,0,0,0,0,0,0,0,0,0,0,7.241945909829941e-47,7.241945909829941e-47,0,56,1.5,0,13,1.4483892138024201e-46
1680,1.92957936806185e-55,0,0,0,0,0,0,0,0,0,0,4.27665483003944e-48,4.27665483003944e-48,0,57,1.5,0,13,8.553309853036816e-48
1710,1.16873107826749e-56,0,0,0,0,0,0,0,0,0,0,2.52553453082161e-49,2.52553453082161e-49,0,58,1.5,0,13,5.0510691785163276e-49
1740,7.07447778751742e-58,0,0,0,0,0,0,0,0,0,0,1.49142909244154e-50,1.49142909244154e-50,0,59,1.5,0,13,2.982858255627858e-50
1770,4.27971811751006e-59,0,0,0,0,0,0,0,0,0,0,8.80748877126421e-52,8.80748877126421e-52,0,60,1.5,0,13,1.7614977970500232e-51
1800,2.58755227738434e-60,0,0,0,0,0,0,0,0,0,0,5.20117868689095e-53,5.20117868689095e-53,0,61,1.5,0,13,1.0402357632537127e-52
1830,1.56360716989015e-61,0,0,0,0,0,0,0,0,0,0,3.07150791367803e-54,3.07150791367803e-54,0,62,1.5,0,13,6.143015983716777e-54
1860,9.44368131120527e-63,0,0,0,0,0,0,0,0,0,0,1.81385134435722e-55,1.81385134435722e-55,0,63,1.5,0,13,3.627702783151253e-55
1890,5.70085557084909e-64,0,0,0,0,0,0,0,0,0,0,1.07115404486957e-56,1.07115404486957e-56,0,64,1.5,0,13,2.1423081467476957e-56
1920,3.43979893354585e-65,0,0,0,0,0,0,0,0,0,0,6.32560925537022e-58,6.32560925537022e-58,0,65,1.5,0,13,1.2651218854720334e-57
1950,2.07457458013631e-66,0,0,0,0,0,0,0,0,0,0,3.73553645120898e-59,3.73553645120898e-59,0,66,1.5,0,13,7.471073109875417e-59
1980,1.2506510655869801e-67,0,0,0,0,0,0,0,0,0,0,2.2059912433529198e-60,2.2059912433529198e-60,0,67,1.5,0,13,4.411982611770946e-60
0,250,0,0,0,0,0,0,0,0,0,0,0,0,0,1,1.5,0,14,250
30,250.000322400697,0,0,0,0,0,0,0,0,0,0,0,0,0,2,1.5,0,14,250.000322400697
60,250.000090984018,0,0,0,0,0,0,0,0,0,0,0,0,0,3,1.5,0,14,250.000090984018
90,250.000018876751,0,0,0,0,0,0,0,0,0,0,0,0,0,4,1.5,0,14,250.000018876751
120,199.72750278321,0,0,0,0,0,0,0,0,0,0,65.5444529971274,65.5444529971274,0,5,1.5,0,14,330.8164087774648
150,98.909464494168,0,0,0,0,0,0,0,0,0,0,101.096651588523,101.096651588523,0,6,1.5,0,14,301.102767671214
180,43.0393457865636,0,0,0,0,0,0,0,0,0,0,101.3713933724,101.3713933724,0,7,1.5,0,14,245.78213253136357
210,15.7069396892485,0,0,0,0,0,0,0,0,0,0,89.3444964317626,89.3444964317626,0,8,1.5,0,14,194.39593255277367
240,4.43359568751689,0,0,0,0,0,0,0,0,0,0,75.6876829996719,75.6876829996719,0,9,1.5,0,14,155.8089616868607
270,0.893274069539805,0,0,0,0,0,0,0,0,0,0,66.1581892163442,66.1581892163442,0,10,1.5,0,14,133.2096525022282
300,0.123920467703471,0,0,0,0,0,0,0,0,0,0,61.8755546092565,61.8755546092565,0,11,1.5,0,14,123.87502968621646
330,0.0127189920838891,0,0,0,0,0,0,0,0,0,0,60.6809465627002,60.6809465627002,0,12,1.5,0,14,121.37461211748429
360,0.00108986513920151,0,0,0,0,0,0,0,0,0,0,60.4668699091597,60.4668699091597,0,13,1.5,0,14,120.9348296834586
390,8.45567237246428e-5,0,0,0,0,0,0,0,0,0,0,60.4390202625575,60.4390202625575,0,14,1.5,0,14,120.87812508183872
420,6.18736127945424e-6,0,0,0,0,0,0,0,0,0,0,60.4360572380929,60.4360572380929,0,15,1.5,0,14,120.87212066354708
450,4.35901295644549e-7,0,0,0,0,0,0,0,0,0,0,60.4357793975449,60.4357793975449,0,16,1.5,0,14,120.8715592309911
480,2.99056781143272e-8,0,0,0,0,0,0,0,0,0,0,60.4357554378723,60.4357554378723,0,17,1.5,0,14,120.87151090565028
510,2.01194023586324e-9,0,0,0,0,0,0,0,0,0,0,60.4357534897155,60.4357534897155,0,18,1.5,0,14,120.87150698144295
540,1.45709523497487e-10,0,0,0,0,0,0,0,0,0,0,3.56891094654907,3.56891094654907,0,19,1.5,0,14,7.137821893243849
570,1.59402752822328e-11,0,0,0,0,0,0,0,0,0,0,0.210754804856408,0.210754804856408,0,20,1.5,0,14,0.42150960972875623
600,1.7179837381445498e-12,0,0,0,0,0,0,0,0,0,0,0.0124456982133089,0.0124456982133089,0,21,1.5,0,14,0.024891396428335783
630,1.5141924634556899e-13,0,0,0,0,0,0,0,0,0,0,7.3495552329261e-4,7.3495552329261e-4,0,22,1.5,0,14,0.0014699110467366393
660,1.19102326122363e-14,0,0,0,0,0,0,0,0,0,0,4.34013123117591e-5,4.34013123117591e-5,0,23,1.5,0,14,8.680262463542844e-5
690,8.78694933980204e-16,0,0,0,0,0,0,0,0,0,0,2.56297680468902e-6,2.56297680468902e-6,0,24,1.5,0,14,5.125953610256735e-6
720,6.22453150551922e-17,0,0,0,0,0,0,0,0,0,0,1.51351420494581e-7,1.51351420494581e-7,0,25,1.5,0,14,3.0270284105140734e-7
750,4.2873105439127294e-18,0,0,0,0,0,0,0,0,0,0,8.93775278450999e-9,8.93775278450999e-9,0,26,1.5,0,14,1.787550557330729e-8
780,2.8929167330737695e-19,0,0,0,0,0,0,0,0,0,0,5.278009722210911e-10,5.278009722210911e-10,0,27,1.5,0,14,1.0556019447314738e-9
810,1.92161277628063e-20,0,0,0,0,0,0,0,0,0,0,3.11682231689115e-11,3.11682231689115e-11,0,28,1.5,0,14,6.233644635703913e-11
840,1.26070552763128e-21,0,0,0,0,0,0,0,0,0,0,1.84057667857872e-12,1.84057667857872e-12,0,29,1.5,0,14,3.681153358418146e-12
870,8.188530882688109e-23,0,0,0,0,0,0,0,0,0,0,1.08691553515294e-13,1.08691553515294e-13,0,30,1.5,0,14,2.173831071124733e-13
900,5.27474200986903e-24,0,0,0,0,0,0,0,0,0,0,6.4185612290969204e-15,6.4185612290969204e-15,0,31,1.5,0,14,1.2837122463468583e-14
930,3.3742355936140696e-25,0,0,0,0,0,0,0,0,0,0,3.79035242159737e-16,3.79035242159737e-16,0,32,1.5,0,14,7.580704846568975e-16
960,2.14573657689138e-26,0,0,0,0,0,0,0,0,0,0,2.23831655339481e-17,2.23831655339481e-17,0,33,1.5,0,14,4.4766331089353567e-17
990,1.35756097023602e-27,0,0,0,0,0,0,0,0,0,0,1.32179295335166e-18,1.32179295335166e-18,0,34,1.5,0,14,2.643585908060881e-18
1020,8.55087472188224e-29,0,0,0,0,0,0,0,0,0,0,7.80558341335391e-20,7.80558341335391e-20,0,35,1.5,0,14,1.5611166835258693e-19
1050,5.3649321385504795e-30,0,0,0,0,0,0,0,0,0,0,4.60943098763098e-21,4.60943098763098e-21,0,36,1.5,0,14,9.218861980626892e-21
1080,3.3543970123395396e-31,0,0,0,0,0,0,0,0,0,0,2.7220072413606e-22,2.7220072413606e-22,0,37,1.5,0,14,5.444014486075597e-22
1110,2.09085444730487e-32,0,0,0,0,0,0,0,0,0,0,1.60742695394921e-23,1.60742695394921e-23,0,38,1.5,0,14,3.2148539099892746e-23
1140,1.29966012788384e-33,0,0,0,0,0,0,0,0,0,0,9.492338738975669e-25,9.492338738975669e-25,0,39,1.5,0,14,1.8984677490947938e-24
1170,8.058419246339499e-35,0,0,0,0,0,0,0,0,0,0,5.60551114456848e-26,5.60551114456848e-26,0,40,1.5,0,14,1.121102229719538e-25
1200,4.9852278587842993e-36,0,0,0,0,0,0,0,0,0,0,3.31022278714696e-27,3.31022278714696e-27,0,41,1.5,0,14,6.620445579279148e-27
1230,3.07767539176208e-37,0,0,0,0,0,0,0,0,0,0,1.95478608439763e-28,1.95478608439763e-28,0,42,1.5,0,14,3.909572171872935e-28
1260,1.89644226982294e-38,0,0,0,0,0,0,0,0,0,0,1.1543599870409599e-29,1.1543599870409599e-29,0,43,1.5,0,14,2.308719975978362e-29
1290,1.16654763235007e-39,0,0,0,0,0,0,0,0,0,0,6.816843154675349e-31,6.816843154675349e-31,0,44,1.5,0,14,1.3633686321016175e-30
1320,7.16424608492591e-41,0,0,0,0,0,0,0,0,0,0,4.02555115457079e-32,4.02555115457079e-32,0,45,1.5,0,14,8.051102316305825e-32
1350,4.393353212720429e-42,0,0,0,0,0,0,0,0,0,0,2.37720923683116e-33,2.37720923683116e-33,0,46,1.5,0,14,4.754418478055673e-33
1380,2.6904570967940592e-43,0,0,0,0,0,0,0,0,0,0,1.4038137098493e-34,1.4038137098493e-34,0,47,1.5,0,14,2.807627422389057e-34
1410,1.6455161367294398e-44,0,0,0,0,0,0,0,0,0,0,8.28994331641988e-36,8.28994331641988e-36,0,48,1.5,0,14,1.657988664929492e-35
1440,1.00522178727869e-45,0,0,0,0,0,0,0,0,0,0,4.89546166049804e-37,4.89546166049804e-37,0,49,1.5,0,14,9.790923331048298e-37
1470,6.13393498402471e-47,0,0,0,0,0,0,0,0,0,0,2.89091789518685e-38,2.89091789518685e-38,0,50,1.5,0,14,5.781835796507636e-38
1500,3.73907866966821e-48,0,0,0,0,0,0,0,0,0,0,1.70717433215876e-39,1.70717433215876e-39,0,51,1.5,0,14,3.4143486680565984e-39
1530,2.2770155649596198e-49,0,0,0,0,0,0,0,0,0,0,1.0081380311479298e-40,1.0081380311479298e-40,0,52,1.5,0,14,2.0162760645728753e-40
1560,1.38537922813997e-50,0,0,0,0,0,0,0,0,0,0,5.95335986925972e-42,5.95335986925972e-42,0,53,1.5,0,14,1.1906719752373231e-41
1590,8.42162176378368e-52,0,0,0,0,0,0,0,0,0,0,3.5156390837434193e-43,3.5156390837434193e-43,0,54,1.5,0,14,7.03127817590846e-43
1620,5.11526738787472e-53,0,0,0,0,0,0,0,0,0,0,2.0760912753952797e-44,2.0760912753952797e-44,0,55,1.5,0,14,4.152182555905827e-44
1650,3.1046018793167097e-54,0,0,0,0,0,0,0,0,0,0,1.22599475985723e-45,1.22599475985723e-45,0,56,1.5,0,14,2.4519895228190618e-45
1680,1.882895970988e-55,0,0,0,0,0,0,0,0,0,0,7.239870460062411e-47,7.239870460062411e-47,0,57,1.5,0,14,1.4479740938953781e-46
1710,1.1411586987223999e-56,0,0,0,0,0,0,0,0,0,0,4.27536294100615e-48,4.27536294100615e-48,0,58,1.5,0,14,8.550725893423886e-48
1740,6.91162706015137e-58,0,0,0,0,0,0,0,0,0,0,2.52473146398728e-49,2.52473146398728e-49,0,59,1.5,0,14,5.049462934886187e-49
1770,4.18353277246908e-59,0,0,0,0,0,0,0,0,0,0,1.49093052836448e-50,1.49093052836448e-50,0,60,1.5,0,14,2.9818610609124927e-50
1800,2.5307413401787896e-60,0,0,0,0,0,0,0,0,0,0,8.804397335225231e-52,8.804397335225231e-52,0,61,1.5,0,14,1.7608794695757874e-51
1830,1.53005203922475e-61,0,0,0,0,0,0,0,0,0,0,5.19926401318537e-53,5.19926401318537e-53,0,62,1.5,0,14,1.039852804167126e-52
1860,9.24548756790675e-63,0,0,0,0,0,0,0,0,0,0,3.07032337844795e-54,3.07032337844795e-54,0,63,1.5,0,14,6.140646766141387e-54
1890,5.5837911116288e-64,0,0,0,0,0,0,0,0,0,0,1.81311929263319e-55,1.81311929263319e-55,0,64,1.5,0,14,3.626238590850171e-55
1920,3.37065335823154e-65,0,0,0,0,0,0,0,0,0,0,1.07070208846113e-56,1.07070208846113e-56,0,65,1.5,0,14,2.1414041802929133e-56
1950,2.03373248383601e-66,0,0,0,0,0,0,0,0,0,0,6.3228216492338e-58,6.3228216492338e-58,0,66,1.5,0,14,1.2645643318804925e-57
1980,1.2265266919737901e-67,0,0,0,0,0,0,0,0,0,0,3.73381868432449e-59,3.73381868432449e-59,0,67,1.5,0,14,7.4676373809142475e-59
0,250,0,0,0,0,0,0,0,0,0,0,0,0,0,1,1.5,0,15,250
30,250.000322400697,0,0,0,0,0,0,0,0,0,0,0,0,0,2,1.5,0,15,250.000322400697
60,250.000090984018,0,0,0,0,0,0,0,0,0,0,0,0,0,3,1.5,0,15,250.000090984018
90,250.000018876751,0,0,0,0,0,0,0,0,0,0,0,0,0,4,1.5,0,15,250.000018876751
120,199.72750278321,0,0,0,0,0,0,0,0,0,0,65.5444529971274,65.5444529971274,0,5,1.5,0,15,330.8164087774648
150,98.909464494168,0,0,0,0,0,0,0,0,0,0,101.096651588523,101.096651588523,0,6,1.5,0,15,301.102767671214
180,43.0393457865636,0,0,0,0,0,0,0,0,0,0,101.3713933724,101.3713933724,0,7,1.5,0,15,245.78213253136357
210,15.7069396892485,0,0,0,0,0,0,0,0,0,0,89.3444964317626,89.3444964317626,0,8,1.5,0,15,194.39593255277367
240,4.43359568751689,0,0,0,0,0,0,0,0,0,0,75.6876829996719,75.6876829996719,0,9,1.5,0,15,155.8089616868607
270,0.893274069539805,0,0,0,0,0,0,0,0,0,0,66.1581892163442,66.1581892163442,0,10,1.5,0,15,133.2096525022282
300,0.123920467703471,0,0,0,0,0,0,0,0,0,0,61.8755546092565,61.8755546092565,0,11,1.5,0,15,123.87502968621646
330,0.0127189920838891,0,0,0,0,0,0,0,0,0,0,60.6809465627002,60.6809465627002,0,12,1.5,0,15,121.37461211748429
360,0.00108986513920151,0,0,0,0,0,0,0,0,0,0,60.4668699091597,60.4668699091597,0,13,1.5,0,15,120.9348296834586
390,8.45567237246428e-5,0,0,0,0,0,0,0,0,0,0,60.4390202625575,60.4390202625575,0,14,1.5,0,15,120.87812508183872
420,6.18736127945424e-6,0,0,0,0,0,0,0,0,0,0,60.4360572380929,60.4360572380929,0,15,1.5,0,15,120.87212066354708
450,4.35901295644549e-7,0,0,0,0,0,0,0,0,0,0,60.4357793975449,60.4357793975449,0,16,1.5,0,15,120.8715592309911
480,2.99056781143272e-8,0,0,0,0,0,0,0,0,0,0,60.4357554378723,60.4357554378723,0,17,1.5,0,15,120.87151090565028
510,2.01194023586324e-9,0,0,0,0,0,0,0,0,0,0,60.4357534897155,60.4357534897155,0,18,1.5,0,15,120.87150698144295
540,1.33333421683162e-10,0,0,0,0,0,0,0,0,0,0,60.4357533380261,60.4357533380261,0,19,1.5,0,15,120.87150667618555
570,9.462169657437799e-12,0,0,0,0,0,0,0,0,0,0,3.56891093293843,3.56891093293843,0,20,1.5,0,15,7.1378218658863215
600,9.91963833535704e-13,0,0,0,0,0,0,0,0,0,0,0.210754802404801,0.210754802404801,0,21,1.5,0,15,0.42150960481059396
630,1.0444267777198699e-13,0,0,0,0,0,0,0,0,0,0,0.012445697755254,0.012445697755254,0,22,1.5,0,15,0.024891395510612445
660,9.1183622081012e-15,0,0,0,0,0,0,0,0,0,0,7.3495546045716e-4,7.3495546045716e-4,0,23,1.5,0,15,0.0014699109209234383
690,7.13763717431887e-16,0,0,0,0,0,0,0,0,0,0,4.3401305438857e-5,4.3401305438857e-5,0,24,1.5,0,15,8.680261087842776e-5
720,5.2505414965305504e-17,0,0,0,0,0,0,0,0,0,0,2.56297615025165e-6,2.56297615025165e-6,0,25,1.5,0,15,5.125952300555805e-6
750,3.71213958267762e-18,0,0,0,0,0,0,0,0,0,0,1.51351363519557e-7,1.51351363519557e-7,0,26,1.5,0,15,3.027027270428261e-7
780,2.55326104535397e-19,0,0,0,0,0,0,0,0,0,0,8.93774812209819e-9,8.93774812209819e-9,0,27,1.5,0,15,1.787549624445171e-8
810,1.7210359111371e-20,0,0,0,0,0,0,0,0,0,0,5.2780060752233e-10,5.2780060752233e-10,0,28,1.5,0,15,1.0556012150618703e-9
840,1.1422588643239801e-21,0,0,0,0,0,0,0,0,0,0,3.11681956032905e-11,3.11681956032905e-11,0,29,1.5,0,15,6.233639120772326e-11
870,7.489067677510709e-23,0,0,0,0,0,0,0,0,0,0,1.84057465033129e-12,1.84057465033129e-12,0,30,1.5,0,15,3.68114930073747e-12
900,4.86168787597738e-24,0,0,0,0,0,0,0,0,0,0,1.08691407474709e-13,1.08691407474709e-13,0,31,1.5,0,15,2.1738281495427967e-13
930,3.1303146257867298e-25,0,0,0,0,0,0,0,0,0,0,6.418550899081681e-15,6.418550899081681e-15,0,32,1.5,0,15,1.2837101798476392e-14
960,2.00169384024759e-26,0,0,0,0,0,0,0,0,0,0,3.79034522264622e-16,3.79034522264622e-16,0,33,1.5,0,15,7.580690445492609e-16
990,1.27249934693142e-27,0,0,0,0,0,0,0,0,0,0,2.23831159937257e-17,2.23831159937257e-17,0,34,1.5,0,15,4.47662319887239e-17
1020,8.04855983664222e-29,0,0,0,0,0,0,0,0,0,0,1.32178958094209e-18,1.32178958094209e-18,0,35,1.5,0,15,2.6435791619646657e-18
1050,5.0682997876046596e-30,0,0,0,0,0,0,0,0,0,0,7.805560670912259e-20,7.805560670912259e-20,0,36,1.5,0,15,1.5611121342331349e-19
1080,3.1792264720375196e-31,0,0,0,0,0,0,0,0,0,0,4.60941577675825e-21,4.60941577675825e-21,0,37,1.5,0,15,9.218831553834423e-21
1110,1.9874108247921101e-32,0,0,0,0,0,0,0,0,0,0,2.72199714164758e-22,2.72199714164758e-22,0,38,1.5,0,15,5.443994283493901e-22
1140,1.2385734548070499e-33,0,0,0,0,0,0,0,0,0,0,1.60742029124582e-23,1.60742029124582e-23,0,39,1.5,0,15,3.214840582615497e-23
1170,7.697683373711839e-35,0,0,0,0,0,0,0,0,0,0,9.492295039865019e-25,9.492295039865019e-25,0,40,1.5,0,15,1.8984590080499806e-24
1200,4.7722020106727096e-36,0,0,0,0,0,0,0,0,0,0,5.60548263269484e-26,5.60548263269484e-26,0,41,1.5,0,15,1.12109652658669e-25
1230,2.95187691230249e-37,0,0,0,0,0,0,0,0,0,0,3.31020427209978e-27,3.31020427209978e-27,0,42,1.5,0,15,6.620408544494748e-27
1260,1.82215428051895e-38,0,0,0,0,0,0,0,0,0,0,1.9547741127049698e-28,1.9547741127049698e-28,0,43,1.5,0,15,3.909548225592155e-28
1290,1.12267820709533e-39,0,0,0,0,0,0,0,0,0,0,1.1543522765923e-29,1.1543522765923e-29,0,44,1.5,0,15,2.3087045532968678e-29
1320,6.90518306737694e-41,0,0,0,0,0,0,0,0,0,0,6.816793673650569e-31,6.816793673650569e-31,0,45,1.5,0,15,1.3633587347991656e-30
1350,4.2403681478436e-42,0,0,0,0,0,0,0,0,0,0,4.02551950576297e-32,4.02551950576297e-32,0,46,1.5,0,15,8.051039011949978e-32
1380,2.6001144529933795e-43,0,0,0,0,0,0,0,0,0,0,2.3771890556755498e-33,2.3771890556755498e-33,0,47,1.5,0,15,4.754378111611111e-33
1410,1.5921658562016198e-44,0,0,0,0,0,0,0,0,0,0,1.40380087759731e-34,1.40380087759731e-34,0,48,1.5,0,15,2.807601755353836e-34
1440,9.73716693570148e-46,0,0,0,0,0,0,0,0,0,0,8.289861936812169e-36,8.289861936812169e-36,0,49,1.5,0,15,1.6579723874598056e-35
1470,5.9478869838243e-47,0,0,0,0,0,0,0,0,0,0,4.89541017761889e-37,4.89541017761889e-37,0,50,1.5,0,15,9.79082035583257e-37
1500,3.6292111286684e-48,0,0,0,0,0,0,0,0,0,0,2.89088540027192e-38,2.89088540027192e-38,0,51,1.5,0,15,5.781770800906761e-38
1530,2.2121350966454298e-49,0,0,0,0,0,0,0,0,0,0,1.70715386595388e-39,1.70715386595388e-39,0,52,1.5,0,15,3.414307732128974e-39
1560,1.3470651194967e-50,0,0,0,0,0,0,0,0,0,0,1.00812516683552e-40,1.00812516683552e-40,0,53,1.5,0,15,2.0162503338057464e-40
1590,8.195363911057141e-52,0,0,0,0,0,0,0,0,0,0,5.953279161379239e-42,5.953279161379239e-42,0,54,1.5,0,15,1.1906558323578015e-41
1620,4.98165436612858e-53,0,0,0,0,0,0,0,0,0,0,3.5155885392876996e-43,3.5155885392876996e-43,0,55,1.5,0,15,7.0311770790735645e-43
1650,3.02569877207597e-54,0,0,0,0,0,0,0,0,0,0,2.0760596742133498e-44,2.0760596742133498e-44,0,56,1.5,0,15,4.1521193487292695e-44
1680,1.8363009375583997e-55,0,0,0,0,0,0,0,0,0,0,1.2259750335544999e-45,1.2259750335544999e-45,0,57,1.5,0,15,2.4519500672926297e-45
1710,1.1136426952431299e-56,0,0,0,0,0,0,0,0,0,0,7.23974750746487e-47,7.23974750746487e-47,0,58,1.5,0,15,1.4479495016043384e-46
1740,6.74913531764337e-58,0,0,0,0,0,0,0,0,0,0,4.2752864142098296e-48,4.2752864142098296e-48,0,59,1.5,0,15,8.550572829094573e-48
1770,4.08757559742964e-59,0,0,0,0,0,0,0,0,0,0,2.5246838971028097e-49,2.5246838971028097e-49,0,60,1.5,0,15,5.049367794614377e-49
1800,2.4740751734297897e-60,0,0,0,0,0,0,0,0,0,0,1.49090099993077e-50,1.49090099993077e-50,0,61,1.5,0,15,2.9818020001089473e-50
1830,1.4965886098881402e-61,0,0,0,0,0,0,0,0,0,0,8.80421425236238e-52,8.80421425236238e-52,0,62,1.5,0,15,1.7608428506221348e-51
1860,9.047873758524891e-63,0,0,0,0,0,0,0,0,0,0,5.19915062921014e-53,5.19915062921014e-53,0,63,1.5,0,15,1.0398301259325067e-52
1890,5.46709285322557e-64,0,0,0,0,0,0,0,0,0,0,3.0702532368369495e-54,3.0702532368369495e-54,0,64,1.5,0,15,6.140506474220608e-54
1920,3.30173868442102e-65,0,0,0,0,0,0,0,0,0,0,1.81307594736962e-55,1.81307594736962e-55,0,65,1.5,0,15,3.6261518950694136e-55
1950,1.99303577527093e-66,0,0,0,0,0,0,0,0,0,0,1.0706753294693499e-56,1.0706753294693499e-56,0,66,1.5,0,15,2.1413506591380035e-56
1980,1.2024937396979502e-67,0,0,0,0,0,0,0,0,0,0,6.32265661310061e-58,6.32265661310061e-58,0,67,1.5,0,15,1.2645313227403714e-57
0,250,0,0,0,0,0,0,0,0,0,0,0,0,0,1,1.5,0,16,250
30,250.000322400697,0,0,0,0,0,0,0,0,0,0,0,0,0,2,1.5,0,16,250.000322400697
60,250.000090984018,0,0,0,0,0,0,0,0,0,0,0,0,0,3,1.5,0,16,250.000090984018
90,250.000018876751,0,0,0,0,0,0,0,0,0,0,0,0,0,4,1.5,0,16,250.000018876751
120,199.72750278321,0,0,0,0,0,0,0,0,0,0,65.5444529971274,65.5444529971274,0,5,1.5,0,16,330.8164087774648
150,98.909464494168,0,0,0,0,0,0,0,0,0,0,101.096651588523,101.096651588523,0,6,1.5,0,16,301.102767671214
180,43.0393457865636,0,0,0,0,0,0,0,0,0,0,101.3713933724,101.3713933724,0,7,1.5,0,16,245.78213253136357
210,15.7069396892485,0,0,0,0,0,0,0,0,0,0,89.3444964317626,89.3444964317626,0,8,1.5,0,16,194.39593255277367
240,4.43359568751689,0,0,0,0,0,0,0,0,0,0,75.6876829996719,75.6876829996719,0,9,1.5,0,16,155.8089616868607
270,0.893274069539805,0,0,0,0,0,0,0,0,0,0,66.1581892163442,66.1581892163442,0,10,1.5,0,16,133.2096525022282
300,0.123920467703471,0,0,0,0,0,0,0,0,0,0,61.8755546092565,61.8755546092565,0,11,1.5,0,16,123.87502968621646
330,0.0127189920838891,0,0,0,0,0,0,0,0,0,0,60.6809465627002,60.6809465627002,0,12,1.5,0,16,121.37461211748429
360,0.00108986513920151,0,0,0,0,0,0,0,0,0,0,60.4668699091597,60.4668699091597,0,13,1.5,0,16,120.9348296834586
390,8.45567237246428e-5,0,0,0,0,0,0,0,0,0,0,60.4390202625575,60.4390202625575,0,14,1.5,0,16,120.87812508183872
420,6.18736127945424e-6,0,0,0,0,0,0,0,0,0,0,60.4360572380929,60.4360572380929,0,15,1.5,0,16,120.87212066354708
450,4.35901295644549e-7,0,0,0,0,0,0,0,0,0,0,60.4357793975449,60.4357793975449,0,16,1.5,0,16,120.8715592309911
480,2.99056781143272e-8,0,0,0,0,0,0,0,0,0,0,60.4357554378723,60.4357554378723,0,17,1.5,0,16,120.87151090565028
510,2.01194023586324e-9,0,0,0,0,0,0,0,0,0,0,60.4357534897155,60.4357534897155,0,18,1.5,0,16,120.87150698144295
540,1.33333421683162e-10,0,0,0,0,0,0,0,0,0,0,60.4357533380261,60.4357533380261,0,19,1.5,0,16,120.87150667618555
570,8.73132404512819e-12,0,0,0,0,0,0,0,0,0,0,60.4357533266,60.4357533266,0,20,1.5,0,16,120.87150665320873
600,6.09412435876639e-13,0,0,0,0,0,0,0,0,0,0,3.56891093195563,3.56891093195563,0,21,1.5,0,16,7.137821863911869
630,6.15690443822226e-14,0,0,0,0,0,0,0,0,0,0,0.210754802240374,0.210754802240374,0,22,1.5,0,16,0.42150960448080954
660,6.344256292081921e-15,0,0,0,0,0,0,0,0,0,0,0.0124456977260827,0.0124456977260827,0,23,1.5,0,16,0.024891395452171745
690,5.48895487419753e-16,0,0,0,0,0,0,0,0,0,0,7.349554565594e-4,7.349554565594e-4,0,24,1.5,0,16,0.0014699109131193488
720,4.27657383396482e-17,0,0,0,0,0,0,0,0,0,0,4.34013050182668e-5,4.34013050182668e-5,0,25,1.5,0,16,8.680261003657638e-5
750,3.1369697363772397e-18,0,0,0,0,0,0,0,0,0,0,2.5629761105186e-6,2.5629761105186e-6,0,26,1.5,0,16,5.1259522210403365e-6
780,2.21360569172423e-19,0,0,0,0,0,0,0,0,0,0,1.51351360078031e-7,1.51351360078031e-7,0,27,1.5,0,16,3.0270272015628335e-7
810,1.52045930594853e-20,0,0,0,0,0,0,0,0,0,0,8.93774784146603e-9,8.93774784146603e-9,0,28,1.5,0,16,1.7875495682947265e-8
840,1.02381241157649e-21,0,0,0,0,0,0,0,0,0,0,5.27800585627938e-10,5.27800585627938e-10,0,29,1.5,0,16,1.0556011712569e-9
870,6.78960613351039e-23,0,0,0,0,0,0,0,0,0,0,3.11681939516874e-11,3.11681939516874e-11,0,30,1.5,0,16,6.233638790344269e-11
900,4.44863502085991e-24,0,0,0,0,0,0,0,0,0,0,1.84057452899763e-12,1.84057452899763e-12,0,31,1.5,0,16,3.681149057999709e-12
930,2.8863946220171696e-25,0,0,0,0,0,0,0,0,0,0,1.08691398749275e-13,1.08691398749275e-13,0,32,1.5,0,16,2.1738279749883863e-13
960,1.85765181751207e-26,0,0,0,0,0,0,0,0,0,0,6.418550282537761e-15,6.418550282537761e-15,0,33,1.5,0,16,1.2837100565094098e-14
990,1.18743824416747e-27,0,0,0,0,0,0,0,0,0,0,3.79034479335211e-16,3.79034479335211e-16,0,34,1.5,0,16,7.580689586716094e-16
1020,7.5462486958517e-29,0,0,0,0,0,0,0,0,0,0,2.23831130416806e-17,2.23831130416806e-17,0,35,1.5,0,16,4.476622608343666e-17
1050,4.771670098249729e-30,0,0,0,0,0,0,0,0,0,0,1.3217893801116299e-18,1.3217893801116299e-18,0,36,1.5,0,16,2.6435787602280314e-18
1080,3.0040578036975296e-31,0,0,0,0,0,0,0,0,0,0,7.805559317323719e-20,7.805559317323719e-20,0,37,1.5,0,16,1.5611118634677478e-19
1110,1.88396850648331e-32,0,0,0,0,0,0,0,0,0,0,4.6094148718730605e-21,4.6094148718730605e-21,0,38,1.5,0,16,9.21882974376496e-21
1140,1.17748768268566e-33,0,0,0,0,0,0,0,0,0,0,2.7219965410791297e-22,2.7219965410791297e-22,0,39,1.5,0,16,5.443993082170034e-22
1170,7.33695367736649e-35,0,0,0,0,0,0,0,0,0,0,1.6074198952063798e-23,1.6074198952063798e-23,0,40,1.5,0,16,3.2148397904200965e-23
1200,4.5591803671630195e-36,0,0,0,0,0,0,0,0,0,0,9.492292443221919e-25,9.492292443221919e-25,0,41,1.5,0,16,1.898458488648943e-24
1230,2.82608127706779e-37,0,0,0,0,0,0,0,0,0,0,5.60548093901324e-26,5.60548093901324e-26,0,42,1.5,0,16,1.121096187805474e-25
1260,1.74786820405216e-38,0,0,0,0,0,0,0,0,0,0,3.31020317256296e-27,3.31020317256296e-27,0,43,1.5,0,16,6.6204063451434e-27
1290,1.07881006143557e-39,0,0,0,0,0,0,0,0,0,0,1.95477340193293e-28,1.95477340193293e-28,0,44,1.5,0,16,3.909546803876648e-28
1320,6.64612856765868e-41,0,0,0,0,0,0,0,0,0,0,1.15435181892094e-29,1.15435181892094e-29,0,45,1.5,0,16,2.308703637848526e-29
1350,4.08738872724702e-42,0,0,0,0,0,0,0,0,0,0,6.816790737215469e-31,6.816790737215469e-31,0,46,1.5,0,16,1.3633581474471812e-30
1380,2.5097755335806296e-43,0,0,0,0,0,0,0,0,0,0,4.02551762794267e-32,4.02551762794267e-32,0,47,1.5,0,16,8.051035255910438e-32
1410,1.5388180235908198e-44,0,0,0,0,0,0,0,0,0,0,2.3771878584826e-33,2.3771878584826e-33,0,48,1.5,0,16,4.754375716980588e-33
1440,9.422132029207731e-46,0,0,0,0,0,0,0,0,0,0,1.4038001164859299e-34,1.4038001164859299e-34,0,49,1.5,0,16,2.807600232981282e-34
1470,5.761849445698951e-47,0,0,0,0,0,0,0,0,0,0,8.289857110745649e-36,8.289857110745649e-36,0,50,1.5,0,16,1.6579714221548917e-35
1500,3.5193503937314e-48,0,0,0,0,0,0,0,0,0,0,4.89540712496515e-37,4.89540712496515e-37,0,51,1.5,0,16,9.790814249965493e-37
1530,2.1472590427106498e-49,0,0,0,0,0,0,0,0,0,0,2.89088347376177e-38,2.89088347376177e-38,0,52,1.5,0,16,5.781766947545013e-38
1560,1.30875386592518e-50,0,0,0,0,0,0,0,0,0,0,1.7071526527378002e-39,1.7071526527378002e-39,0,53,1.5,0,16,3.414305305488688e-39
1590,7.96912447492686e-52,0,0,0,0,0,0,0,0,0,0,1.0081244043426699e-40,1.0081244043426699e-40,0,54,1.5,0,16,2.0162488086933087e-40
1620,4.84805319420824e-53,0,0,0,0,0,0,0,0,0,0,5.95327437820039e-42,5.95327437820039e-42,0,55,1.5,0,16,1.190654875644926e-41
1650,2.9468032713331195e-54,0,0,0,0,0,0,0,0,0,0,3.515585544069189e-43,3.515585544069189e-43,0,56,1.5,0,16,7.031171088167846e-43
1680,1.78971077585479e-55,0,0,0,0,0,0,0,0,0,0,2.07605780174184e-44,2.07605780174184e-44,0,57,1.5,0,16,4.1521156035015767e-44
1710,1.086129805323e-56,0,0,0,0,0,0,0,0,0,0,1.2259738648172899e-45,1.2259738648172899e-45,0,58,1.5,0,16,2.451947729645441e-45
1740,6.58666343400473e-58,0,0,0,0,0,0,0,0,0,0,7.23974022345774e-47,7.23974022345774e-47,0,59,1.5,0,16,1.4479480446981347e-46
1770,3.9916310644707005e-59,0,0,0,0,0,0,0,0,0,0,4.27528188095977e-48,4.27528188095977e-48,0,60,1.5,0,16,8.550563761959455e-48
1800,2.4174170398989698e-60,0,0,0,0,0,0,0,0,0,0,2.5246810795880397e-49,2.5246810795880397e-49,0,61,1.5,0,16,5.049362159200254e-49
1830,1.4631302762656201e-61,0,0,0,0,0,0,0,0,0,0,1.49089925101465e-50,1.49089925101465e-50,0,62,1.5,0,16,2.9817985020439312e-50
1860,8.85029221921411e-63,0,0,0,0,0,0,0,0,0,0,8.80420340947535e-52,8.80420340947535e-52,0,63,1.5,0,16,1.7608406819039203e-51
1890,5.35041499841881e-64,0,0,0,0,0,0,0,0,0,0,5.19914391462675e-53,5.19914391462675e-53,0,64,1.5,0,16,1.0398287829307003e-52
1920,3.23283689179677e-65,0,0,0,0,0,0,0,0,0,0,3.0702490833326595e-54,3.0702490833326595e-54,0,65,1.5,0,16,6.140498166697647e-54
1950,1.9523471870748e-66,0,0,0,0,0,0,0,0,0,0,1.81307338079795e-55,1.81307338079795e-55,0,66,1.5,0,16,3.626146761615423e-55
1980,1.1784658994482e-67,0,0,0,0,0,0,0,0,0,0,1.0706737451033299e-56,1.0706737451033299e-56,0,67,1.5,0,16,2.1413474902184443e-56
0,250,0,0,0,0,0,0,0,0,0,0,0,0,0,1,1.5,0,6,250
30,250.000322400697,0,0,0,0,0,0,0,0,0,0,0,0,0,2,1.5,0,6,250.000322400697
60,250.000090984018,0,0,0,0,0,0,0,0,0,0,0,0,0,3,1.5,0,6,250.000090984018
90,250.000018876751,0,0,0,0,0,0,0,0,0,0,0,0,0,4,1.5,0,6,250.000018876751
120,199.72750278321,0,0,0,0,0,0,0,0,0,0,65.5444529971274,65.5444529971274,0,5,1.5,0,6,330.8164087774648
150,98.909464494168,0,0,0,0,0,0,0,0,0,0,101.096651588523,101.096651588523,0,6,1.5,0,6,301.102767671214
180,43.0393457865636,0,0,0,0,0,0,0,0,0,0,101.3713933724,101.3713933724,0,7,1.5,0,6,245.78213253136357
210,15.7069396892485,0,0,0,0,0,0,0,0,0,0,89.3444964317626,89.3444964317626,0,8,1.5,0,6,194.39593255277367
240,4.43359568751689,0,0,0,0,0,0,0,0,0,0,75.6876829996719,75.6876829996719,0,9,1.5,0,6,155.8089616868607
270,0.893274069539805,0,0,0,0,0,0,0,0,0,0,66.1581892163442,66.1581892163442,0,10,1.5,0,6,133.2096525022282
300,0.186587479045458,0,0,0,0,0,0,0,0,0,0,6.18782055853292,6.18782055853292,0,11,1.5,0,6,12.562228596111298
330,0.0662260419461567,0,0,0,0,0,0,0,0,0,0,2.31672423909419,2.31672423909419,0,12,1.5,0,6,4.699674520134537
360,0.0324819334952545,0,0,0,0,0,0,0,0,0,0,1.1797364610956,1.1797364610956,0,13,1.5,0,6,2.3919548556864547
390,0.0210244014713373,0,0,0,0,0,0,0,0,0,0,0.739050419203376,0.739050419203376,0,14,1.5,0,6,1.4991252398780892
420,0.0149222084486878,0,0,0,0,0,0,0,0,0,0,0.526954514654923,0.526954514654923,0,15,1.5,0,6,1.0688312377585338
450,0.0114810033263589,0,0,0,0,0,0,0,0,0,0,0.401055021382412,0.401055021382412,0,16,1.5,0,6,0.8135910460911829
480,0.00924669098264499,0,0,0,0,0,0,0,0,0,0,0.321341935684603,0.321341935684603,0,17,1.5,0,6,0.651930562351851
510,0.0077310705186423,0,0,0,0,0,0,0,0,0,0,0.266694279706664,0.266694279706664,0,18,1.5,0,6,0.5411196299319703
540,0.00664627345141404,0,0,0,0,0,0,0,0,0,0,0.227739498214789,0.227739498214789,0,19,1.5,0,6,0.46212526988099206
570,0.00584818373847406,0,0,0,0,0,0,0,0,0,0,0.198983658456552,0.198983658456552,0,20,1.5,0,6,0.40381550065157806
600,0.0052473192879992,0,0,0,0,0,0,0,0,0,0,0.177286936899533,0.177286936899533,0,21,1.5,0,6,0.3598211930870652
630,0.004789266307693,0,0,0,0,0,0,0,0,0,0,0.160659476010535,0.160659476010535,0,22,1.5,0,6,0.326108218328763
660,0.00443815038606242,0,0,0,0,0,0,0,0,0,0,0.147812262163397,0.147812262163397,0,23,1.5,0,6,0.3000626747128564
690,0.00416999170511042,0,0,0,0,0,0,0,0,0,0,0.137874137160925,0.137874137160925,0,24,1.5,0,6,0.2799182660269604
720,0.00396824409793943,0,0,0,0,0,0,0,0,0,0,0.130243157844601,0.130243157844601,0,25,1.5,0,6,0.26445455978714144
750,0.0038213765089027,0,0,0,0,0,0,0,0,0,0,0.124495813072355,0.124495813072355,0,26,1.5,0,6,0.2528130026536127
780,0.00372131643039028,0,0,0,0,0,0,0,0,0,0,0.120331505694255,0.120331505694255,0,27,1.5,0,6,0.2443843278189003
810,0.00366248466170521,0,0,0,0,0,0,0,0,0,0,0.117537312267446,0.117537312267446,0,28,1.5,0,6,0.2387371091965972
840,0.00364116433039456,0,0,0,0,0,0,0,0,0,0,0.115964903922989,0.115964903922989,0,29,1.5,0,6,0.23557097217637255
870,0.00365508772495171,0,0,0,0,0,0,0,0,0,0,0.115515273545527,0.115515273545527,0,30,1.5,0,6,0.2346856348160057
900,0.00370316317037341,0,0,0,0,0,0,0,0,0,0,0.116128409479297,0.116128409479297,0,31,1.5,0,6,0.23595998212896743
930,0.0037852955693617,0,0,0,0,0,0,0,0,0,0,0.117776297700037,0.117776297700037,0,32,1.5,0,6,0.2393378909694357
960,0.00390227066332061,0,0,0,0,0,0,0,0,0,0,0.120458134410279,0.120458134410279,0,33,1.5,0,6,0.2448185394838786
990,0.00405568255730626,0,0,0,0,0,0,0,0,0,0,0.124197034736821,0.124197034736821,0,34,1.5,0,6,0.25244975203094827
1020,0.00424788983396739,0,0,0,0,0,0,0,0,0,0,0.129037709795729,0.129037709795729,0,35,1.5,0,6,0.2623233094254254
1050,0.00448198845546451,0,0,0,0,0,0,0,0,0,0,0.135044712866672,0.135044712866672,0,36,1.5,0,6,0.2745714141888085
1080,0.0047617910341101,0,0,0,0,0,0,0,0,0,0,0.142300913552404,0.142300913552404,0,37,1.5,0,6,0.28936361813891814
1110,0.00509180224435715,0,0,0,0,0,0,0,0,0,0,0.15090588761662,0.15090588761662,0,38,1.5,0,6,0.3069035774775971
1140,0.00547717975261833,0,0,0,0,0,0,0,0,0,0,0.160973917567204,0.160973917567204,0,39,1.5,0,6,0.32742501488702636
1170,0.00592366945422358,0,0,0,0,0,0,0,0,0,0,0.172631303452467,0.172631303452467,0,40,1.5,0,6,0.35118627635915756
1200,0.00643750361139526,0,0,0,0,0,0,0,0,0,0,0.18601269970598,0.18601269970598,0,41,1.5,0,6,0.3784629030233553
1230,0.00702525134705353,0,0,0,0,0,0,0,0,0,0,0.201256241178727,0.201256241178727,0,42,1.5,0,6,0.4095377337045075
1260,0.0076936136427345,0,0,0,0,0,0,0,0,0,0,0.218497318709639,0.218497318709639,0,43,1.5,0,6,0.44468825106201254
1290,0.00844916023898088,0,0,0,0,0,0,0,0,0,0,0.237861027631532,0.237861027631532,0,44,1.5,0,6,0.4841712155020449
1320,0.00929801406465262,0,0,0,0,0,0,0,0,0,0,0.259453546803414,0.259453546803414,0,45,1.5,0,6,0.5282051076714805
1350,0.0102454997755596,0,0,0,0,0,0,0,0,0,0,0.283352996764297,0.283352996764297,0,46,1.5,0,6,0.5769514933041535
1380,0.0112957853709397,0,0,0,0,0,0,0,0,0,0,0.309600631330406,0.309600631330406,0,47,1.5,0,6,0.6304970480317517
1410,0.012451557175479201,0,0,0,0,0,0,0,0,0,0,0.338193466053219,0.338193466053219,0,48,1.5,0,6,0.6888384892819172
1440,0.0137137752825233,0,0,0,0,0,0,0,0,0,0,0.369079549706876,0.369079549706876,0,49,1.5,0,6,0.7518728746962753
1470,0.0150815553434656,0,0,0,0,0,0,0,0,0,0,0.402156959342058,0.402156959342058,0,50,1.5,0,6,0.8193954740275815
1500,0.0165522111505092,0,0,0,0,0,0,0,0,0,0,0.437277207173289,0.437277207173289,0,51,1.5,0,6,0.8911066254970872
1530,0.0181214712500971,0,0,0,0,0,0,0,0,0,0,0.47425312590257,0.47425312590257,0,52,1.5,0,6,0.9666277230552371
1560,0.0197838555891925,0,0,0,0,0,0,0,0,0,0,0.512870569063544,0.512870569063544,0,53,1.5,0,6,1.0455249937162805
1590,0.0215331712807673,0,0,0,0,0,0,0,0,0,0,0.552902601867746,0.552902601867746,0,54,1.5,0,6,1.1273383750162593
1620,0.0233630669282789,0,0,0,0,0,0,0,0,0,0,0.594124441151025,0.594124441151025,0,55,1.5,0,6,1.211611949230329
1650,0.0252675776262641,0,0,0,0,0,0,0,0,0,0,0.636327339161091,0.636327339161091,0,56,1.5,0,6,1.297922255948446
1680,0.0272415990876518,0,0,0,0,0,0,0,0,0,0,0.679329897667806,0.679329897667806,0,57,1.5,0,6,1.3859013944232639
1710,0.0292812466671831,0,0,0,0,0,0,0,0,0,0,0.722985846724816,0.722985846724816,0,58,1.5,0,6,1.475252940116815
1740,0.0313840779839079,0,0,0,0,0,0,0,0,0,0,0.767187968428439,0.767187968428439,0,59,1.5,0,6,1.5657600148407858
1770,0.0335491804483913,0,0,0,0,0,0,0,0,0,0,0.811868433032463,0.811868433032463,0,60,1.5,0,6,1.6572860465133175
1800,0.0357771426641875,0,0,0,0,0,0,0,0,0,0,0.856996233695404,0.856996233695404,0,61,1.5,0,6,1.7497696100549955
1830,0.0380699391215232,0,0,0,0,0,0,0,0,0,0,0.902572615418536,0.902572615418536,0,62,1.5,0,6,1.843215169958595
1860,0.040430760845356,0,0,0,0,0,0,0,0,0,0,0.948625411469504,0.948625411469504,0,63,1.5,0,6,1.937681583784364
1890,0.0428638222692646,0,0,0,0,0,0,0,0,0,0,0.995203080838633,0.995203080838633,0,64,1.5,0,6,2.0332699839465307
1920,0.0453741687833711,0,0,0,0,0,0,0,0,0,0,1.04236904731832,1.04236904731832,0,65,1.5,0,6,2.130112263420011
1950,0.0479675022376076,0,0,0,0,0,0,0,0,0,0,1.09019673035918,1.09019673035918,0,66,1.5,0,6,2.2283609629559678
1980,0.0506500347312511,0,0,0,0,0,0,0,0,0,0,1.13876546816817,1.13876546816817,0,67,1.5,0,6,2.3281809710675914
0,250,0,0,0,0,0,0,0,0,0,0,0,0,0,1,1.5,0,7,250
30,250.000322400697,0,0,0,0,0,0,0,0,0,0,0,0,0,2,1.5,0,7,250.000322400697
60,250.000090984018,0,0,0,0,0,0,0,0,0,0,0,0,0,3,1.5,0,7,250.000090984018
90,250.000018876751,0,0,0,0,0,0,0,0,0,0,0,0,0,4,1.5,0,7,250.000018876751
120,199.72750278321,0,0,0,0,0,0,0,0,0,0,65.5444529971274,65.5444529971274,0,5,1.5,0,7,330.8164087774648
150,98.909464494168,0,0,0,0,0,0,0,0,0,0,101.096651588523,101.096651588523,0,6,1.5,0,7,301.102767671214
180,43.0393457865636,0,0,0,0,0,0,0,0,0,0,101.3713933724,101.3713933724,0,7,1.5,0,7,245.78213253136357
210,15.7069396892485,0,0,0,0,0,0,0,0,0,0,89.3444964317626,89.3444964317626,0,8,1.5,0,7,194.39593255277367
240,4.43359568751689,0,0,0,0,0,0,0,0,0,0,75.6876829996719,75.6876829996719,0,9,1.5,0,7,155.8089616868607
270,0.893274069539805,0,0,0,0,0,0,0,0,0,0,66.1581892163442,66.1581892163442,0,10,1.5,0,7,133.2096525022282
300,0.123920467703471,0,0,0,0,0,0,0,0,0,0,61.8755546092565,61.8755546092565,0,11,1.5,0,7,123.87502968621646
330,0.0173995211794486,0,0,0,0,0,0,0,0,0,0,3.97835900725958,3.97835900725958,0,12,1.5,0,7,7.974117535698608
360,0.00409829304836953,0,0,0,0,0,0,0,0,0,0,0.464044517270351,0.464044517270351,0,13,1.5,0,7,0.9321873275890715
390,8.1157588333614e-4,0,0,0,0,0,0,0,0,0,0,0.111724472523785,0.111724472523785,0,14,1.5,0,7,0.22426052093090615
420,1.7702284920213e-4,0,0,0,0,0,0,0,0,0,0,0.0254190681285477,0.0254190681285477,0,15,1.5,0,7,0.05101515910629753
450,4.16040224893286e-5,0,0,0,0,0,0,0,0,0,0,0.00578358971557776,0.00578358971557776,0,16,1.5,0,7,0.011608783453644848
480,9.71064457563803e-6,0,0,0,0,0,0,0,0,0,0,0.00135302532812929,0.00135302532812929,0,17,1.5,0,7,0.002715761300834218
510,2.26818692682509e-6,0,0,0,0,0,0,0,0,0,0,3.1636196230299e-4,3.1636196230299e-4,0,18,1.5,0,7,6.34992111532805e-4
540,5.31341265769792e-7,0,0,0,0,0,0,0,0,0,0,7.39618509679087e-5,7.39618509679087e-5,0,19,1.5,0,7,1.484550432015872e-4
570,1.24564397748526e-7,0,0,0,0,0,0,0,0,0,0,1.73194195749924e-5,1.73194195749924e-5,0,20,1.5,0,7,3.476340354773333e-5
600,2.92274759648041e-8,0,0,0,0,0,0,0,0,0,0,4.05945951825334e-6,4.05945951825334e-6,0,21,1.5,0,7,8.148146512471484e-6
630,6.86472054473995e-9,0,0,0,0,0,0,0,0,0,0,9.52340172106472e-7,9.52340172106472e-7,0,22,1.5,0,7,1.911545064757684e-6
660,1.61385919163549e-9,0,0,0,0,0,0,0,0,0,0,2.2363215990964e-7,2.2363215990964e-7,0,23,1.5,0,7,4.488781790109155e-7
690,3.79769282274959e-10,0,0,0,0,0,0,0,0,0,0,5.25641094125021e-8,5.25641094125021e-8,0,24,1.5,0,7,1.0550798810727916e-7
720,8.94516701596879e-11,0,0,0,0,0,0,0,0,0,0,1.23667804034418e-8,1.23667804034418e-8,0,25,1.5,0,7,2.482301247704329e-8
750,2.10897678864907e-11,0,0,0,0,0,0,0,0,0,0,2.9123127329836903e-9,2.9123127329836903e-9,0,26,1.5,0,7,5.845715233853871e-9
780,4.977034294822e-12,0,0,0,0,0,0,0,0,0,0,6.864898731491331e-10,6.864898731491331e-10,0,27,1.5,0,7,1.377956780593088e-9
810,1.1756711860646299e-12,0,0,0,0,0,0,0,0,0,0,1.61974187793255e-10,1.61974187793255e-10,0,28,1.5,0,7,3.2512404677257463e-10
840,2.77983082286086e-13,0,0,0,0,0,0,0,0,0,0,3.82537408952457e-11,3.82537408952457e-11,0,29,1.5,0,7,7.678546487277748e-11
870,6.57913745543928e-14,0,0,0,0,0,0,0,0,0,0,9.043140769589379e-12,9.043140769589379e-12,0,30,1.5,0,7,1.815207291373315e-11
900,1.55861380072317e-14,0,0,0,0,0,0,0,0,0,0,2.1398473988317e-12,2.1398473988317e-12,0,31,1.5,0,7,4.295280935670632e-12
930,3.69596542628955e-15,0,0,0,0,0,0,0,0,0,0,5.06833494056553e-13,5.06833494056553e-13,0,32,1.5,0,7,1.0173629535393955e-12
960,8.77279483221098e-16,0,0,0,0,0,0,0,0,0,0,1.2016214347012e-13,1.2016214347012e-13,0,33,1.5,0,7,2.412015664234611e-13
990,2.0843449941992003e-16,0,0,0,0,0,0,0,0,0,0,2.8516140527042504e-14,2.8516140527042504e-14,0,34,1.5,0,7,5.724071555350493e-14
1020,4.9570541578970804e-17,0,0,0,0,0,0,0,0,0,0,6.77384748873325e-15,6.77384748873325e-15,0,35,1.5,0,7,1.359726551904547e-14
1050,1.18005167925345e-17,0,0,0,0,0,0,0,0,0,0,1.6106550649694702e-15,1.6106550649694702e-15,0,36,1.5,0,7,3.233110646731475e-15
1080,2.81191747766854e-18,0,0,0,0,0,0,0,0,0,0,3.83347826659687e-16,3.83347826659687e-16,0,37,1.5,0,7,7.695075707970425e-16
1110,6.70701342564178e-19,0,0,0,0,0,0,0,0,0,0,9.13287850527598e-17,9.13287850527598e-17,0,38,1.5,0,7,1.833282714480838e-16
1140,1.6013332600829198e-19,0,0,0,0,0,0,0,0,0,0,2.17794770556522e-17,2.17794770556522e-17,0,39,1.5,0,7,4.371908743731269e-17
1170,3.82702326977196e-20,0,0,0,0,0,0,0,0,0,0,5.1989206813785295e-18,5.1989206813785295e-18,0,40,1.5,0,7,1.0436111595454779e-17
1200,9.15520770171978e-21,0,0,0,0,0,0,0,0,0,0,1.24224082691651e-18,1.24224082691651e-18,0,41,1.5,0,7,2.4936368615347397e-18
1230,2.1923198314578402e-21,0,0,0,0,0,0,0,0,0,0,2.97116081222207e-19,2.97116081222207e-19,0,42,1.5,0,7,5.964244822758718e-19
1260,5.25495657606345e-22,0,0,0,0,0,0,0,0,0,0,7.11336615518626e-20,7.11336615518626e-20,0,43,1.5,0,7,1.4279281876133154e-19
1290,1.26085387616529e-22,0,0,0,0,0,0,0,0,0,0,1.70472257477638e-20,1.70472257477638e-20,0,44,1.5,0,7,3.4220536883144124e-20
1320,3.0282497734878595e-23,0,0,0,0,0,0,0,0,0,0,4.08942927759573e-21,4.08942927759573e-21,0,45,1.5,0,7,8.20914105292634e-21
1350,7.280326280815761e-24,0,0,0,0,0,0,0,0,0,0,9.819808884779201e-22,9.819808884779201e-22,0,46,1.5,0,7,1.971242103236656e-21
1380,1.75203636662186e-24,0,0,0,0,0,0,0,0,0,0,2.36034572060922e-22,2.36034572060922e-22,0,47,1.5,0,7,4.738211804884658e-22
1410,4.22055364084051e-25,0,0,0,0,0,0,0,0,0,0,5.67912412495579e-23,5.67912412495579e-23,0,48,1.5,0,7,1.1400453786319985e-22
1440,1.0177255598012e-25,0,0,0,0,0,0,0,0,0,0,1.36779550973601e-23,1.36779550973601e-23,0,49,1.5,0,7,2.7457682750700316e-23
1470,2.45656243957365e-26,0,0,0,0,0,0,0,0,0,0,3.29758480053544e-24,3.29758480053544e-24,0,50,1.5,0,7,6.619735225466616e-24
1500,5.93556031105619e-27,0,0,0,0,0,0,0,0,0,0,7.958050238363129e-25,7.958050238363129e-25,0,51,1.5,0,7,1.597545607983682e-24
1530,1.43559967507129e-27,0,0,0,0,0,0,0,0,0,0,1.9224462540936e-25,1.9224462540936e-25,0,52,1.5,0,7,3.859248504937913e-25
1560,3.4757107159525296e-28,0,0,0,0,0,0,0,0,0,0,4.6487853050421994e-26,4.6487853050421994e-26,0,53,1.5,0,7,9.332327717243924e-26
1590,8.42351722228717e-29,0,0,0,0,0,0,0,0,0,0,1.12528739129381e-26,1.12528739129381e-26,0,54,1.5,0,7,2.258998299809907e-26
1620,2.04354319482544e-29,0,0,0,0,0,0,0,0,0,0,2.72663514409764e-27,2.72663514409764e-27,0,55,1.5,0,7,5.473705720143534e-27
1650,4.9626725737955296e-30,0,0,0,0,0,0,0,0,0,0,6.61349685112876e-28,6.61349685112876e-28,0,56,1.5,0,7,1.3276620427995475e-27
1680,1.20639578430722e-30,0,0,0,0,0,0,0,0,0,0,1.60574567232059e-28,1.60574567232059e-28,0,57,1.5,0,7,3.2235553024842523e-28
1710,2.93567066063799e-31,0,0,0,0,0,0,0,0,0,0,3.90269666577911e-29,3.90269666577911e-29,0,58,1.5,0,7,7.8347500381646e-29
1740,7.15103881526116e-32,0,0,0,0,0,0,0,0,0,0,9.495027085049959e-30,9.495027085049959e-30,0,59,1.5,0,7,1.906156455825253e-29
1770,1.74371768111331e-32,0,0,0,0,0,0,0,0,0,0,2.31244781391353e-30,2.31244781391353e-30,0,60,1.5,0,7,4.642332804638193e-30
1800,4.25627220887913e-33,0,0,0,0,0,0,0,0,0,0,5.63758298288605e-31,5.63758298288605e-31,0,61,1.5,0,7,1.1317728687860891e-30
1830,1.0399914438040199e-33,0,0,0,0,0,0,0,0,0,0,1.37581545734191e-31,1.37581545734191e-31,0,62,1.5,0,7,2.7620308291218602e-31
1860,2.5437723720639298e-34,0,0,0,0,0,0,0,0,0,0,3.36104719173161e-32,3.36104719173161e-32,0,63,1.5,0,7,6.747532107183859e-32
1890,6.2283900250919e-35,0,0,0,0,0,0,0,0,0,0,8.21934458045741e-33,8.21934458045741e-33,0,64,1.5,0,7,1.6500973061165738e-32
1920,1.52659346348451e-35,0,0,0,0,0,0,0,0,0,0,2.01209685803142e-33,2.01209685803142e-33,0,65,1.5,0,7,4.039459650697685e-33
1950,3.7456053165657895e-36,0,0,0,0,0,0,0,0,0,0,4.93072368056003e-34,4.93072368056003e-34,0,66,1.5,0,7,9.898903414285718e-34
1980,9.199677847734899e-37,0,0,0,0,0,0,0,0,0,0,1.20954911449042e-34,1.20954911449042e-34,0,67,1.5,0,7,2.4282979068285747e-34
0,250,0,0,0,0,0,0,0,0,0,0,0,0,0,1,1.5,0,8,250
30,250.000322400697,0,0,0,0,0,0,0,0,0,0,0,0,0,2,1.5,0,8,250.000322400697
60,250.000090984018,0,0,0,0,0,0,0,0,0,0,0,0,0,3,1.5,0,8,250.000090984018
90,250.000018876751,0,0,0,0,0,0,0,0,0,0,0,0,0,4,1.5,0,8,250.000018876751
120,199.72750278321,0,0,0,0,0,0,0,0,0,0,65.5444529971274,65.5444529971274,0,5,1.5,0,8,330.8164087774648
150,98.909464494168,0,0,0,0,0,0,0,0,0,0,101.096651588523,101.096651588523,0,6,1.5,0,8,301.102767671214
180,43.0393457865636,0,0,0,0,0,0,0,0,0,0,101.3713933724,101.3713933724,0,7,1.5,0,8,245.78213253136357
210,15.7069396892485,0,0,0,0,0,0,0,0,0,0,89.3444964317626,89.3444964317626,0,8,1.5,0,8,194.39593255277367
240,4.43359568751689,0,0,0,0,0,0,0,0,0,0,75.6876829996719,75.6876829996719,0,9,1.5,0,8,155.8089616868607
270,0.893274069539805,0,0,0,0,0,0,0,0,0,0,66.1581892163442,66.1581892163442,0,10,1.5,0,8,133.2096525022282
300,0.123920467703471,0,0,0,0,0,0,0,0,0,0,61.8755546092565,61.8755546092565,0,11,1.5,0,8,123.87502968621646
330,0.0127189920838891,0,0,0,0,0,0,0,0,0,0,60.6809465627002,60.6809465627002,0,12,1.5,0,8,121.37461211748429
360,0.00137961354038935,0,0,0,0,0,0,0,0,0,0,3.61616397890239,3.61616397890239,0,13,1.5,0,8,7.233707571345169
390,2.5568527837941e-4,0,0,0,0,0,0,0,0,0,0,0.2318267994701,0.2318267994701,0,14,1.5,0,8,0.4639092842185794
420,3.48575327185069e-5,0,0,0,0,0,0,0,0,0,0,0.0191275409447341,0.0191275409447341,0,15,1.5,0,8,0.038289939422186704
450,3.62662996578729e-6,0,0,0,0,0,0,0,0,0,0,0.00190753577854853,0.00190753577854853,0,16,1.5,0,8,0.0038186981870628476
480,3.47705188364906e-7,0,0,0,0,0,0,0,0,0,0,1.9403010308539e-4,1.9403010308539e-4,0,17,1.5,0,8,3.884079113591449e-4
510,3.29010618940033e-8,0,0,0,0,0,0,0,0,0,0,1.92713550274539e-5,1.92713550274539e-5,0,18,1.5,0,8,3.8575611116801805e-5
540,3.1306906358368802e-9,0,0,0,0,0,0,0,0,0,0,1.87792929487879e-6,1.87792929487879e-6,0,19,1.5,0,8,3.7589892803934167e-6
570,3.00034144669124e-10,0,0,0,0,0,0,0,0,0,0,1.81333590901412e-7,1.81333590901412e-7,0,20,1.5,0,8,3.6296721594749316e-7
600,2.8880207238685597e-11,0,0,0,0,0,0,0,0,0,0,1.74599710157421e-8,1.74599710157421e-8,0,21,1.5,0,8,3.494882223872289e-8
630,2.78505682851235e-12,0,0,0,0,0,0,0,0,0,0,1.6809922817366802e-9,1.6809922817366802e-9,0,22,1.5,0,8,3.3647696203018727e-9
660,2.68704859206173e-13,0,0,0,0,0,0,0,0,0,0,1.61943352528979e-10,1.61943352528979e-10,0,23,1.5,0,8,3.241554099171642e-10
690,2.59239218094021e-14,0,0,0,0,0,0,0,0,0,0,1.5610174266534497e-11,1.5610174266534497e-11,0,24,1.5,0,8,3.1246272454878395e-11
720,2.5007469996648903e-15,0,0,0,0,0,0,0,0,0,0,1.50521392410043e-12,1.50521392410043e-12,0,25,1.5,0,8,3.012928595200525e-12
750,2.41215081014346e-16,0,0,0,0,0,0,0,0,0,0,1.4516345484060998e-13,1.4516345484060998e-13,0,26,1.5,0,8,2.905681247622343e-13
780,2.32665907011208e-17,0,0,0,0,0,0,0,0,0,0,1.4000570668140401e-14,1.4000570668140401e-14,0,27,1.5,0,8,2.8024407926981922e-14
810,2.24425688552775e-18,0,0,0,0,0,0,0,0,0,0,1.3503613824079e-15,1.3503613824079e-15,0,28,1.5,0,8,2.7029670217013276e-15
840,2.1648706649042797e-19,0,0,0,0,0,0,0,0,0,0,1.30247244891498e-16,1.30247244891498e-16,0,29,1.5,0,8,2.6071097684948644e-16
870,2.0883976451074598e-20,0,0,0,0,0,0,0,0,0,0,1.25632907623292e-17,1.25632907623292e-17,0,30,1.5,0,8,2.5147465501109475e-17
900,2.01472691907217e-21,0,0,0,0,0,0,0,0,0,0,1.21187193321093e-18,1.21187193321093e-18,0,31,1.5,0,8,2.425758593340932e-18
930,1.94374950092673e-22,0,0,0,0,0,0,0,0,0,0,1.16904104163329e-19,1.16904104163329e-19,0,32,1.5,0,8,2.3400258327675064e-19
960,1.8753615146375297e-23,0,0,0,0,0,0,0,0,0,0,1.1277764885282e-20,1.1277764885282e-20,0,33,1.5,0,8,2.2574283385710376e-20
990,1.8094643715725102e-24,0,0,0,0,0,0,0,0,0,0,1.08801954104369e-21,1.08801954104369e-21,0,34,1.5,0,8,2.1778485464589524e-21
1020,1.7459641117813e-25,0,0,0,0,0,0,0,0,0,0,1.0497133428096e-22,1.0497133428096e-22,0,35,1.5,0,8,2.1011726497309811e-22
1050,1.6847707699547698e-26,0,0,0,0,0,0,0,0,0,0,1.01280318074598e-23,1.01280318074598e-23,0,36,1.5,0,8,2.0272911322619146e-23
1080,1.62579795748019e-27,0,0,0,0,0,0,0,0,0,0,9.772365034841339e-25,9.772365034841339e-25,0,37,1.5,0,8,1.956098804925748e-24
1110,1.568962615616e-28,0,0,0,0,0,0,0,0,0,0,9.42962840172486e-26,9.42962840172486e-26,0,38,1.5,0,8,1.887494642960588e-25
1140,1.51418485903008e-29,0,0,0,0,0,0,0,0,0,0,9.09933697765683e-27,9.09933697765683e-27,0,39,1.5,0,8,1.821381580390396e-26
1170,1.4613878548270899e-30,0,0,0,0,0,0,0,0,0,0,8.78102465336309e-28,8.78102465336309e-28,0,40,1.5,0,8,1.7576663185274452e-27
1200,1.4104977113838498e-31,0,0,0,0,0,0,0,0,0,0,8.47424330308586e-29,8.47424330308586e-29,0,41,1.5,0,8,1.6962591583285557e-28
1230,1.36144336888817e-32,0,0,0,0,0,0,0,0,0,0,8.17856203908955e-30,8.17856203908955e-30,0,42,1.5,0,8,1.6370738511867982e-29
1260,1.31415649090656e-33,0,0,0,0,0,0,0,0,0,0,7.893566524671249e-31,7.893566524671249e-31,0,43,1.5,0,8,1.5800274614251564e-30
1290,1.26857135823462e-34,0,0,0,0,0,0,0,0,0,0,7.61885832430029e-32,7.61885832430029e-32,0,44,1.5,0,8,1.5250402362182925e-31
1320,1.22462476612253e-35,0,0,0,0,0,0,0,0,0,0,7.35405428097678e-33,7.35405428097678e-33,0,45,1.5,0,8,1.4720354809614785e-32
1350,1.1822559253938998e-36,0,0,0,0,0,0,0,0,0,0,7.0987859173227895e-34,7.0987859173227895e-34,0,46,1.5,0,8,1.4209394393899517e-33
1380,1.14140636755323e-37,0,0,0,0,0,0,0,0,0,0,6.85269885946316e-35,6.85269885946316e-35,0,47,1.5,0,8,1.3716811782601852e-34
1410,1.10201985377214e-38,0,0,0,0,0,0,0,0,0,0,6.615452283335879e-36,6.615452283335879e-36,0,48,1.5,0,8,1.3241924765209479e-35
1440,1.06404228757922e-39,0,0,0,0,0,0,0,0,0,0,6.38671838296805e-37,6.38671838296805e-37,0,49,1.5,0,8,1.2784077188811893e-36
1470,1.02742163107642e-40,0,0,0,0,0,0,0,0,0,0,6.16618186005105e-38,6.16618186005105e-38,0,50,1.5,0,8,1.2342637936412864e-37
1500,9.921078245206709e-42,0,0,0,0,0,0,0,0,0,0,5.95353943402536e-39,5.95353943402536e-39,0,51,1.5,0,8,1.1916999946295926e-38
1530,9.580527091252717e-43,0,0,0,0,0,0,0,0,0,0,5.7484993718468e-40,5.7484993718468e-40,0,52,1.5,0,8,1.1506579270784852e-39
1560,9.252099529469758e-44,0,0,0,0,0,0,0,0,0,0,5.55078103661858e-41,5.55078103661858e-41,0,53,1.5,0,8,1.1110814172766629e-40
1590,8.935349797324779e-45,0,0,0,0,0,0,0,0,0,0,5.3601144543061096e-42,5.3601144543061096e-42,0,54,1.5,0,8,1.0729164258409544e-41
1620,8.62984900603882e-46,0,0,0,0,0,0,0,0,0,0,5.176239897788039e-43,5.176239897788039e-43,0,55,1.5,0,8,1.0361109644582117e-42
1650,8.33518448467663e-47,0,0,0,0,0,0,0,0,0,0,4.998907487531629e-44,4.998907487531629e-44,0,56,1.5,0,8,1.0006150159547936e-43
1680,8.05095915036224e-48,0,0,0,0,0,0,0,0,0,0,4.8278768082123593e-45,4.8278768082123593e-45,0,57,1.5,0,8,9.663804575575081e-45
1710,7.7767909035572e-49,0,0,0,0,0,0,0,0,0,0,4.6629165406265804e-46,4.6629165406265804e-46,0,58,1.5,0,8,9.333609872156718e-46
1740,7.51231204738097e-50,0,0,0,0,0,0,0,0,0,0,4.50380410827363e-47,4.50380410827363e-47,0,59,1.5,0,8,9.01512052859464e-47
1770,7.25716872999578e-51,0,0,0,0,0,0,0,0,0,0,4.35032533800928e-48,4.35032533800928e-48,0,60,1.5,0,8,8.707907844748556e-48
1800,7.01102040911864e-52,0,0,0,0,0,0,0,0,0,0,4.2022741341976996e-49,4.2022741341976996e-49,0,61,1.5,0,8,8.411559288804518e-49
1830,6.7735393377619505e-53,0,0,0,0,0,0,0,0,0,0,4.05945216581262e-50,4.05945216581262e-50,0,62,1.5,0,8,8.1256778709630015e-50
1860,6.54441007034184e-54,0,0,0,0,0,0,0,0,0,0,3.92166856596113e-51,3.92166856596113e-51,0,63,1.5,0,8,7.849881541992602e-51
1890,6.3233289883288e-55,0,0,0,0,0,0,0,0,0,0,3.78873964332575e-52,3.78873964332575e-52,0,64,1.5,0,8,7.58380261563983e-52
1920,6.110003844649239e-56,0,0,0,0,0,0,0,0,0,0,3.66048860504092e-53,3.66048860504092e-53,0,65,1.5,0,8,7.327087213926489e-53
1950,5.904153326079689e-57,0,0,0,0,0,0,0,0,0,0,3.53674529054039e-54,3.53674529054039e-54,0,66,1.5,0,8,7.07939473440686e-54
1980,5.70550663290651e-58,0,0,0,0,0,0,0,0,0,0,3.4173459159310895e-55,3.4173459159310895e-55,0,67,1.5,0,8,6.840397338495085e-55
0,250,0,0,0,0,0,0,0,0,0,0,0,0,0,1,1.5,0,9,250
30,250.000322400697,0,0,0,0,0,0,0,0,0,0,0,0,0,2,1.5,0,9,250.000322400697
60,250.000090984018,0,0,0,0,0,0,0,0,0,0,0,0,0,3,1.5,0,9,250.000090984018
90,250.000018876751,0,0,0,0,0,0,0,0,0,0,0,0,0,4,1.5,0,9,250.000018876751
120,199.72750278321,0,0,0,0,0,0,0,0,0,0,65.5444529971274,65.5444529971274,0,5,1.5,0,9,330.8164087774648
150,98.909464494168,0,0,0,0,0,0,0,0,0,0,101.096651588523,101.096651588523,0,6,1.5,0,9,301.102767671214
180,43.0393457865636,0,0,0,0,0,0,0,0,0,0,101.3713933724,101.3713933724,0,7,1.5,0,9,245.78213253136357
210,15.7069396892485,0,0,0,0,0,0,0,0,0,0,89.3444964317626,89.3444964317626,0,8,1.5,0,9,194.39593255277367
240,4.43359568751689,0,0,0,0,0,0,0,0,0,0,75.6876829996719,75.6876829996719,0,9,1.5,0,9,155.8089616868607
270,0.893274069539805,0,0,0,0,0,0,0,0,0,0,66.1581892163442,66.1581892163442,0,10,1.5,0,9,133.2096525022282
300,0.123920467703471,0,0,0,0,0,0,0,0,0,0,61.8755546092565,61.8755546092565,0,11,1.5,0,9,123.87502968621646
330,0.0127189920838891,0,0,0,0,0,0,0,0,0,0,60.6809465627002,60.6809465627002,0,12,1.5,0,9,121.37461211748429
360,0.00108986513920151,0,0,0,0,0,0,0,0,0,0,60.4668699091597,60.4668699091597,0,13,1.5,0,9,120.9348296834586
390,1.0177734779275e-4,0,0,0,0,0,0,0,0,0,0,3.57351536262793,3.57351536262793,0,14,1.5,0,9,7.147132502603653
420,1.62330480772091e-5,0,0,0,0,0,0,0,0,0,0,0.212341170381892,0.212341170381892,0,15,1.5,0,9,0.4246985738118612
450,2.04717282561798e-6,0,0,0,0,0,0,0,0,0,0,0.0128841547188866,0.0128841547188866,0,16,1.5,0,9,0.025770356610598816
480,1.92067634141313e-7,0,0,0,0,0,0,0,0,0,0,8.0633559281638e-4,8.0633559281638e-4,0,17,1.5,0,9,0.0016128632532669013
510,1.57004569546275e-8,0,0,0,0,0,0,0,0,0,0,5.18895889832896e-5,5.18895889832896e-5,0,18,1.5,0,9,1.0379487842353383e-4
540,1.19650722841203e-9,0,0,0,0,0,0,0,0,0,0,3.41316100793809e-6,3.41316100793809e-6,0,19,1.5,0,9,6.827518523104592e-6
570,8.754030786490409e-11,0,0,0,0,0,0,0,0,0,0,2.28129027217513e-7,2.28129027217513e-7,0,20,1.5,0,9,4.5634559474289087e-7
600,6.2419614748854596e-12,0,0,0,0,0,0,0,0,0,0,1.54148898218534e-8,1.54148898218534e-8,0,21,1.5,0,9,3.083602160518169e-8
630,4.37547652316348e-13,0,0,0,0,0,0,0,0,0,0,1.04881194664014e-9,1.04881194664014e-9,0,22,1.5,0,9,2.0980614409325964e-9
660,3.03165709209124e-14,0,0,0,0,0,0,0,0,0,0,7.164332815632229e-11,7.164332815632229e-11,0,23,1.5,0,9,1.433169728835655e-10
690,2.0837433645829904e-15,0,0,0,0,0,0,0,0,0,0,4.90329886234606e-12,4.90329886234606e-12,0,24,1.5,0,9,9.808681468056703e-12
720,1.42425354384264e-16,0,0,0,0,0,0,0,0,0,0,3.35776513837174e-13,3.35776513837174e-13,0,25,1.5,0,9,6.716954530287323e-13
750,9.69753483484427e-18,0,0,0,0,0,0,0,0,0,0,2.2987742005415e-14,2.2987742005415e-14,0,26,1.5,0,9,4.598518154566485e-14
780,6.585716009824179e-19,0,0,0,0,0,0,0,0,0,0,1.5725882589700201e-15,1.5725882589700201e-15,0,27,1.5,0,9,3.1458350895410225e-15
810,4.4647556080992297e-20,0,0,0,0,0,0,0,0,0,0,1.0747299489239001e-16,1.0747299489239001e-16,0,28,1.5,0,9,2.14990637340861e-16
840,3.02358381571793e-21,0,0,0,0,0,0,0,0,0,0,7.33686310992086e-18,7.33686310992086e-18,0,29,1.5,0,9,1.4676749803657437e-17
870,2.04631690943649e-22,0,0,0,0,0,0,0,0,0,0,5.003251026705349e-19,5.003251026705349e-19,0,30,1.5,0,9,1.0008548370320134e-18
900,1.3844855600074898e-23,0,0,0,0,0,0,0,0,0,0,3.4084314105599096e-20,3.4084314105599096e-20,0,31,1.5,0,9,6.818247306679826e-20
930,9.366193864267639e-25,0,0,0,0,0,0,0,0,0,0,2.3198532850439802e-21,2.3198532850439802e-21,0,32,1.5,0,9,4.640643189474387e-21
960,6.336644958538329e-26,0,0,0,0,0,0,0,0,0,0,1.5776818060392e-22,1.5776818060392e-22,0,33,1.5,0,9,3.1559972765742537e-22
990,4.28761642583571e-27,0,0,0,0,0,0,0,0,0,0,1.07221384964507e-23,1.07221384964507e-23,0,34,1.5,0,9,2.1448564609327234e-23
1020,2.90171410689628e-28,0,0,0,0,0,0,0,0,0,0,7.282734652315669e-25,7.282734652315669e-25,0,35,1.5,0,9,1.4568371018738235e-24
1050,1.9641981671781e-29,0,0,0,0,0,0,0,0,0,0,4.9442754230789597e-26,4.9442754230789597e-26,0,36,1.5,0,9,9.890515044325098e-26
1080,1.3298712839770598e-30,0,0,0,0,0,0,0,0,0,0,3.35540598015118e-27,3.35540598015118e-27,0,37,1.5,0,9,6.712141831586336e-27
1110,9.00583145010894e-32,0,0,0,0,0,0,0,0,0,0,2.2764375114517597e-28,2.2764375114517597e-28,0,38,1.5,0,9,4.55377560604853e-28
1140,6.09987472212388e-33,0,0,0,0,0,0,0,0,0,0,1.54405773008047e-29,1.54405773008047e-29,0,39,1.5,0,9,3.088725447633152e-29
1170,4.13230285465455e-34,0,0,0,0,0,0,0,0,0,0,1.04711070590985e-30,1.04711070590985e-30,0,40,1.5,0,9,2.0946346421051655e-30
1200,2.7998065978726896e-35,0,0,0,0,0,0,0,0,0,0,7.10007150682039e-32,7.10007150682039e-32,0,41,1.5,0,9,1.4202942820238653e-31
1230,1.8972263530744698e-36,0,0,0,0,0,0,0,0,0,0,4.8138202288159495e-33,4.8138202288159495e-33,0,42,1.5,0,9,9.629537683984974e-33
1260,1.2857500631608998e-37,0,0,0,0,0,0,0,0,0,0,3.2635231404537597e-34,3.2635231404537597e-34,0,43,1.5,0,9,6.52833203097068e-34
1290,8.71429166454091e-39,0,0,0,0,0,0,0,0,0,0,2.2123970593051998e-35,2.2123970593051998e-35,0,44,1.5,0,9,4.4256655477768537e-35
1320,5.90661306628705e-40,0,0,0,0,0,0,0,0,0,0,1.4997764528078299e-36,1.4997764528078299e-36,0,45,1.5,0,9,3.0001435669222887e-36
1350,4.00377416524625e-41,0,0,0,0,0,0,0,0,0,0,1.01667630291786e-37,1.01667630291786e-37,0,46,1.5,0,9,2.0337529832522446e-37
1380,2.7140629737038398e-42,0,0,0,0,0,0,0,0,0,0,6.89184784899977e-39,6.89184784899977e-39,0,47,1.5,0,9,1.3786409760973246e-38
1410,1.8398614789642395e-43,0,0,0,0,0,0,0,0,0,0,4.67184425611142e-40,4.67184425611142e-40,0,48,1.5,0,9,9.345528373701803e-40
1440,1.24727310856761e-44,0,0,0,0,0,0,0,0,0,0,3.16696068248199e-41,3.16696068248199e-41,0,49,1.5,0,9,6.335168638072547e-41
1470,8.455636262382061e-46,0,0,0,0,0,0,0,0,0,0,2.1468408712605197e-42,2.1468408712605197e-42,0,50,1.5,0,9,4.2945273061472777e-42
1500,5.73240695420916e-47,0,0,0,0,0,0,0,0,0,0,1.4553270453959596e-43,1.4553270453959596e-43,0,51,1.5,0,9,2.91122733148734e-43
1530,3.88626066765523e-48,0,0,0,0,0,0,0,0,0,0,9.865638928411439e-45,9.865638928411439e-45,0,52,1.5,0,9,1.9735164117490534e-44
1560,2.6346908542353497e-49,0,0,0,0,0,0,0,0,0,0,6.6879611646904606e-46,6.6879611646904606e-46,0,53,1.5,0,9,1.3378557020235157e-45
1590,1.78619638782019e-50,0,0,0,0,0,0,0,0,0,0,4.53383839488545e-47,4.53383839488545e-47,0,54,1.5,0,9,9.069462986158721e-47
1620,1.21096005933212e-51,0,0,0,0,0,0,0,0,0,0,3.07356104185989e-48,3.07356104185989e-48,0,55,1.5,0,9,6.148333043779111e-48
1650,8.20976991849547e-53,0,0,0,0,0,0,0,0,0,0,2.0836311773485e-49,2.0836311773485e-49,0,56,1.5,0,9,4.168083331688849e-49
1680,5.565861095340149e-54,0,0,0,0,0,0,0,0,0,0,1.41254635242245e-50,1.41254635242245e-50,0,57,1.5,0,9,2.825649290954434e-50
1710,3.77340776125194e-55,0,0,0,0,0,0,0,0,0,0,9.57606497422265e-52,9.57606497422265e-52,0,58,1.5,0,9,1.9155903356206554e-51
1740,2.55820293580642e-56,0,0,0,0,0,0,0,0,0,0,6.49192734743095e-53,6.49192734743095e-53,0,59,1.5,0,9,1.2986412897797706e-52
1770,1.734347344204e-57,0,0,0,0,0,0,0,0,0,0,4.4011088573768003e-54,4.4011088573768003e-54,0,60,1.5,0,9,8.803952062097805e-54
1800,1.17580959158583e-58,0,0,0,0,0,0,0,0,0,0,2.9836796873694296e-55,2.9836796873694296e-55,0,61,1.5,0,9,5.968535184330445e-55
1830,7.971458364492469e-60,0,0,0,0,0,0,0,0,0,0,2.0227568519886499e-56,2.0227568519886499e-56,0,62,1.5,0,9,4.046310849813749e-56
1860,5.4042879602840804e-61,0,0,0,0,0,0,0,0,0,0,1.371312274502e-57,1.371312274502e-57,0,63,1.5,0,9,2.7431649778000284e-57
1890,3.6638624399291596e-62,0,0,0,0,0,0,0,0,0,0,9.29672703428418e-59,9.29672703428418e-59,0,64,1.5,0,9,1.8597117931008286e-58
1920,2.48393302507032e-63,0,0,0,0,0,0,0,0,0,0,6.30267181843142e-60,6.30267181843142e-60,0,65,1.5,0,9,1.260782756988791e-59
1950,1.683994671417e-64,0,0,0,0,0,0,0,0,0,0,4.27287409803515e-61,4.27287409803515e-61,0,66,1.5,0,9,8.547432190741717e-61
1980,1.14167295995627e-65,0,0,0,0,0,0,0,0,0,0,2.8967845773981097e-62,2.8967845773981097e-62,0,67,1.5,0,9,5.794710827756176e-62
0,250,0,0,0,0,0,0,0,0,0,0,0,0,0,1,1.5,1e-4,10,250
30,250.000322400697,0,0,0,0,0,0,0,0,0,0,0,0,0,2,1.5,1e-4,10,250.000322400697
60,250.000090984018,0,0,0,0,0,0,0,0,0,0,0,0,0,3,1.5,1e-4,10,250.000090984018
90,250.000018876751,0,0,0,0,0,0,0,0,0,0,0,0,0,4,1.5,1e-4,10,250.000018876751
120,199.717653414073,0,0,0,0,0,0,0,0,0,0,65.5426902941915,65.5426902941915,0.0162067615506131,5,1.5,1e-4,10,330.8192407640066
150,98.8983787980157,0,0,0,0,0,0,0,0,0,0,101.08814384099,101.086766581043,0.0476617580768933,6,1.5,1e-4,10,301.12095097812556
180,43.0348931850778,0,0,0,0,0,0,0,0,0,0,101.367165026315,101.364772588194,0.0931616537062775,7,1.5,1e-4,10,245.85999245329307
210,15.7170568902664,0,0,0,0,0,0,0,0,0,0,89.3776501763401,89.3753745227141,0.154199130545088,8,1.5,1e-4,10,194.62428071986568
240,4.45791170015325,0,0,0,0,0,0,0,0,0,0,75.8261981706392,75.8247574893218,0.230964201904264,9,1.5,1e-4,10,156.3398315620185
270,0.920226229985471,0,0,0,0,0,0,0,0,0,0,66.4855790317023,66.4849466858992,0.322518726178746,10,1.5,1e-4,10,134.21327067376572
300,0.14114789293855,0,0,0,0,0,0,0,0,0,0,62.4290404265585,62.428810081181,0.429796646769403,11,1.5,1e-4,10,125.42879504744745
330,0.0195735102655569,0,0,0,0,0,0,0,0,0,0,61.4469569327882,61.4468250644692,0.558258979677525,12,1.5,1e-4,10,123.47161448720048
360,0.00302374552909792,0,0,0,0,0,0,0,0,0,0,61.4523672403877,61.4522277945314,0.712737150135882,13,1.5,1e-4,10,123.62035593058408
390,5.2564349568113e-4,0,0,0,0,0,0,0,0,0,0,61.6818124018853,61.6816402292404,0.896575693952079,14,1.5,1e-4,10,124.26055396857346
420,1.8277752562653e-4,0,0,0,0,0,0,0,0,0,0,8.05135281429351,8.05065291970846,0.813134660727585,15,1.5,1e-4,10,16.91532317225518
450,1.3692125032316e-4,0,0,0,0,0,0,0,0,0,0,8.60572495854218,8.60414208730921,4.25768047047577,16,1.5,1e-4,10,21.467684437577482
480,4.8077638225184e-4,0,0,0,0,0,0,0,0,0,0,25.6853923769612,25.6803707309519,19.5671483934857,17,1.5,1e-4,10,70.93339227778105
510,7.1480805826502e-4,0,0,0,0,0,0,0,0,0,0,39.9918374695288,39.9843387159331,57.159720683778,18,1.5,1e-4,10,137.13661167729816
540,7.7168712715553e-4,0,0,0,0,0,0,0,0,0,0,42.6092633061921,42.6018460373177,99.0896065986018,19,1.5,1e-4,10,184.30148762923875
570,7.5106873092099e-4,0,0,0,0,0,0,0,0,0,0,41.5987563105314,41.5921867356138,128.906826378813,20,1.5,1e-4,10,212.09852049368914
600,6.7545475918199e-4,0,0,0,0,0,0,0,0,0,0,37.3806470053352,37.3752764829577,151.737660935281,21,1.5,1e-4,10,226.49425987833308
630,6.0293979549989e-4,0,0,0,0,0,0,0,0,0,0,33.3692810226939,33.3648969085912,167.77920318789,22,1.5,1e-4,10,234.5139840589706
660,5.3710769880421e-4,0,0,0,0,0,0,0,0,0,0,29.7219838724063,29.7183809101285,179.756143142392,23,1.5,1e-4,10,239.19704503262562
690,4.8108556514395e-4,0,0,0,0,0,0,0,0,0,0,26.6194392817141,26.6164369554132,188.876457113812,24,1.5,1e-4,10,242.11281443650444
720,4.3378484580034e-4,0,0,0,0,0,0,0,0,0,0,23.9998354416683,23.9972979268899,196.02847929853,25,1.5,1e-4,10,244.02604645193398
750,3.9386189130404e-4,0,0,0,0,0,0,0,0,0,0,21.7889359603761,21.7867624069258,201.762830769466,26,1.5,1e-4,10,245.3389229986592
780,3.5997347022596e-4,0,0,0,0,0,0,0,0,0,0,19.912271441855,19.9103870947078,206.450744204019,27,1.5,1e-4,10,246.27376271405203
810,3.3099470083319e-4,0,0,0,0,0,0,0,0,0,0,18.3075304522731,18.3058792914398,210.346544368784,28,1.5,1e-4,10,246.96028510719773
840,3.0601736818598e-4,0,0,0,0,0,0,0,0,0,0,16.9244017169454,16.9229411851748,213.630082995758,29,1.5,1e-4,10,247.47773191524638
870,2.843204565653e-4,0,0,0,0,0,0,0,0,0,0,15.7229478052154,15.7216450987321,216.431604375456,30,1.5,1e-4,10,247.87648159986006
900,2.653328389782e-4,0,0,0,0,0,0,0,0,0,0,14.6715350716744,14.6703645438072,218.847516309255,31,1.5,1e-4,10,248.1896812575756
930,2.4860067393739e-4,0,0,0,0,0,0,0,0,0,0,13.7450270810846,13.7439684106808,220.950554733533,32,1.5,1e-4,10,248.43979882597236
960,2.3376113518643e-4,0,0,0,0,0,0,0,0,0,0,12.9233289750403,12.922365859475,222.796535439168,33,1.5,1e-4,10,248.6424640348185
990,2.2052204088618e-4,0,0,0,0,0,0,0,0,0,0,12.1902588973487,12.1893781074536,224.428943088151,34,1.5,1e-4,10,248.80880061499417
1020,2.0864626813493e-4,0,0,0,0,0,0,0,0,0,0,11.532684596881,11.5318752842507,225.882118473357,35,1.5,1e-4,10,248.94688700075685
1050,1.9793987063222e-4,0,0,0,0,0,0,0,0,0,0,10.9398652150939,10.9391183975812,227.183515138038,36,1.5,1e-4,10,249.06269669058372
1080,1.8824300221718e-4,0,0,0,0,0,0,0,0,0,0,10.4029485254915,10.4022567001603,228.355325185004,37,1.5,1e-4,10,249.16071865365802
1110,1.7942295102169e-4,0,0,0,0,0,0,0,0,0,0,9.91458509779895,9.91394194623502,229.415669282878,38,1.5,1e-4,10,249.244375749863
1140,1.7136876025123e-4,0,0,0,0,0,0,0,0,0,0,9.46863035396095,9.46803051534959,230.379480342336,39,1.5,1e-4,10,249.3163125804068
1170,1.6398704534394e-4,0,0,0,0,0,0,0,0,0,0,9.05991289506096,9.05935178958979,231.259168436487,40,1.5,1e-4,10,249.37859710818307
1200,1.5719871782973e-4,0,0,0,0,0,0,0,0,0,0,8.68405305125955,8.68352674131898,232.065127220289,41,1.5,1e-4,10,249.43286421158538
1230,1.5093640060547e-4,0,0,0,0,0,0,0,0,0,0,8.33731972880138,8.33682480888068,232.80612396266,42,1.5,1e-4,10,249.48041943674266
1260,1.4514237401985e-4,0,0,0,0,0,0,0,0,0,0,8.01651665747342,8.01605016606248,233.48960305484,43,1.5,1e-4,10,249.52231502074991
1290,1.3976693231797e-4,0,0,0,0,0,0,0,0,0,0,7.71889136652606,7.7184507150538,234.121924457248,44,1.5,1e-4,10,249.5594063057602
1320,1.347670595573e-4,0,0,0,0,0,0,0,0,0,0,7.44206185471765,7.44164476979772,234.708552702092,45,1.5,1e-4,10,249.5923940936669
1350,1.3010535596366e-4,0,0,0,0,0,0,0,0,0,0,7.18395713088666,7.1835616070452,235.254207947818,46,1.5,1e-4,10,249.6218567911058
1380,1.2574916194249e-4,0,0,0,0,0,0,0,0,0,0,6.94276870143129,6.94239296215647,235.762987639424,47,1.5,1e-4,10,249.64827505217372
1410,1.2166983911143e-4,0,0,0,0,0,0,0,0,0,0,6.71691075409395,6.71655321954151,236.23846520389,48,1.5,1e-4,10,249.67205084736457
1440,1.1784217686395e-4,0,0,0,0,0,0,0,0,0,0,6.5049872939518,6.50464655401149,236.683770658654,49,1.5,1e-4,10,249.69352234879415
1470,1.1424389990113e-4,0,0,0,0,0,0,0,0,0,0,6.30576487118271,6.30543966289116,237.101656866924,50,1.5,1e-4,10,249.71297564489777
1500,1.1085525744941e-4,0,0,0,0,0,0,0,0,0,0,6.11814983269149,6.11783902119104,237.494554321591,51,1.5,1e-4,10,249.730654030731
1530,1.0765867893504e-4,0,0,0,0,0,0,0,0,0,0,5.94116925413832,5.94087181654576,237.86461669941,52,1.5,1e-4,10,249.74676542877302
1560,1.0463848401511e-4,0,0,0,0,0,0,0,0,0,0,5.77395488223096,5.7736698939075,238.213758942015,53,1.5,1e-4,10,249.76148835663747
1590,1.0178063729619e-4,0,0,0,0,0,0,0,0,0,0,5.61572955179953,5.61545617461309,238.543689249871,54,1.5,1e-4,10,249.77497675692092
1620,9.90725399722391e-5,0,0,0,0,0,0,0,0,0,0,5.46579564741746,5.4655331196657,238.85593609011,55,1.5,1e-4,10,249.78736392973312
1650,9.65028521067028e-5,0,0,0,0,0,0,0,0,0,0,5.32352526206242,5.32327288978739,239.151871098177,56,1.5,1e-4,10,249.79876575287892
1680,9.40613404650867e-5,0,0,0,0,0,0,0,0,0,0,5.18835177070936,5.18810892018293,239.432728580746,57,1.5,1e-4,10,249.80928333297874
1710,9.17387477422238e-5,0,0,0,0,0,0,0,0,0,0,5.05976258872037,5.05952867991942,239.69962219188,58,1.5,1e-4,10,249.81900519926754
1740,8.95266797785277e-5,0,0,0,0,0,0,0,0,0,0,4.93729292641667,4.93706742733798,239.953559247349,59,1.5,1e-4,10,249.82800912778345
1770,8.74175079612337e-5,0,0,0,0,0,0,0,0,0,0,4.82052038455171,4.82030280624251,240.195453056928,60,1.5,1e-4,10,249.83636366523018
1800,8.54042844922634e-5,0,0,0,0,0,0,0,0,0,0,4.70906026229676,4.70885015449703,240.426133586476,61,1.5,1e-4,10,249.84412940755428
1830,8.34806685978794e-5,0,0,0,0,0,0,0,0,0,0,4.60256147114407,4.60235841845402,240.646356706961,62,1.5,1e-4,10,249.8513600772277
1860,8.16408620756709e-5,0,0,0,0,0,0,0,0,0,0,4.50070296587594,4.50050658437568,240.856812243427,63,1.5,1e-4,10,249.85810343454068
1890,7.98795528363477e-5,0,0,0,0,0,0,0,0,0,0,4.40319061825332,4.40300055251319,241.058131001109,64,1.5,1e-4,10,249.86440205142833
1920,7.81918653128491e-5,0,0,0,0,0,0,0,0,0,0,4.3097544709862,4.30957039141574,241.250890916707,65,1.5,1e-4,10,249.87029397097425
1950,7.65733167865193e-5,0,0,0,0,0,0,0,0,0,0,4.2201463193639,4.2199679198551,241.435622458903,66,1.5,1e-4,10,249.87581327143877
1980,7.50197788267485e-5,0,0,0,0,0,0,0,0,0,0,4.13413757604371,4.13396457187095,241.612813382545,67,1.5,1e-4,10,249.8809905502385
0,250,0,0,0,0,0,0,0,0,0,0,0,0,0,1,1.5,1e-4,11,250
30,250.000322400697,0,0,0,0,0,0,0,0,0,0,0,0,0,2,1.5,1e-4,11,250.000322400697
60,250.000090984018,0,0,0,0,0,0,0,0,0,0,0,0,0,3,1.5,1e-4,11,250.000090984018
90,250.000018876751,0,0,0,0,0,0,0,0,0,0,0,0,0,4,1.5,1e-4,11,250.000018876751
120,199.717653414073,0,0,0,0,0,0,0,0,0,0,65.5426902941915,65.5426902941915,0.0162067615506131,5,1.5,1e-4,11,330.8192407640066
150,98.8983787980157,0,0,0,0,0,0,0,0,0,0,101.08814384099,101.086766581043,0.0476617580768933,6,1.5,1e-4,11,301.12095097812556
180,43.0348931850778,0,0,0,0,0,0,0,0,0,0,101.367165026315,101.364772588194,0.0931616537062775,7,1.5,1e-4,11,245.85999245329307
210,15.7170568902664,0,0,0,0,0,0,0,0,0,0,89.3776501763401,89.3753745227141,0.154199130545088,8,1.5,1e-4,11,194.62428071986568
240,4.45791170015325,0,0,0,0,0,0,0,0,0,0,75.8261981706392,75.8247574893218,0.230964201904264,9,1.5,1e-4,11,156.3398315620185
270,0.920226229985471,0,0,0,0,0,0,0,0,0,0,66.4855790317023,66.4849466858992,0.322518726178746,10,1.5,1e-4,11,134.21327067376572
300,0.14114789293855,0,0,0,0,0,0,0,0,0,0,62.4290404265585,62.428810081181,0.429796646769403,11,1.5,1e-4,11,125.42879504744745
330,0.0195735102655569,0,0,0,0,0,0,0,0,0,0,61.4469569327882,61.4468250644692,0.558258979677525,12,1.5,1e-4,11,123.47161448720048
360,0.00302374552909792,0,0,0,0,0,0,0,0,0,0,61.4523672403877,61.4522277945314,0.712737150135882,13,1.5,1e-4,11,123.62035593058408
390,5.2564349568113e-4,0,0,0,0,0,0,0,0,0,0,61.6818124018853,61.6816402292404,0.896575693952079,14,1.5,1e-4,11,124.26055396857346
420,9.7056124591790607e-05,0,0,0,0,0,0,0,0,0,0,61.9837764490968,61.9835626937693,1.11433693209362,15,1.5,1e-4,11,125.08177313108432
450,3.57680495962438e-5,0,0,0,0,0,0,0,0,0,0,8.99713458490012,8.99628885526634,1.01935654645865,16,1.5,1e-4,11,19.012815754674705
480,2.8039716042563e-5,0,0,0,0,0,0,0,0,0,0,10.0231664749592,10.0213179901333,5.43798352699039,17,1.5,1e-4,11,25.482496031798934
510,9.05088267528147e-5,0,0,0,0,0,0,0,0,0,0,27.7250073937635,27.7196051910233,22.7094364349623,18,1.5,1e-4,11,78.15413952857585
540,1.282011412424e-4,0,0,0,0,0,0,0,0,0,0,40.9038652042437,40.8962430501469,61.1386806026134,19,1.5,1e-4,11,142.93891705814525
570,1.3548502605674e-4,0,0,0,0,0,0,0,0,0,0,42.743872400164,42.736493765557,102.151775281327,20,1.5,1e-4,11,187.63227693207406
600,1.3051522586168e-4,0,0,0,0,0,0,0,0,0,0,41.2830712618993,41.2766067574184,131.200070215901,21,1.5,1e-4,11,213.75987875044456
630,1.1716447216914e-4,0,0,0,0,0,0,0,0,0,0,37.0342137929408,37.0289365405648,153.319512533547,22,1.5,1e-4,11,227.38278003152476
660,1.04521972038e-4,0,0,0,0,0,0,0,0,0,0,33.0390779494079,33.0347694564282,168.940941345741,23,1.5,1e-4,11,235.01489327354915
690,9.31399455719445e-5,0,0,0,0,0,0,0,0,0,0,29.4375851869064,29.4340405475227,180.628552793377,24,1.5,1e-4,11,239.50027166775166
720,8.34693508766867e-5,0,0,0,0,0,0,0,0,0,0,26.3786991644247,26.3757418317764,189.55285748824,25,1.5,1e-4,11,242.30738195379197
750,7.53073013164519e-5,0,0,0,0,0,0,0,0,0,0,23.796939229631,23.7944367662127,196.565713189108,26,1.5,1e-4,11,244.15716449225303
780,6.84159561532006e-5,0,0,0,0,0,0,0,0,0,0,21.617219631008,21.6150737769963,202.198543743635,27,1.5,1e-4,11,245.43090556759546
810,6.2562872770205e-5,0,0,0,0,0,0,0,0,0,0,19.7659455001499,19.7640833705686,206.810383080045,28,1.5,1e-4,11,246.34047451363628
840,5.7554436303753e-5,0,0,0,0,0,0,0,0,0,0,18.1818609317472,18.1802278478274,210.647890725944,29,1.5,1e-4,11,247.0100370599549
870,5.32346678254608e-5,0,0,0,0,0,0,0,0,0,0,16.8156159964451,16.8141703682092,213.885883994744,30,1.5,1e-4,11,247.51572359406615
900,4.94798084530923e-5,0,0,0,0,0,0,0,0,0,0,15.6280582705166,15.6267680000303,216.651211567767,31,1.5,1e-4,11,247.90608731812236
930,4.61918167199846e-5,0,0,0,0,0,0,0,0,0,0,14.5881725941461,14.5870125569272,219.037929605306,32,1.5,1e-4,11,248.21316094819602
960,4.32927510471007e-5,0,0,0,0,0,0,0,0,0,0,13.6713032762732,13.670253542994,221.117108016063,33,1.5,1e-4,11,248.45870812808127
990,4.0720264157027e-5,0,0,0,0,0,0,0,0,0,0,12.8577282330981,12.8567727992223,222.943358067041,34,1.5,1e-4,11,248.65789981962556
1020,3.84241155960622e-5,0,0,0,0,0,0,0,0,0,0,12.1315554773496,12.1306813434753,224.559277622753,35,1.5,1e-4,11,248.8215528676935
1050,3.63635051114861e-5,0,0,0,0,0,0,0,0,0,0,11.4798794013792,11.4790758983917,225.998543859509,36,1.5,1e-4,11,248.957535522785
1080,3.45050396247474e-5,0,0,0,0,0,0,0,0,0,0,10.8921375662182,10.8913958534827,227.288106344449,37,1.5,1e-4,11,249.07167426918954
1110,3.28211797917472e-5,0,0,0,0,0,0,0,0,0,0,10.3596192440993,10.3589319315646,228.44976928826,38,1.5,1e-4,11,249.1683532851037
1140,3.12890472214317e-5,0,0,0,0,0,0,0,0,0,0,9.87508807473775,9.8744489349275,229.501351152713,39,1.5,1e-4,11,249.25091945142546
1170,2.9889502854186e-5,0,0,0,0,0,0,0,0,0,0,9.43249051317795,9.43189425920595,230.457546760302,40,1.5,1e-4,11,249.32196142218874
1200,2.86064298804269e-5,0,0,0,0,0,0,0,0,0,0,9.02672898891255,9.02617110157688,231.330576682412,41,1.5,1e-4,11,249.3835053793313
1230,2.74261717504099e-5,0,0,0,0,0,0,0,0,0,0,8.65348413021058,8.65296072198479,232.130682316831,42,1.5,1e-4,11,249.43715459519814
1260,2.63370885166317e-5,0,0,0,0,0,0,0,0,0,0,8.30907442349654,8.30858213055721,232.866507531581,43,1.5,1e-4,11,249.48419042272326
1290,2.53292040751554e-5,0,0,0,0,0,0,0,0,0,0,7.99034462830924,7.9898805240819,233.545395895904,44,1.5,1e-4,11,249.52564637749921
1320,2.43939237211914e-5,0,0,0,0,0,0,0,0,0,0,7.69457643547431,7.69413796085163,234.173624377824,45,1.5,1e-4,11,249.56236316807366
1350,2.35238064779025e-5,0,0,0,0,0,0,0,0,0,0,7.41941645191606,7.4190013585083,234.756588716847,46,1.5,1e-4,11,249.59503005107786
1380,2.27123803879903e-5,0,0,0,0,0,0,0,0,0,0,7.16281777583455,7.16242407949269,235.298951677679,47,1.5,1e-4,11,249.62421624538663
1410,2.19539917320992e-5,0,0,0,0,0,0,0,0,0,0,6.92299230375303,6.92261824625254,235.804762530371,48,1.5,1e-4,11,249.6503950343683
1440,2.12436812140567e-5,0,0,0,0,0,0,0,0,0,0,6.69837156770895,6.69801558496491,236.277554034536,49,1.5,1e-4,11,249.67396243089107
1470,2.05770817162056e-5,0,0,0,0,0,0,0,0,0,0,6.48757439540792,6.48723509095352,236.720421694252,50,1.5,1e-4,11,249.69525175769516
1500,1.99503334128972e-5,0,0,0,0,0,0,0,0,0,0,6.28938006097724,6.28905618371211,237.136088934818,51,1.5,1e-4,11,249.71454512984076
1530,1.93600129340518e-5,0,0,0,0,0,0,0,0,0,0,6.10270587988176,6.10239630530538,237.52696102139,52,1.5,1e-4,11,249.7320825665901
1560,1.88030739646194e-5,0,0,0,0,0,0,0,0,0,0,5.92658842108282,5.92629213538944,237.895169914427,53,1.5,1e-4,11,249.74806927397321
1590,1.82767972019029e-5,0,0,0,0,0,0,0,0,0,0,5.76016767911766,5.75988376565364,238.242611783045,54,1.5,1e-4,11,249.76268150461348
1620,1.77787480094594e-5,0,0,0,0,0,0,0,0,0,0,5.60267368060912,5.60240130829096,238.570978535091,55,1.5,1e-4,11,249.7760713027391
1650,1.73067404321782e-5,0,0,0,0,0,0,0,0,0,0,5.45341510280266,5.45315351617048,238.88178444386,56,1.5,1e-4,11,249.78837036957358
1680,1.6858806493444e-5,0,0,0,0,0,0,0,0,0,0,5.31176956280271,5.31151807344436,239.176388734957,57,1.5,1e-4,11,249.79969323001055
1710,1.64331698979853e-5,0,0,0,0,0,0,0,0,0,0,5.17717530029833,5.17693327942727,239.456014827961,58,1.5,1e-4,11,249.81013984085652
1740,1.60282234251791e-5,0,0,0,0,0,0,0,0,0,0,5.04912402754735,5.04889089955613,239.721766794728,59,1.5,1e-4,11,249.81979775005493
1770,1.56425094263858e-5,0,0,0,0,0,0,0,0,0,0,4.92715476113199,4.92692999797383,239.974643491229,60,1.5,1e-4,11,249.82874389284424
1800,1.52747029433461e-5,0,0,0,0,0,0,0,0,0,0,4.81084848272306,4.81063159899927,240.215550736364,61,1.5,1e-4,11,249.83704609278928
1830,1.49235970481654e-5,0,0,0,0,0,0,0,0,0,0,4.69982350250046,4.69961405115155,240.445311844394,62,1.5,1e-4,11,249.84476432164308
1860,1.45880900731108e-5,0,0,0,0,0,0,0,0,0,0,4.59373142029018,4.59352898880529,240.66467676406,63,1.5,1e-4,11,249.85195176124554
1890,1.426717445357e-5,0,0,0,0,0,0,0,0,0,0,4.49225359691627,4.49205780398905,240.874330034005,64,1.5,1e-4,11,249.85865570208477
1920,1.39599269526175e-5,0,0,0,0,0,0,0,0,0,0,4.39509806252806,4.39490855509838,241.07489772902,65,1.5,1e-4,11,249.8649183065734
1950,1.36655000726595e-5,0,0,0,0,0,0,0,0,0,0,4.30199680037556,4.30181325100569,241.266953542858,66,1.5,1e-4,11,249.87077725973933
1980,1.33831144901609e-5,0,0,0,0,0,0,0,0,0,0,4.21270335416285,4.2125254587045,241.451024129903,67,1.5,1e-4,11,249.87626632588484
0,250,0,0,0,0,0,0,0,0,0,0,0,0,0,1,1.5,1e-4,12,250
30,250.000322400697,0,0,0,0,0,0,0,0,0,0,0,0,0,2,1.5,1e-4,12,250.000322400697
60,250.000090984018,0,0,0,0,0,0,0,0,0,0,0,0,0,3,1.5,1e-4,12,250.000090984018
90,250.000018876751,0,0,0,0,0,0,0,0,0,0,0,0,0,4,1.5,1e-4,12,250.000018876751
120,199.717653414073,0,0,0,0,0,0,0,0,0,0,65.5426902941915,65.5426902941915,0.0162067615506131,5,1.5,1e-4,12,330.8192407640066
150,98.8983787980157,0,0,0,0,0,0,0,0,0,0,101.08814384099,101.086766581043,0.0476617580768933,6,1.5,1e-4,12,301.12095097812556
180,43.0348931850778,0,0,0,0,0,0,0,0,0,0,101.367165026315,101.364772588194,0.0931616537062775,7,1.5,1e-4,12,245.85999245329307
210,15.7170568902664,0,0,0,0,0,0,0,0,0,0,89.3776501763401,89.3753745227141,0.154199130545088,8,1.5,1e-4,12,194.62428071986568
240,4.45791170015325,0,0,0,0,0,0,0,0,0,0,75.8261981706392,75.8247574893218,0.230964201904264,9,1.5,1e-4,12,156.3398315620185
270,0.920226229985471,0,0,0,0,0,0,0,0,0,0,66.4855790317023,66.4849466858992,0.322518726178746,10,1.5,1e-4,12,134.21327067376572
300,0.14114789293855,0,0,0,0,0,0,0,0,0,0,62.4290404265585,62.428810081181,0.429796646769403,11,1.5,1e-4,12,125.42879504744745
330,0.0195735102655569,0,0,0,0,0,0,0,0,0,0,61.4469569327882,61.4468250644692,0.558258979677525,12,1.5,1e-4,12,123.47161448720048
360,0.00302374552909792,0,0,0,0,0,0,0,0,0,0,61.4523672403877,61.4522277945314,0.712737150135882,13,1.5,1e-4,12,123.62035593058408
390,5.2564349568113e-4,0,0,0,0,0,0,0,0,0,0,61.6818124018853,61.6816402292404,0.896575693952079,14,1.5,1e-4,12,124.26055396857346
420,9.7056124591790607e-05,0,0,0,0,0,0,0,0,0,0,61.9837764490968,61.9835626937693,1.11433693209362,15,1.5,1e-4,12,125.08177313108432
450,1.88100967511921e-5,0,0,0,0,0,0,0,0,0,0,62.3402323298757,62.33996989723,1.37184271219058,16,1.5,1e-4,12,126.05206374939303
480,7.37764076056933e-6,0,0,0,0,0,0,0,0,0,0,10.0632362697777,10.0622269938829,1.26806694269917,17,1.5,1e-4,12,21.39353758400053
510,6.00873691289562e-6,0,0,0,0,0,0,0,0,0,0,11.5341740150467,11.5320435885863,6.79391515297937,18,1.5,1e-4,12,29.860138765349284
540,1.7842596808291e-5,0,0,0,0,0,0,0,0,0,0,29.6286347753896,29.622883175856,25.9315152005543,19,1.5,1e-4,12,85.18305099439671
570,2.41953469390451e-5,0,0,0,0,0,0,0,0,0,0,41.6541354291405,41.6464228639543,64.9895099295343,20,1.5,1e-4,12,148.29009241797604
600,2.51139286115844e-5,0,0,0,0,0,0,0,0,0,0,42.8169087061386,42.8095790543032,105.055010958196,21,1.5,1e-4,12,190.6815238325664
630,2.39734455934907e-5,0,0,0,0,0,0,0,0,0,0,40.9631351174869,40.9567743836755,133.370585840731,22,1.5,1e-4,12,215.290519315339
660,2.14882677468482e-5,0,0,0,0,0,0,0,0,0,0,36.6941561290357,36.6889692773321,154.824127499133,23,1.5,1e-4,12,228.20727439376853
690,1.91603183900151e-5,0,0,0,0,0,0,0,0,0,0,32.7192814539899,32.7150457167477,170.048879459902,24,1.5,1e-4,12,235.483225790958
720,1.70798038926645e-5,0,0,0,0,0,0,0,0,0,0,29.1629496567355,29.1594610822409,181.463029309142,25,1.5,1e-4,12,239.78545712792229
750,1.53145343280746e-5,0,0,0,0,0,0,0,0,0,0,26.1464229798156,26.1435089298363,190.201293137834,26,1.5,1e-4,12,242.49124036202022
780,1.38250515320557e-5,0,0,0,0,0,0,0,0,0,0,23.6011436136302,23.5986749154033,197.081702794918,27,1.5,1e-4,12,244.28153514900302
810,1.25669937906185e-5,0,0,0,0,0,0,0,0,0,0,21.4514252622079,21.4493061329175,202.617680045836,28,1.5,1e-4,12,245.5184240079552
840,1.1497857261503e-5,0,0,0,0,0,0,0,0,0,0,19.6245719062982,19.6227312460578,207.156796652695,29,1.5,1e-4,12,246.40411130290826
870,1.05824071213284e-5,0,0,0,0,0,0,0,0,0,0,18.0603599409811,18.0587443514331,210.93848341296,30,1.5,1e-4,12,247.05759828778133
900,9.79231340721081e-6,0,0,0,0,0,0,0,0,0,0,16.7103668115005,16.7089356269132,214.132797191582,31,1.5,1e-4,12,247.55210942230912
930,9.10510880126651e-6,0,0,0,0,0,0,0,0,0,0,15.5361938060237,15.5349156037194,216.863368335168,32,1.5,1e-4,12,247.93448685001988
960,8.50299225851253e-6,0,0,0,0,0,0,0,0,0,0,14.5074185440802,14.5062686997917,219.222019600343,33,1.5,1e-4,12,248.23571534720716
990,7.97180594715791e-6,0,0,0,0,0,0,0,0,0,0,13.5998458589302,13.5988048191598,221.278235802994,34,1.5,1e-4,12,248.47689445288995
1020,7.50021811509354e-6,0,0,0,0,0,0,0,0,0,0,12.7941107941603,12.7931628406558,223.085480375372,35,1.5,1e-4,12,248.6727615104062
1050,7.07909162609199e-6,0,0,0,0,0,0,0,0,0,0,12.0745991722414,12.0737315265359,224.685504914463,36,1.5,1e-4,12,248.83384269233193
1080,6.70100137727341e-6,0,0,0,0,0,0,0,0,0,0,11.4286227177825,11.4278248833593,226.111352495559,37,1.5,1e-4,12,248.9678067977022
1110,6.35986636637423e-6,0,0,0,0,0,0,0,0,0,0,10.8457901862927,10.8450534588937,227.389490564563,38,1.5,1e-4,12,249.08034056961577
1140,6.05066846177075e-6,0,0,0,0,0,0,0,0,0,0,10.31752670573,10.3168438042028,228.541351868498,39,1.5,1e-4,12,249.17572842909925
1170,5.7692363609825e-6,0,0,0,0,0,0,0,0,0,0,9.83670454631997,9.83606933099901,229.584465182425,40,1.5,1e-4,12,249.25724482898033
1200,5.51207856913531e-6,0,0,0,0,0,0,0,0,0,0,9.3973576771072,9.39676493255684,230.533296902809,41,1.5,1e-4,12,249.32742502455162
1230,5.2762533678175e-6,0,0,0,0,0,0,0,0,0,0,8.99445954529482,8.99390481094173,231.399885642187,42,1.5,1e-4,12,249.3882552746769
1260,5.05926684535268e-6,0,0,0,0,0,0,0,0,0,0,8.6237488156501,8.62322825245212,232.19432649228,43,1.5,1e-4,12,249.44130861964905
1290,4.85899234931638e-6,0,0,0,0,0,0,0,0,0,0,8.28159172186763,8.28110200638844,232.925144661544,44,1.5,1e-4,12,249.48784324879242
1320,4.67360640434768e-6,0,0,0,0,0,0,0,0,0,0,7.96487255747558,7.9644107970111,233.599586708997,45,1.5,1e-4,12,249.5288747370901
1350,4.50153737402151e-6,0,0,0,0,0,0,0,0,0,0,7.67090594616033,7.67046961018803,234.223849700501,46,1.5,1e-4,12,249.56522975838675
1380,4.34142405581729e-6,0,0,0,0,0,0,0,0,0,0,7.39736608729734,7.39695295169426,234.803263107741,47,1.5,1e-4,12,249.59758648815665
1410,4.19208207179437e-6,0,0,0,0,0,0,0,0,0,0,7.14222932376902,7.1418374251011,235.342434379664,48,1.5,1e-4,12,249.62650532061622
1440,4.05247641877695e-6,0,0,0,0,0,0,0,0,0,0,6.90372723577334,6.90335483359097,235.845366333183,49,1.5,1e-4,12,249.65245245502373
1470,3.92169891705662e-6,0,0,0,0,0,0,0,0,0,0,6.68030810560142,6.67995365114611,236.315552496321,50,1.5,1e-4,12,249.67581817476744
1500,3.79894957930885e-6,0,0,0,0,0,0,0,0,0,0,6.47060508150039,6.47026719158125,236.756055064174,51,1.5,1e-4,12,249.69693113620522
1530,3.68352113579059e-6,0,0,0,0,0,0,0,0,0,0,6.27340973510912,6.27308717017521,237.169569040099,52,1.5,1e-4,12,249.71606962890445
1560,3.57478611550718e-6,0,0,0,0,0,0,0,0,0,0,6.08764998658621,6.08734163222549,237.558475323027,53,1.5,1e-4,12,249.73347051662483
1590,3.47218600872536e-6,0,0,0,0,0,0,0,0,0,0,5.91237158635014,5.91207643760318,237.924884891308,54,1.5,1e-4,12,249.74933638744733
1620,3.37522213336531e-6,0,0,0,0,0,0,0,0,0,0,5.7467225083885,5.74643965638707,238.270675770137,55,1.5,1e-4,12,249.7638413101347
1650,3.28344790336598e-6,0,0,0,0,0,0,0,0,0,0,5.58993973922335,5.5896683597594,238.59752411534,56,1.5,1e-4,12,249.77713549777067
1680,3.19646225623365e-6,0,0,0,0,0,0,0,0,0,0,5.44133804764345,5.44107739134888,238.906930473212,57,1.5,1e-4,12,249.78934910866658
1710,3.11390404349797e-6,0,0,0,0,0,0,0,0,0,0,5.30030039980329,5.30004978368018,239.200242064287,58,1.5,1e-4,12,249.8005953616745
1740,3.0354472246031e-6,0,0,0,0,0,0,0,0,0,0,5.1662697471809,5.16602854726905,239.478671773312,59,1.5,1e-4,12,249.81097310320916
1770,2.96079673403634e-6,0,0,0,0,0,0,0,0,0,0,5.03874196491363,5.03850960992003,239.743314397602,60,1.5,1e-4,12,249.8205689332324
1800,2.8896849149035e-6,0,0,0,0,0,0,0,0,0,0,4.91725975802976,4.91703572377489,239.995160602974,61,1.5,1e-4,12,249.82945897446356
1830,2.82186843096822e-6,0,0,0,0,0,0,0,0,0,0,4.80140738523363,4.80119118979404,240.23510895452,62,1.5,1e-4,12,249.8377103514161
1860,2.75712558435726e-6,0,0,0,0,0,0,0,0,0,0,4.69080607585017,4.6905972752971,240.463976323997,63,1.5,1e-4,12,249.84538243226984
1890,2.69525397845025e-6,0,0,0,0,0,0,0,0,0,0,4.58511003658108,4.5849082212306,240.682506922869,64,1.5,1e-4,12,249.85252787593467
1920,2.63606847550578e-6,0,0,0,0,0,0,0,0,0,0,4.48400296187027,4.48380775297438,240.891380167446,65,1.5,1e-4,12,249.85919351835912
1950,2.57939940678533e-6,0,0,0,0,0,0,0,0,0,0,4.38719497570432,4.38700602252323,241.091217548,66,1.5,1e-4,12,249.86542112562697
1980,2.52509099968034e-6,0,0,0,0,0,0,0,0,0,0,4.29441994419769,4.2942369214024,241.282588645468,67,1.5,1e-4,12,249.87124803615907
0,250,0,0,0,0,0,0,0,0,0,0,0,0,0,1,1.5,1e-4,13,250
30,250.000322400697,0,0,0,0,0,0,0,0,0,0,0,0,0,2,1.5,1e-4,13,250.000322400697
60,250.000090984018,0,0,0,0,0,0,0,0,0,0,0,0,0,3,1.5,1e-4,13,250.000090984018
90,250.000018876751,0,0,0,0,0,0,0,0,0,0,0,0,0,4,1.5,1e-4,13,250.000018876751
120,199.717653414073,0,0,0,0,0,0,0,0,0,0,65.5426902941915,65.5426902941915,0.0162067615506131,5,1.5,1e-4,13,330.8192407640066
150,98.8983787980157,0,0,0,0,0,0,0,0,0,0,101.08814384099,101.086766581043,0.0476617580768933,6,1.5,1e-4,13,301.12095097812556
180,43.0348931850778,0,0,0,0,0,0,0,0,0,0,101.367165026315,101.364772588194,0.0931616537062775,7,1.5,1e-4,13,245.85999245329307
210,15.7170568902664,0,0,0,0,0,0,0,0,0,0,89.3776501763401,89.3753745227141,0.154199130545088,8,1.5,1e-4,13,194.62428071986568
240,4.45791170015325,0,0,0,0,0,0,0,0,0,0,75.8261981706392,75.8247574893218,0.230964201904264,9,1.5,1e-4,13,156.3398315620185
270,0.920226229985471,0,0,0,0,0,0,0,0,0,0,66.4855790317023,66.4849466858992,0.322518726178746,10,1.5,1e-4,13,134.21327067376572
300,0.14114789293855,0,0,0,0,0,0,0,0,0,0,62.4290404265585,62.428810081181,0.429796646769403,11,1.5,1e-4,13,125.42879504744745
330,0.0195735102655569,0,0,0,0,0,0,0,0,0,0,61.4469569327882,61.4468250644692,0.558258979677525,12,1.5,1e-4,13,123.47161448720048
360,0.00302374552909792,0,0,0,0,0,0,0,0,0,0,61.4523672403877,61.4522277945314,0.712737150135882,13,1.5,1e-4,13,123.62035593058408
390,5.2564349568113e-4,0,0,0,0,0,0,0,0,0,0,61.6818124018853,61.6816402292404,0.896575693952079,14,1.5,1e-4,13,124.26055396857346
420,9.7056124591790607e-05,0,0,0,0,0,0,0,0,0,0,61.9837764490968,61.9835626937693,1.11433693209362,15,1.5,1e-4,13,125.08177313108432
450,1.88100967511921e-5,0,0,0,0,0,0,0,0,0,0,62.3402323298757,62.33996989723,1.37184271219058,16,1.5,1e-4,13,126.05206374939303
480,3.84532823375041e-6,0,0,0,0,0,0,0,0,0,0,62.7543337957257,62.7540150969037,1.67586830641453,17,1.5,1e-4,13,127.18422104437217
510,1.60074010151777e-6,0,0,0,0,0,0,0,0,0,0,11.2544443038652,11.2532532855573,1.56754689086519,18,1.5,1e-4,13,24.07524608102779
540,1.34628131733584e-6,0,0,0,0,0,0,0,0,0,0,13.1297822939183,13.1273556961635,8.33015903159677,19,1.5,1e-4,13,34.58729836795989
570,3.68329446869641e-6,0,0,0,0,0,0,0,0,0,0,31.4061817890902,31.4001102198323,29.223307119269,20,1.5,1e-4,13,92.02960281148597
600,4.80186259800172e-6,0,0,0,0,0,0,0,0,0,0,42.2697374664768,42.2619622487018,68.7349864929474,21,1.5,1e-4,13,153.2666910099886
630,4.90755075991629e-6,0,0,0,0,0,0,0,0,0,0,42.8377540924801,42.8304822943006,107.831870777322,22,1.5,1e-4,13,193.50011207165346
660,4.64683866784321e-6,0,0,0,0,0,0,0,0,0,0,40.6388431277967,40.632585303957804,135.443078792316,23,1.5,1e-4,13,216.71451187090915
690,4.15967456115771e-6,0,0,0,0,0,0,0,0,0,0,36.3585438588984,36.3534452272308,156.267583279497,24,1.5,1e-4,13,228.97957652530076
720,3.70763603915325e-6,0,0,0,0,0,0,0,0,0,0,32.4073343370202,32.4031691521675,171.114536494146,25,1.5,1e-4,13,235.92504369096974
750,3.30627360551752e-6,0,0,0,0,0,0,0,0,0,0,28.8957451339603,28.8923108935842,182.267954185104,26,1.5,1e-4,13,240.0560135189221
780,2.96613001078125e-6,0,0,0,0,0,0,0,0,0,0,25.9205964203701,25.9177243509419,190.828133844467,27,1.5,1e-4,13,242.66645758190901
810,2.67918442500715e-6,0,0,0,0,0,0,0,0,0,0,23.4107482714605,23.408312368752,197.581428239157,28,1.5,1e-4,13,244.4004915585539
840,2.43672745770101e-6,0,0,0,0,0,0,0,0,0,0,21.2901204667012,21.2880273351508,203.024230839175,29,1.5,1e-4,13,245.60238107775447
870,2.23056002895909e-6,0,0,0,0,0,0,0,0,0,0,19.4869388922632,19.4851191498573,207.49324891169,30,1.5,1e-4,13,246.4653091843705
900,2.05391449028065e-6,0,0,0,0,0,0,0,0,0,0,17.9419952728617,17.940396753689,211.221037811227,31,1.5,1e-4,13,247.1034318916922
930,1.90135906276331e-6,0,0,0,0,0,0,0,0,0,0,16.60776812511,16.6063510538846,214.373114802156,32,1.5,1e-4,13,247.58723588250967
960,1.76858772293296e-6,0,0,0,0,0,0,0,0,0,0,15.446587954205,15.4453215595968,217.070034211094,33,1.5,1e-4,13,247.9619454934835
990,1.65218818644798e-6,0,0,0,0,0,0,0,0,0,0,14.4286049803044,14.4274651211745,219.401479905486,34,1.5,1e-4,13,248.2575516591531
1020,1.54944531077716e-6,0,0,0,0,0,0,0,0,0,0,13.5300686865113,13.5290361728251,221.435416026973,35,1.5,1e-4,13,248.4945224357547
1050,1.45818467028142e-6,0,0,0,0,0,0,0,0,0,0,12.7319589734492,12.731018364165,223.224203100518,36,1.5,1e-4,13,248.68718189631687
1080,1.37665185211374e-6,0,0,0,0,0,0,0,0,0,0,12.0189300341728,12.0180687650128,224.808778440302,37,1.5,1e-4,13,248.84577861613946
1110,1.30342025270552e-6,0,0,0,0,0,0,0,0,0,0,11.3785036537338,11.3777113956983,226.221574215719,38,1.5,1e-4,13,248.97779056857135
1140,1.23732077488202e-6,0,0,0,0,0,0,0,0,0,0,10.8004541535592,10.7997223348931,227.488592855659,39,1.5,1e-4,13,249.08877058143207
1170,1.17738807352449e-6,0,0,0,0,0,0,0,0,0,0,10.2763381328191,10.2756595782817,228.6309084489,40,1.5,1e-4,13,249.18290733738885
1200,1.1228192413913e-6,0,0,0,0,0,0,0,0,0,0,9.79913305216843,9.79850170757697,229.66576980423,41,1.5,1e-4,13,249.26340568679464
1230,1.07294185135075e-6,0,0,0,0,0,0,0,0,0,0,9.36295767520853,9.36236839474529,230.607422364588,42,1.5,1e-4,13,249.33274950748367
1260,1.02718906164297e-6,0,0,0,0,0,0,0,0,0,0,8.96285430077659,8.96230268104108,231.467728595101,43,1.5,1e-4,13,249.39288660410773
1290,9.85080081868948e-7,0,0,0,0,0,0,0,0,0,0,8.59461789195183,8.59410014121975,232.256641849556,44,1.5,1e-4,13,249.44536086780766
1320,9.4620473361626e-7,0,0,0,0,0,0,0,0,0,0,8.25466102477422,8.25417385905437,232.982572303231,45,1.5,1e-4,13,249.49140813326431
1350,9.10211160045487e-7,0,0,0,0,0,0,0,0,0,0,7.93990638328628,7.93944694297845,233.652672410089,46,1.5,1e-4,13,249.53202664656487
1380,8.76795974161915e-7,0,0,0,0,0,0,0,0,0,0,7.64770058714409,7.6472663696827,234.27306168102,47,1.5,1e-4,13,249.56802951464277
1410,8.45696308956397e-7,0,0,0,0,0,0,0,0,0,0,7.37574465565764,7.37533346066866,234.849005231249,48,1.5,1e-4,13,249.6000841932716
1440,8.16683361008917e-7,0,0,0,0,0,0,0,0,0,0,7.12203753554905,7.121647419884,235.385056761904,49,1.5,1e-4,13,249.6287425340204
1470,7.89557114741432e-7,0,0,0,0,0,0,0,0,0,0,6.88482995601488,6.88445919664073,235.885173931834,50,1.5,1e-4,13,249.65446387404674
1500,7.64142006106865e-7,0,0,0,0,0,0,0,0,0,0,6.66258650105829,6.6622335642426,236.352812114055,51,1.5,1e-4,13,249.6776329434979
1530,7.40283338475159e-7,0,0,0,0,0,0,0,0,0,0,6.45395426122713,6.45361777680175,236.791001095055,52,1.5,1e-4,13,249.69857387336722
1560,7.1784430442918505e-07,0,0,0,0,0,0,0,0,0,0,6.2577367851364,6.2574155248855,237.202408213512,53,1.5,1e-4,13,249.7175612413782
1590,6.9670349845696e-7,0,0,0,0,0,0,0,0,0,0,6.07287232472844,6.07256518414621,237.589390642452,54,1.5,1e-4,13,249.73482884803016
1620,6.76752829562444e-7,0,0,0,0,0,0,0,0,0,0,5.89841557848,5.89812156129775,237.954038922269,55,1.5,1e-4,13,249.7505767387996
1650,6.57895761406285e-7,0,0,0,0,0,0,0,0,0,0,5.73352229937249,5.73324050437403,238.298213398868,56,1.5,1e-4,13,249.76497686051027
1680,6.40045822052134e-7,0,0,0,0,0,0,0,0,0,0,5.57743626096684,5.57716587070489,238.62357487456,57,1.5,1e-4,13,249.77817764627756
1710,6.2312533671588e-7,0,0,0,0,0,0,0,0,0,0,5.4294781739574,5.42921844505663,238.931610511905,58,1.5,1e-4,13,249.79030775404436
1740,6.07064345827498e-7,0,0,0,0,0,0,0,0,0,0,5.2890362235377,5.28878647832871,239.223655823222,59,1.5,1e-4,13,249.80147913215276
1770,5.91799677770121e-7,0,0,0,0,0,0,0,0,0,0,5.15555795962027,5.15531757889478,239.500913416139,60,1.5,1e-4,13,249.81178954645375
1800,5.77274151275024e-7,0,0,0,0,0,0,0,0,0,0,5.02854332105913,5.02831173777376,239.76446903798399,61,1.5,1e-4,13,249.82132467409102
1830,5.63435886941904e-7,0,0,0,0,0,0,0,0,0,0,4.90753861430333,4.90731530808913,240.01530536074,62,1.5,1e-4,13,249.83015984656834
1860,5.50237710963637e-7,0,0,0,0,0,0,0,0,0,0,4.79213129848365,4.7919157908429,240.254313867915,63,1.5,1e-4,13,249.83836150747925
1890,5.37636637050192e-7,0,0,0,0,0,0,0,0,0,0,4.68194545443673,4.68173730452784,240.482305140306,64,1.5,1e-4,13,249.84598843690722
1920,5.25593414912097e-7,0,0,0,0,0,0,0,0,0,0,4.57663783586168,4.5764366367894,240.700017785859,65,1.5,1e-4,13,249.8530927841035
1950,5.14072135591655e-7,0,0,0,0,0,0,0,0,0,0,4.47589441766755,4.47569979320853,240.908126216949,66,1.5,1e-4,13,249.85972094189722
1980,5.03039885508088e-7,0,0,0,0,0,0,0,0,0,0,4.37942737037045,4.37923897207537,241.107247444413,67,1.5,1e-4,13,249.86591428989868
0,250,0,0,0,0,0,0,0,0,0,0,0,0,0,1,1.5,1e-4,14,250
30,250.000322400697,0,0,0,0,0,0,0,0,0,0,0,0,0,2,1.5,1e-4,14,250.000322400697
60,250.000090984018,0,0,0,0,0,0,0,0,0,0,0,0,0,3,1.5,1e-4,14,250.000090984018
90,250.000018876751,0,0,0,0,0,0,0,0,0,0,0,0,0,4,1.5,1e-4,14,250.000018876751
120,199.717653414073,0,0,0,0,0,0,0,0,0,0,65.5426902941915,65.5426902941915,0.0162067615506131,5,1.5,1e-4,14,330.8192407640066
150,98.8983787980157,0,0,0,0,0,0,0,0,0,0,101.08814384099,101.086766581043,0.0476617580768933,6,1.5,1e-4,14,301.12095097812556
180,43.0348931850778,0,0,0,0,0,0,0,0,0,0,101.367165026315,101.364772588194,0.0931616537062775,7,1.5,1e-4,14,245.85999245329307
210,15.7170568902664,0,0,0,0,0,0,0,0,0,0,89.3776501763401,89.3753745227141,0.154199130545088,8,1.5,1e-4,14,194.62428071986568
240,4.45791170015325,0,0,0,0,0,0,0,0,0,0,75.8261981706392,75.8247574893218,0.230964201904264,9,1.5,1e-4,14,156.3398315620185
270,0.920226229985471,0,0,0,0,0,0,0,0,0,0,66.4855790317023,66.4849466858992,0.322518726178746,10,1.5,1e-4,14,134.21327067376572
300,0.14114789293855,0,0,0,0,0,0,0,0,0,0,62.4290404265585,62.428810081181,0.429796646769403,11,1.5,1e-4,14,125.42879504744745
330,0.0195735102655569,0,0,0,0,0,0,0,0,0,0,61.4469569327882,61.4468250644692,0.558258979677525,12,1.5,1e-4,14,123.47161448720048
360,0.00302374552909792,0,0,0,0,0,0,0,0,0,0,61.4523672403877,61.4522277945314,0.712737150135882,13,1.5,1e-4,14,123.62035593058408
390,5.2564349568113e-4,0,0,0,0,0,0,0,0,0,0,61.6818124018853,61.6816402292404,0.896575693952079,14,1.5,1e-4,14,124.26055396857346
420,9.7056124591790607e-05,0,0,0,0,0,0,0,0,0,0,61.9837764490968,61.9835626937693,1.11433693209362,15,1.5,1e-4,14,125.08177313108432
450,1.88100967511921e-5,0,0,0,0,0,0,0,0,0,0,62.3402323298757,62.33996989723,1.37184271219058,16,1.5,1e-4,14,126.05206374939303
480,3.84532823375041e-6,0,0,0,0,0,0,0,0,0,0,62.7543337957257,62.7540150969037,1.67586830641453,17,1.5,1e-4,14,127.18422104437217
510,8.29207680009073e-7,0,0,0,0,0,0,0,0,0,0,63.2324111840578,63.2320278538545,2.03409272134479,18,1.5,1e-4,14,128.49853258846477
540,3.6472092971002e-7,0,0,0,0,0,0,0,0,0,0,12.573879322398,12.5724882724151,1.92734809223064,19,1.5,1e-4,14,27.07371605176467
570,3.150961486339e-7,0,0,0,0,0,0,0,0,0,0,14.7991329603105,14.7963985171264,10.0491258040671,20,1.5,1e-4,14,39.64465759660015
600,7.96168537294969e-7,0,0,0,0,0,0,0,0,0,0,33.0645798913744,33.058216670928,32.5751382812819,21,1.5,1e-4,14,98.69793563975284
630,1.00139891950752e-6,0,0,0,0,0,0,0,0,0,0,42.77085369777,42.7630397248566,72.3898394247421,22,1.5,1e-4,14,157.92373384876763
660,1.00973768363801e-6,0,0,0,0,0,0,0,0,0,0,42.8133820787247,42.8061759127292,110.504516932689,23,1.5,1e-4,14,196.1240759338806
690,9.49165399863628e-7,0,0,0,0,0,0,0,0,0,0,40.3102509237406,40.3040954563648,137.434352953572,24,1.5,1e-4,14,218.0487002828428
720,8.48700262502223e-7,0,0,0,0,0,0,0,0,0,0,36.0261104850949,36.0210983818889,157.660706602129,25,1.5,1e-4,14,229.70791631781307
750,7.56255838235836e-7,0,0,0,0,0,0,0,0,0,0,32.1015028053334,32.0974064419768,172.145629799402,26,1.5,1e-4,14,236.34453980296806
780,6.74653978616606e-7,0,0,0,0,0,0,0,0,0,0,28.6343787552054,28.6309974962785,183.048913349902,27,1.5,1e-4,14,240.31429027603988
810,6.05569799553409e-7,0,0,0,0,0,0,0,0,0,0,25.6998384942826,25.697007397957,191.437606532716,28,1.5,1e-4,14,242.8344530305254
840,5.47297949358178e-7,0,0,0,0,0,0,0,0,0,0,23.2245841942502,23.2221803467566,198.068181798187,29,1.5,1e-4,14,244.51494688649174
870,4.98040346598885e-7,0,0,0,0,0,0,0,0,0,0,21.1323180007311,21.1302503205533,203.420825598003,30,1.5,1e-4,14,245.68339441732775
900,4.56130781023714e-7,0,0,0,0,0,0,0,0,0,0,19.3522092297989,19.3504099980501,207.82188345977,31,1.5,1e-4,14,246.52450314374977
930,4.2019929379769e-7,0,0,0,0,0,0,0,0,0,0,17.8260519898283,17.8244702341206,211.497331916658,32,1.5,1e-4,14,247.1478545608062
960,3.89148108176261e-7,0,0,0,0,0,0,0,0,0,0,16.507204675412,16.5058014836158,214.608333465883,33,1.5,1e-4,14,247.62134001405892
990,3.62107247316074e-7,0,0,0,0,0,0,0,0,0,0,15.358707091686,15.3574523246287,217.272485100039,34,1.5,1e-4,14,247.98864487846095
1020,3.38387164363211e-7,0,0,0,0,0,0,0,0,0,0,14.3512656154751,14.3501356015234,219.577410322695,35,1.5,1e-4,14,248.27881187808066
1050,3.17438935519409e-7,0,0,0,0,0,0,0,0,0,0,13.4615614468743,13.4605373496662,221.589605914083,36,1.5,1e-4,14,248.51170502806244
1080,2.98822699027163e-7,0,0,0,0,0,0,0,0,0,0,12.6709093615861,12.6699760101633,223.360366527153,37,1.5,1e-4,14,248.7012521977251
1110,2.82183334017261e-7,0,0,0,0,0,0,0,0,0,0,11.9642242608265,11.9633692998435,224.929841454674,38,1.5,1e-4,14,248.85743529752733
1140,2.67231889404222e-7,0,0,0,0,0,0,0,0,0,0,11.3292321020012,11.328445366049399,226.329870929027,39,1.5,1e-4,14,248.9875486643095
1170,2.537314225336e-7,0,0,0,0,0,0,0,0,0,0,10.7558682276344,10.7551412744949,227.586006294488,40,1.5,1e-4,14,249.0970160503487
1200,2.41486167454138e-7,0,0,0,0,0,0,0,0,0,0,10.2358171782409,10.2351429363177,228.718973371373,41,1.5,1e-4,14,249.18993372741778
1230,2.30333205874896e-7,0,0,0,0,0,0,0,0,0,0,9.76215884382498,9.76153134266794,229.745748858267,42,1.5,1e-4,14,249.26943927509313
1260,2.2013602081343e-7,0,0,0,0,0,0,0,0,0,0,9.32909460664922,9.32850876869449,230.680363260671,43,1.5,1e-4,14,249.33796685615073
1290,2.10779472015697e-7,0,0,0,0,0,0,0,0,0,0,8.93173388949254,8.93118536743976,231.534507557359,44,1.5,1e-4,14,249.39742702507078
1320,2.021658510072e-7,0,0,0,0,0,0,0,0,0,0,8.56592657170721,8.56541162029944,232.317997014381,45,1.5,1e-4,14,249.4493354085535
1350,1.9421176123674e-7,0,0,0,0,0,0,0,0,0,0,8.22813045812298,8.22764583213464,233.039129660904,46,1.5,1e-4,14,249.49490614537336
1380,1.86845633112697e-7,0,0,0,0,0,0,0,0,0,0,7.91530571979424,7.91484859218239,233.704966150403,47,1.5,1e-4,14,249.53512064922526
1410,1.80005731007186e-7,0,0,0,0,0,0,0,0,0,0,7.6248302343607,7.62439813007393,234.321550294144,48,1.5,1e-4,14,249.57077883858437
1440,1.73638544150595e-7,0,0,0,0,0,0,0,0,0,0,7.35443123441531,7.35402197646797,234.89408435651401,49,1.5,1e-4,14,249.60253774103583
1470,1.67697479146895e-7,0,0,0,0,0,0,0,0,0,0,7.10212976878671,7.10174143402031,235.427069521709,50,1.5,1e-4,14,249.6309408922135
1500,1.62141791061808e-7,0,0,0,0,0,0,0,0,0,0,6.86619529829881,6.86582618085367,235.924419303813,51,1.5,1e-4,14,249.65644094510728
1530,1.5693570444051e-7,0,0,0,0,0,0,0,0,0,0,6.64510835955491,6.64475694052327,236.389551760434,52,1.5,1e-4,14,249.67941721744788
1560,1.52047686475914e-7,0,0,0,0,0,0,0,0,0,0,6.43752969185305,6.43719461392218,236.825464969381,53,1.5,1e-4,14,249.7001894272039
1590,1.47449842795979e-7,0,0,0,0,0,0,0,0,0,0,6.2422745727196,6.24195461886916,237.23479919149,54,1.5,1e-4,14,249.7190285305286
1620,1.43117412640176e-7,0,0,0,0,0,0,0,0,0,0,6.05829137525779,6.05798545077123,237.619888368572,55,1.5,1e-4,14,249.73616533771843
1650,1.39028345040923e-7,0,0,0,0,0,0,0,0,0,0,5.8846435663618,5.88435068356287,237.982803022196,56,1.5,1e-4,14,249.75179741114903
1680,1.35162941375298e-7,0,0,0,0,0,0,0,0,0,0,5.7204945241315,5.72021378937321,238.325386175809,57,1.5,1e-4,14,249.76609462447666
1710,1.31503552571318e-7,0,0,0,0,0,0,0,0,0,0,5.5650946768211,5.56482527934681,238.649283583376,58,1.5,1e-4,14,249.77920367104744
1740,1.28034321538861e-7,0,0,0,0,0,0,0,0,0,0,5.41777056275749,5.4175117651252,238.955969285842,59,1.5,1e-4,14,249.79125174175903
1770,1.24740963195563e-7,0,0,0,0,0,0,0,0,0,0,5.27791548713729,5.27766661695563,239.246767313371,60,1.5,1e-4,14,249.8023495422049
1800,1.21610575883641e-7,0,0,0,0,0,0,0,0,0,0,5.14498151217158,5.14474195494119,239.522870192198,61,1.5,1e-4,14,249.81259378092136
1830,1.18631479108621e-7,0,0,0,0,0,0,0,0,0,0,5.0184725652604,5.01824175815079,239.785354789743,62,1.5,1e-4,14,249.82206923178566
1860,1.15793073439112e-7,0,0,0,0,0,0,0,0,0,0,4.89793848845906,4.89771591488055,240.035195932477,63,1.5,1e-4,14,249.83085045160968
1890,1.13085719137202e-7,0,0,0,0,0,0,0,0,0,0,4.7829698835231,4.78275506837681,240.273278152104,64,1.5,1e-4,14,249.83900321708964
1920,1.10500630679126e-7,0,0,0,0,0,0,0,0,0,0,4.67319363188525,4.67298613739385,240.50040585238,65,1.5,1e-4,14,249.84658573215972
1950,1.08029784804866e-7,0,0,0,0,0,0,0,0,0,0,4.56826898926458,4.56806841130171,240.717312138033,66,1.5,1e-4,14,249.8536496466291
1980,1.05665840125836e-7,0,0,0,0,0,0,0,0,0,0,4.46788417119459,4.46769013604466,240.924666506068,67,1.5,1e-4,14,249.8602409189731
0,250,0,0,0,0,0,0,0,0,0,0,0,0,0,1,1.5,1e-4,15,250
30,250.000322400697,0,0,0,0,0,0,0,0,0,0,0,0,0,2,1.5,1e-4,15,250.000322400697
60,250.000090984018,0,0,0,0,0,0,0,0,0,0,0,0,0,3,1.5,1e-4,15,250.000090984018
90,250.000018876751,0,0,0,0,0,0,0,0,0,0,0,0,0,4,1.5,1e-4,15,250.000018876751
120,199.717653414073,0,0,0,0,0,0,0,0,0,0,65.5426902941915,65.5426902941915,0.0162067615506131,5,1.5,1e-4,15,330.8192407640066
150,98.8983787980157,0,0,0,0,0,0,0,0,0,0,101.08814384099,101.086766581043,0.0476617580768933,6,1.5,1e-4,15,301.12095097812556
180,43.0348931850778,0,0,0,0,0,0,0,0,0,0,101.367165026315,101.364772588194,0.0931616537062775,7,1.5,1e-4,15,245.85999245329307
210,15.7170568902664,0,0,0,0,0,0,0,0,0,0,89.3776501763401,89.3753745227141,0.154199130545088,8,1.5,1e-4,15,194.62428071986568
240,4.45791170015325,0,0,0,0,0,0,0,0,0,0,75.8261981706392,75.8247574893218,0.230964201904264,9,1.5,1e-4,15,156.3398315620185
270,0.920226229985471,0,0,0,0,0,0,0,0,0,0,66.4855790317023,66.4849466858992,0.322518726178746,10,1.5,1e-4,15,134.21327067376572
300,0.14114789293855,0,0,0,0,0,0,0,0,0,0,62.4290404265585,62.428810081181,0.429796646769403,11,1.5,1e-4,15,125.42879504744745
330,0.0195735102655569,0,0,0,0,0,0,0,0,0,0,61.4469569327882,61.4468250644692,0.558258979677525,12,1.5,1e-4,15,123.47161448720048
360,0.00302374552909792,0,0,0,0,0,0,0,0,0,0,61.4523672403877,61.4522277945314,0.712737150135882,13,1.5,1e-4,15,123.62035593058408
390,5.2564349568113e-4,0,0,0,0,0,0,0,0,0,0,61.6818124018853,61.6816402292404,0.896575693952079,14,1.5,1e-4,15,124.26055396857346
420,9.7056124591790607e-05,0,0,0,0,0,0,0,0,0,0,61.9837764490968,61.9835626937693,1.11433693209362,15,1.5,1e-4,15,125.08177313108432
450,1.88100967511921e-5,0,0,0,0,0,0,0,0,0,0,62.3402323298757,62.33996989723,1.37184271219058,16,1.5,1e-4,15,126.05206374939303
480,3.84532823375041e-6,0,0,0,0,0,0,0,0,0,0,62.7543337957257,62.7540150969037,1.67586830641453,17,1.5,1e-4,15,127.18422104437217
510,8.29207680009073e-7,0,0,0,0,0,0,0,0,0,0,63.2324111840578,63.2320278538545,2.03409272134479,18,1.5,1e-4,15,128.49853258846477
540,1.88273050826256e-7,0,0,0,0,0,0,0,0,0,0,63.7812606042465,63.7808035003345,2.45504259676974,19,1.5,1e-4,15,130.0171068896238
570,8.71689097426252e-8,0,0,0,0,0,0,0,0,0,0,14.0212867758166,14.0196779385787,2.35808920683617,20,1.5,1e-4,15,30.39905400840038
600,7.69586809790576e-8,0,0,0,0,0,0,0,0,0,0,16.528738997938,16.5256881490231,11.9498952696788,21,1.5,1e-4,15,45.00432249359858
630,1.80177052365163e-7,0,0,0,0,0,0,0,0,0,0,34.6077048274349,34.6010777401641,35.9766572467658,22,1.5,1e-4,15,105.18543999454185
660,2.19296088282179e-7,0,0,0,0,0,0,0,0,0,0,43.1730383894246,43.1652065782713,75.9622137945944,23,1.5,1e-4,15,162.3004589815864
690,2.18524514075884e-7,0,0,0,0,0,0,0,0,0,0,42.7491732091216,42.7420395842112,113.087839120812,24,1.5,1e-4,15,198.57905213266932
720,2.04073921611439e-7,0,0,0,0,0,0,0,0,0,0,39.9776348125059,39.9715813293207,139.355731684079,25,1.5,1e-4,15,219.3049480299795
750,1.82297177167147e-7,0,0,0,0,0,0,0,0,0,0,35.6961195387802,35.6911926016985,159.010726417566,26,1.5,1e-4,15,230.39803874034186
780,1.6240761303363e-7,0,0,0,0,0,0,0,0,0,0,31.8006770262298,31.7966480794926,173.147284438534,27,1.5,1e-4,15,236.74460970666402
810,1.44943223019211e-7,0,0,0,0,0,0,0,0,0,0,28.377814585053,28.3744852181166,183.809593674241,28,1.5,1e-4,15,240.56189362235384
840,1.3017103760126e-7,0,0,0,0,0,0,0,0,0,0,25.4832457419799,25.4804548176153,192.032488064771,29,1.5,1e-4,15,242.99618875453723
870,1.17711699963669e-7,0,0,0,0,0,0,0,0,0,0,23.0418848992046,23.0395125280292,198.54411813732,30,1.5,1e-4,15,244.6255156822655
900,1.07175168509322e-7,0,0,0,0,0,0,0,0,0,0,20.9773699809116,20.9753273334878,203.809179925875,31,1.5,1e-4,15,245.76187734744957
930,9.82051314641787e-8,0,0,0,0,0,0,0,0,0,0,19.2198332697772,19.2180542441382,208.144095355476,32,1.5,1e-4,15,246.58198296759653
960,9.05096669680383e-8,0,0,0,0,0,0,0,0,0,0,17.7120606279813,17.7104954125529,211.768520395018,33,1.5,1e-4,15,247.19107652606186
990,8.38551933648106e-8,0,0,0,0,0,0,0,0,0,0,16.4082723771574,16.4068829001565,214.83942337241,34,1.5,1e-4,15,247.65457873357911
1020,7.80566478507728e-8,0,0,0,0,0,0,0,0,0,0,15.2722006771335,15.2709574156071,217.471546806102,35,1.5,1e-4,15,248.01470497689925
1050,7.29673154449202e-8,0,0,0,0,0,0,0,0,0,0,14.2750940613737,14.2739738019604,219.750521697276,36,1.5,1e-4,15,248.29958963357743
1080,6.84703462090502e-8,0,0,0,0,0,0,0,0,0,0,13.3940544454899,13.3930386974918,221.741423397553,37,1.5,1e-4,15,248.52851660900507
1110,6.44720516816025e-8,0,0,0,0,0,0,0,0,0,0,12.6107230026449,12.6097968594065,223.494512495224,38,1.5,1e-4,15,248.71503242174745
1140,6.08967453924755e-8,0,0,0,0,0,0,0,0,0,0,11.910268848096,11.9094201589796,225.049172742293,39,1.5,1e-4,15,248.86886181026534
1170,5.76828045383938e-8,0,0,0,0,0,0,0,0,0,0,11.2806171331961,11.2798358932609,226.436668618046,40,1.5,1e-4,15,248.9971217021858
1200,5.47796664557723e-8,0,0,0,0,0,0,0,0,0,0,10.7118603888946,10.7111382831229,227.682112228869,41,1.5,1e-4,15,249.10511095566616
1230,5.21455304478024e-8,0,0,0,0,0,0,0,0,0,0,10.1958081284845,10.1951381871608,228.805889930977,42,1.5,1e-4,15,249.19683629876783
1260,4.97455897366147e-8,0,0,0,0,0,0,0,0,0,0,9.72564035592752,9.7250166909888,229.824712947266,43,1.5,1e-4,15,249.2753700439279
1290,4.75506623012508e-8,0,0,0,0,0,0,0,0,0,0,9.29563925283216,9.295056853933,230.752401909054,44,1.5,1e-4,15,249.3430980633698
1320,4.55361230663958e-8,0,0,0,0,0,0,0,0,0,0,8.90097992566536,8.90043450080234,231.60048021819,45,1.5,1e-4,15,249.4018946901938
1350,4.36810650366044e-8,0,0,0,0,0,0,0,0,0,0,8.53756602141942,8.5370538711754,232.378628104164,46,1.5,1e-4,15,249.4532480404399
1380,4.19676354937564e-8,0,0,0,0,0,0,0,0,0,0,8.20189965102893,8.20141756845029,233.095033855152,47,1.5,1e-4,15,249.49835111659885
1410,4.03805069781825e-8,0,0,0,0,0,0,0,0,0,0,7.89097772619979,7.89052291641014,233.756668237546,48,1.5,1e-4,15,249.53816892053644
1440,3.89064527708026e-8,0,0,0,0,0,0,0,0,0,0,7.60220877477571,7.60177878992697,234.369500898314,49,1.5,1e-4,15,249.57348850192312
1470,3.75340039649003e-8,0,0,0,0,0,0,0,0,0,0,7.33334574452847,7.33293843077482,234.938672492805,50,1.5,1e-4,15,249.6049567056423
1500,3.62531706776927e-8,0,0,0,0,0,0,0,0,0,0,7.08243137567535,7.08204482964882,235.468632700202,51,1.5,1e-4,15,249.63310894177934
1530,3.50552140215586e-8,0,0,0,0,0,0,0,0,0,0,6.84775352003101,6.84738605288446,235.963251720169,52,1.5,1e-4,15,249.6583913281397
1560,3.39324585061872e-8,0,0,0,0,0,0,0,0,0,0,6.62780838271742,6.62745849023784,236.425910980724,53,1.5,1e-4,15,249.68117788761174
1590,3.28781368455353e-8,0,0,0,0,0,0,0,0,0,0,6.42127011361571,6.42093645124046,236.859577420929,54,1.5,1e-4,15,249.70178401866332
1620,3.18862608924142e-8,0,0,0,0,0,0,0,0,0,0,6.2269655184867,6.22664688030541,237.26686470015,55,1.5,1e-4,15,249.72047713082836
1650,3.09515137605246e-8,0,0,0,0,0,0,0,0,0,0,6.04385292169746,6.04354822271338,237.650083929321,56,1.5,1e-4,15,249.73748510468334
1680,3.00691592223892e-8,0,0,0,0,0,0,0,0,0,0,5.87100441406665,5.87071267513938,238.011285949352,57,1.5,1e-4,15,249.75300306862718
1710,2.92349652679474e-8,0,0,0,0,0,0,0,0,0,0,5.70759087539197,5.70731121039772,238.352296748279,58,1.5,1e-4,15,249.76719886330366
1740,2.84451393288202e-8,0,0,0,0,0,0,0,0,0,0,5.55286928276365,5.55260088759903,238.674747276491,59,1.5,1e-4,15,249.7802174752988
1770,2.76962731591718e-8,0,0,0,0,0,0,0,0,0,0,5.40617191098995,5.40591405411599,238.980098662949,60,1.5,1e-4,15,249.7921846557512
1800,2.69852957469764e-8,0,0,0,0,0,0,0,0,0,0,5.26689710648706,5.26664912076587,239.269663635942,61,1.5,1e-4,15,249.80320989018023
1830,2.63094329328331e-8,0,0,0,0,0,0,0,0,0,0,5.13450137542603,5.13426265104737,239.544624795962,62,1.5,1e-4,15,249.81338884874484
1860,2.56661726550674e-8,0,0,0,0,0,0,0,0,0,0,5.00849257427078,5.00826255260125,239.806050265403,63,1.5,1e-4,15,249.8228054179412
1890,2.50532349332706e-8,0,0,0,0,0,0,0,0,0,0,4.88842402873954,4.88820219695613,240.054907142535,64,1.5,1e-4,15,249.8315333932839
1920,2.4468545858013e-8,0,0,0,0,0,0,0,0,0,0,4.77388943770981,4.77367532410261,240.292073109625,65,1.5,1e-4,15,249.83963789590595
1950,2.39102149802327e-8,0,0,0,0,0,0,0,0,0,0,4.66451844322968,4.66431161307791,240.518346483004,66,1.5,1e-4,15,249.8471765632218
1980,2.33765155959185e-8,0,0,0,0,0,0,0,0,0,0,4.55997276780784,4.55977281974833,240.734454942884,67,1.5,1e-4,15,249.8542005538167
0,250,0,0,0,0,0,0,0,0,0,0,0,0,0,1,1.5,1e-4,16,250
30,250.000322400697,0,0,0,0,0,0,0,0,0,0,0,0,0,2,1.5,1e-4,16,250.000322400697
60,250.000090984018,0,0,0,0,0,0,0,0,0,0,0,0,0,3,1.5,1e-4,16,250.000090984018
90,250.000018876751,0,0,0,0,0,0,0,0,0,0,0,0,0,4,1.5,1e-4,16,250.000018876751
120,199.717653414073,0,0,0,0,0,0,0,0,0,0,65.5426902941915,65.5426902941915,0.0162067615506131,5,1.5,1e-4,16,330.8192407640066
150,98.8983787980157,0,0,0,0,0,0,0,0,0,0,101.08814384099,101.086766581043,0.0476617580768933,6,1.5,1e-4,16,301.12095097812556
180,43.0348931850778,0,0,0,0,0,0,0,0,0,0,101.367165026315,101.364772588194,0.0931616537062775,7,1.5,1e-4,16,245.85999245329307
210,15.7170568902664,0,0,0,0,0,0,0,0,0,0,89.3776501763401,89.3753745227141,0.154199130545088,8,1.5,1e-4,16,194.62428071986568
240,4.45791170015325,0,0,0,0,0,0,0,0,0,0,75.8261981706392,75.8247574893218,0.230964201904264,9,1.5,1e-4,16,156.3398315620185
270,0.920226229985471,0,0,0,0,0,0,0,0,0,0,66.4855790317023,66.4849466858992,0.322518726178746,10,1.5,1e-4,16,134.21327067376572
300,0.14114789293855,0,0,0,0,0,0,0,0,0,0,62.4290404265585,62.428810081181,0.429796646769403,11,1.5,1e-4,16,125.42879504744745
330,0.0195735102655569,0,0,0,0,0,0,0,0,0,0,61.4469569327882,61.4468250644692,0.558258979677525,12,1.5,1e-4,16,123.47161448720048
360,0.00302374552909792,0,0,0,0,0,0,0,0,0,0,61.4523672403877,61.4522277945314,0.712737150135882,13,1.5,1e-4,16,123.62035593058408
390,5.2564349568113e-4,0,0,0,0,0,0,0,0,0,0,61.6818124018853,61.6816402292404,0.896575693952079,14,1.5,1e-4,16,124.26055396857346
420,9.7056124591790607e-05,0,0,0,0,0,0,0,0,0,0,61.9837764490968,61.9835626937693,1.11433693209362,15,1.5,1e-4,16,125.08177313108432
450,1.88100967511921e-5,0,0,0,0,0,0,0,0,0,0,62.3402323298757,62.33996989723,1.37184271219058,16,1.5,1e-4,16,126.05206374939303
480,3.84532823375041e-6,0,0,0,0,0,0,0,0,0,0,62.7543337957257,62.7540150969037,1.67586830641453,17,1.5,1e-4,16,127.18422104437217
510,8.29207680009073e-7,0,0,0,0,0,0,0,0,0,0,63.2324111840578,63.2320278538545,2.03409272134479,18,1.5,1e-4,16,128.49853258846477
540,1.88273050826256e-7,0,0,0,0,0,0,0,0,0,0,63.7812606042465,63.7808035003345,2.45504259676974,19,1.5,1e-4,16,130.0171068896238
570,4.49519786161777e-8,0,0,0,0,0,0,0,0,0,0,64.4073000984574,64.4067594075596,2.94795374226942,20,1.5,1e-4,16,131.7620132932384
600,2.18230223432511e-8,0,0,0,0,0,0,0,0,0,0,15.5923741365402,15.5905310024112,2.87122445722385,21,1.5,1e-4,16,34.05412961799827
630,1.9593360781791e-8,0,0,0,0,0,0,0,0,0,0,18.3027366194637,18.2993644066319,14.0279668786856,22,1.5,1e-4,16,50.63006792437456
660,4.2665766188475e-8,0,0,0,0,0,0,0,0,0,0,36.0374308442213,36.0305674790023,39.4167469672852,23,1.5,1e-4,16,111.48474533317456
690,5.03843825566657e-8,0,0,0,0,0,0,0,0,0,0,43.4888128923804,43.4809817445987,79.4554965673424,24,1.5,1e-4,16,166.42529125470588
720,4.9685831636581e-8,0,0,0,0,0,0,0,0,0,0,42.6494877257702,42.6424328148369,115.591714113662,25,1.5,1e-4,16,200.88363470395493
750,4.61266206454852e-8,0,0,0,0,0,0,0,0,0,0,39.6414862373067,39.6355344491223,141.214737031004,26,1.5,1e-4,16,220.49175776355963
780,4.11703819052129e-8,0,0,0,0,0,0,0,0,0,0,35.3682319453836,35.3633890260279,160.322380528657,27,1.5,1e-4,16,231.05400154123888
810,3.6673728148994e-8,0,0,0,0,0,0,0,0,0,0,31.504201389605,31.5002386763724,174.122822492867,28,1.5,1e-4,16,237.12726259551812
840,3.27441477863448e-8,0,0,0,0,0,0,0,0,0,0,28.1254195002315,28.1221411174448,184.552357715232,29,1.5,1e-4,16,240.79991836565245
870,2.94228803688179e-8,0,0,0,0,0,0,0,0,0,0,25.2702599002984,25.2675084902508,192.61454157971,30,1.5,1e-4,16,243.15230999968207
900,2.66216508042352e-8,0,0,0,0,0,0,0,0,0,0,22.8621752846894,22.8598339239393,199.010595162917,31,1.5,1e-4,16,244.73260439816735
930,2.42516521486468e-8,0,0,0,0,0,0,0,0,0,0,20.824874737778,20.8228567945008,204.190368464049,32,1.5,1e-4,16,245.83810002057945
960,2.22328036658551e-8,0,0,0,0,0,0,0,0,0,0,19.089470554526,19.087711503246,208.460754113028,33,1.5,1e-4,16,246.6379361930328
990,2.04997081076526e-8,0,0,0,0,0,0,0,0,0,0,17.599730778391798,17.5981819398598,212.035319972417,34,1.5,1e-4,16,247.2332327111683
1020,1.90001072692961e-8,0,0,0,0,0,0,0,0,0,0,16.3107216118403,16.3093457348611,215.066984680229,35,1.5,1e-4,16,247.68705204593053
1050,1.76926062570425e-8,0,0,0,0,0,0,0,0,0,0,15.1868524560392,15.1856206201584,217.667728705078,36,1.5,1e-4,16,248.04020179896818
1080,1.65443794723242e-8,0,0,0,0,0,0,0,0,0,0,14.1999015311815,14.1987909717067,219.921251432034,37,1.5,1e-4,16,248.3199439514666
1110,1.55292705534693e-8,0,0,0,0,0,0,0,0,0,0,13.3273816835342,13.326374248639,221.891247923331,38,1.5,1e-4,16,248.5450038710335
1140,1.46262954157602e-8,0,0,0,0,0,0,0,0,0,0,12.5512529554338,12.5503339979062,223.626973135551,39,1.5,1e-4,16,248.72856010351728
1170,1.38184913888373e-8,0,0,0,0,0,0,0,0,0,0,11.8569329192225,11.8560904896167,225.167065333917,40,1.5,1e-4,16,248.8800887565747
1200,1.30920389997384e-8,0,0,0,0,0,0,0,0,0,0,11.2325415151221,11.2317657663932,226.542227649926,41,1.5,1e-4,16,249.00653494453334
1230,1.24355921098872e-8,0,0,0,0,0,0,0,0,0,0,10.6683250779366,10.6676078203678,227.77714347277,42,1.5,1e-4,16,249.11307638351
1260,1.18397651708977e-8,0,0,0,0,0,0,0,0,0,0,10.1562154777043,10.1555498420438,228.891867494977,43,1.5,1e-4,16,249.20363282656487
1290,1.12967385597017e-8,0,0,0,0,0,0,0,0,0,0,9.68949079633839,9.68887097584468,229.902851327538,44,1.5,1e-4,16,249.28121311101782
1320,1.07999527824272e-8,0,0,0,0,0,0,0,0,0,0,9.26251241858095,9.26193346932027,230.823710191596,45,1.5,1e-4,16,249.34815609029718
1350,1.03438698442823e-8,0,0,0,0,0,0,0,0,0,0,8.87051987384818,8.8699775584989,231.665803350197,46,1.5,1e-4,16,249.40630079288795
1380,9.923785672908711e-9,0,0,0,0,0,0,0,0,0,0,8.50946957365588,8.50896023816904,232.438678672806,47,1.5,1e-4,16,249.4571084945547
1410,9.535681601004781e-9,0,0,0,0,0,0,0,0,0,0,8.17590713116178,8.17542760649249,233.150416811027,48,1.5,1e-4,16,249.50175155821694
1440,9.1761059381676e-9,0,0,0,0,0,0,0,0,0,0,7.86686555002338,7.86641307318108,233.807900314068,49,1.5,1e-4,16,249.54117894644858
1470,8.842078884842581e-9,0,0,0,0,0,0,0,0,0,0,7.57978348131436,7.57935563143678,234.417026001065,50,1.5,1e-4,16,249.57616512265824
1500,8.531015680925e-9,0,0,0,0,0,0,0,0,0,0,7.31243915715678,7.31203380336901,234.982873996518,51,1.5,1e-4,16,249.6073469655748
1530,8.240664096944181e-9,0,0,0,0,0,0,0,0,0,0,7.06289665477968,7.06251191337319,235.509843350915,52,1.5,1e-4,16,249.63525192730853
1560,7.9690532818549e-9,0,0,0,0,0,0,0,0,0,0,6.82946192379903,6.82909612283747,236.001761666725,53,1.5,1e-4,16,249.66031972133055
1590,7.71445166118226e-9,0,0,0,0,0,0,0,0,0,0,6.61064659394272,6.61029824382913,236.461974333242,54,1.5,1e-4,16,249.68291917872833
1620,7.47533209246397e-9,0,0,0,0,0,0,0,0,0,0,6.40513802168495,6.40480579054626,236.893417640555,55,1.5,1e-4,16,249.70336146026153
1650,7.2503428749300305e-9,0,0,0,0,0,0,0,0,0,0,6.21177436956108,6.21145706255054,237.29867905488,56,1.5,1e-4,16,249.72191049424197
1680,7.0382835086547e-9,0,0,0,0,0,0,0,0,0,0,6.02952376839443,6.02922031020004,237.680047198552,57,1.5,1e-4,16,249.73879128418474
1710,6.838084328026041e-9,0,0,0,0,0,0,0,0,0,0,5.85746681007179,5.85717623006293,238.039553520223,58,1.5,1e-4,16,249.7541965671958
1740,6.64878931222264e-9,0,0,0,0,0,0,0,0,0,0,5.69478177140273,5.69450319095979,238.379007216701,59,1.5,1e-4,16,249.7682921857123
1770,6.469541513971451e-9,0,0,0,0,0,0,0,0,0,0,5.54073208874062,5.54046471040013,238.700024642504,60,1.5,1e-4,16,249.78122144811428
1800,6.299570656486571e-9,0,0,0,0,0,0,0,0,0,0,5.39465569643022,5.39439879454733,239.004054192056,61,1.5,1e-4,16,249.79310868933314
1830,6.138182534116941e-9,0,0,0,0,0,0,0,0,0,0,5.25595591576036,5.25570882844535,239.292397444001,62,1.5,1e-4,16,249.8040621943449
1860,5.984749920099441e-9,0,0,0,0,0,0,0,0,0,0,5.12409363944684,5.12385576157611,239.566227204193,63,1.5,1e-4,16,249.8141766112007
1890,5.83870473889235e-9,0,0,0,0,0,0,0,0,0,0,4.99858060316014,4.9983513802971,239.82660296335,64,1.5,1e-4,16,249.82353495264596
1920,5.699531303872591e-9,0,0,0,0,0,0,0,0,0,0,4.87897357284401,4.87875249593379,240.074484189878,65,1.5,1e-4,16,249.83221026435533
1950,5.56676045603458e-9,0,0,0,0,0,0,0,0,0,0,4.76486930653415,4.76465590725868,240.310741802213,66,1.5,1e-4,16,249.84026702157257
1980,5.43996446751139e-9,0,0,0,0,0,0,0,0,0,0,4.65590017361362,4.65569402031257,240.536168104039,67,1.5,1e-4,16,249.84776230340515
0,250,0,0,0,0,0,0,0,0,0,0,0,0,0,1,1.5,1e-4,6,250
30,250.000322400697,0,0,0,0,0,0,0,0,0,0,0,0,0,2,1.5,1e-4,6,250.000322400697
60,250.000090984018,0,0,0,0,0,0,0,0,0,0,0,0,0,3,1.5,1e-4,6,250.000090984018
90,250.000018876751,0,0,0,0,0,0,0,0,0,0,0,0,0,4,1.5,1e-4,6,250.000018876751
120,199.717653414073,0,0,0,0,0,0,0,0,0,0,65.5426902941915,65.5426902941915,0.0162067615506131,5,1.5,1e-4,6,330.8192407640066
150,98.8983787980157,0,0,0,0,0,0,0,0,0,0,101.08814384099,101.086766581043,0.0476617580768933,6,1.5,1e-4,6,301.12095097812556
180,43.0348931850778,0,0,0,0,0,0,0,0,0,0,101.367165026315,101.364772588194,0.0931616537062775,7,1.5,1e-4,6,245.85999245329307
210,15.7170568902664,0,0,0,0,0,0,0,0,0,0,89.3776501763401,89.3753745227141,0.154199130545088,8,1.5,1e-4,6,194.62428071986568
240,4.45791170015325,0,0,0,0,0,0,0,0,0,0,75.8261981706392,75.8247574893218,0.230964201904264,9,1.5,1e-4,6,156.3398315620185
270,0.920226229985471,0,0,0,0,0,0,0,0,0,0,66.4855790317023,66.4849466858992,0.322518726178746,10,1.5,1e-4,6,134.21327067376572
300,0.227347125943772,0,0,0,0,0,0,0,0,0,0,7.74842375716866,7.74787671869553,0.317708828694669,11,1.5,1e-4,6,16.04135643050263
330,0.136190964271439,0,0,0,0,0,0,0,0,0,0,6.02884121463975,6.02778754671227,1.296970098596,12,1.5,1e-4,6,13.489789824219459
360,0.423979599855084,0,0,0,0,0,0,0,0,0,0,16.4421153819003,16.4389083143808,7.75630606469462,13,1.5,1e-4,6,41.061309360830805
390,0.810712178887318,0,0,0,0,0,0,0,0,0,0,32.7305508308443,32.724286435282004,35.2636690119764,14,1.5,1e-4,6,101.52921845699002
420,1.04752483048415,0,0,0,0,0,0,0,0,0,0,41.5087797180213,41.5012801076728,76.8333845881318,15,1.5,1e-4,6,160.89096924431004
450,1.08858500044866,0,0,0,0,0,0,0,0,0,0,43.1349303267339,43.1278001935538,111.915593007325,16,1.5,1e-4,6,199.26690852806138
480,1.00269355190424,0,0,0,0,0,0,0,0,0,0,39.5947150477,39.5887602607139,139.372635772593,17,1.5,1e-4,6,219.55880463291112
510,0.901675076517911,0,0,0,0,0,0,0,0,0,0,35.5357294370428,35.5308592739313,158.653366211832,18,1.5,1e-4,6,230.621629999324
540,0.803564639618052,0,0,0,0,0,0,0,0,0,0,31.6125126023452,31.6085328269776,172.853807339553,19,1.5,1e-4,6,236.87841740849385
570,0.718270972923055,0,0,0,0,0,0,0,0,0,0,28.2155347876007,28.2122440309037,183.505485918797,20,1.5,1e-4,6,240.65153571022446
600,0.645772044595627,0,0,0,0,0,0,0,0,0,0,25.3353124664384,25.3325529994352,191.744771343417,21,1.5,1e-4,6,243.05840885388622
630,0.58455446377386,0,0,0,0,0,0,0,0,0,0,22.9080295755687,22.9056831245542,198.272729223936,22,1.5,1e-4,6,244.6709963878328
660,0.532702406842511,0,0,0,0,0,0,0,0,0,0,20.855284347412,20.8532634026315,203.555200327798,23,1.5,1e-4,6,245.79645048468402
690,0.488505183187498,0,0,0,0,0,0,0,0,0,0,19.1078494452167,19.1060888372699,207.906676069891,24,1.5,1e-4,6,246.6091195355651
720,0.450546698627723,0,0,0,0,0,0,0,0,0,0,17.6087365363939,17.6071871415112,211.546458174043,25,1.5,1e-4,6,247.21292855057584
750,0.417691753283519,0,0,0,0,0,0,0,0,0,0,16.3124301683807,16.3110544263047,214.631370155814,26,1.5,1e-4,6,247.67254650378294
780,0.389038566678401,0,0,0,0,0,0,0,0,0,0,15.1828692361077,15.1816380111134,217.276190482437,27,1.5,1e-4,6,248.0297362963365
810,0.363870890135984,0,0,0,0,0,0,0,0,0,0,14.1914703485068,14.1903607249108,219.566646182258,28,1.5,1e-4,6,248.3123481458116
840,0.341617357580662,0,0,0,0,0,0,0,0,0,0,13.3154695411032,13.3144632604583,221.56793034291,29,1.5,1e-4,6,248.53948050205216
870,0.321819237719313,0,0,0,0,0,0,0,0,0,0,12.5366154925378,12.5356978318694,223.330422246466,30,1.5,1e-4,6,248.7245548085925
900,0.304105509358333,0,0,0,0,0,0,0,0,0,0,11.8401638984827,11.8393228542418,224.893616760544,31,1.5,1e-4,6,248.87720902262683
930,0.288173782524059,0,0,0,0,0,0,0,0,0,0,11.2141101300131,11.2133358163917,226.288878629174,32,1.5,1e-4,6,249.00449835810286
960,0.27377571460115,0,0,0,0,0,0,0,0,0,0,10.6486040974097,10.647888296888,227.541408719925,33,1.5,1e-4,6,249.11167682882385
990,0.260705830508703,0,0,0,0,0,0,0,0,0,0,10.135502560933,10.1348383843486,228.671671174372,34,1.5,1e-4,6,249.2027179501623
1020,0.248792908181913,0,0,0,0,0,0,0,0,0,0,9.66802472106083,9.66740634748506,229.696445039944,35,1.5,1e-4,6,249.2806690166718
1050,0.237893298528897,0,0,0,0,0,0,0,0,0,0,9.24048551258485,9.23990798807179,230.62960996889,36,1.5,1e-4,6,249.34789676807554
1080,0.227885709505282,0,0,0,0,0,0,0,0,0,0,8.84808759953159,8.84754667980819,231.482740716382,37,1.5,1e-4,6,249.40626070522708
1110,0.218667104243012,0,0,0,0,0,0,0,0,0,0,8.48675796602412,8.48624999234164,232.265562240578,38,1.5,1e-4,6,249.45723730318676
1140,0.210149452178255,0,0,0,0,0,0,0,0,0,0,8.15301860733407,8.15254040760789,232.986301858215,39,1.5,1e-4,6,249.50201032533522
1170,0.202257137684291,0,0,0,0,0,0,0,0,0,0,7.84388347533524,7.84343228475973,233.65196446775,40,1.5,1e-4,6,249.54153736552925
1200,0.194924879013222,0,0,0,0,0,0,0,0,0,0,7.55677577987673,7.55634917667692,234.268549642276,41,1.5,1e-4,6,249.57659947784288
1230,0.188096046034369,0,0,0,0,0,0,0,0,0,0,7.28946118337327,7.28905703642407,234.841224346999,42,1.5,1e-4,6,249.60783861283073
1260,0.181721291741052,0,0,0,0,0,0,0,0,0,0,7.03999348968313,7.03960991550903,235.374461456534,43,1.5,1e-4,6,249.6357861534672
1290,0.17575743226083201,0,0,0,0,0,0,0,0,0,0,6.80667022101626,6.80630554826288,235.872151678087,44,1.5,1e-4,6,249.66088487962696
1320,0.170166524941707,0,0,0,0,0,0,0,0,0,0,6.58799607095003,6.58764881085025,236.337694621893,45,1.5,1e-4,6,249.68350602863498
1350,0.164915105295802,0,0,0,0,0,0,0,0,0,0,6.38265267012878,6.3823214918112,236.774073392381,46,1.5,1e-4,6,249.7039626596168
1380,0.159973552104563,0,0,0,0,0,0,0,0,0,0,6.18947344187972,6.18915715161394,237.183916060285,47,1.5,1e-4,6,249.7225202058832
1410,0.155315556510533,0,0,0,0,0,0,0,0,0,0,6.00742258540303,6.00712010906494,237.569546618333,48,1.5,1e-4,6,249.7394048693115
1440,0.150917675941984,0,0,0,0,0,0,0,0,0,0,5.83557742455632,5.83528779274247,237.93302745172,49,1.5,1e-4,6,249.75481034496076
1470,0.146758957606879,0,0,0,0,0,0,0,0,0,0,5.67311351537029,5.6728358507034,238.276194920005,50,1.5,1e-4,6,249.76890324368557
1500,0.142820619324694,0,0,0,0,0,0,0,0,0,0,5.51929202624971,5.5190255325059,238.600689314025,51,1.5,1e-4,6,249.78182749210532
1530,0.13908577784174,0,0,0,0,0,0,0,0,0,0,5.3734489994716,5.37319295222972,238.90798019429,52,1.5,1e-4,6,249.79370792383304
1560,0.135539216649649,0,0,0,0,0,0,0,0,0,0,5.23498617717639,5.2347399157451,239.19938791737,53,1.5,1e-4,6,249.80465322694113
1590,0.132167186812309,0,0,0,0,0,0,0,0,0,0,5.10336313413988,5.10312605456186,239.476102000328,54,1.5,1e-4,6,249.81475837584208
1620,0.128957235490374,0,0,0,0,0,0,0,0,0,0,4.97809050667756,4.97786205564587,239.739196849998,55,1.5,1e-4,6,249.8241066478118
1650,0.125898057800629,0,0,0,0,0,0,0,0,0,0,4.85872414471117,4.8585038142609704,239.989645286301,56,1.5,1e-4,6,249.83277130307377
1680,0.122979368410672,0,0,0,0,0,0,0,0,0,0,4.74486004433785,4.74464736719975,240.228330210937,57,1.5,1e-4,6,249.8408169908853
1710,0.120191789886422,0,0,0,0,0,0,0,0,0,0,4.63612994274273,4.63592448826296,240.45605471051,58,1.5,1e-4,6,249.8483009314021
1740,0.117526755311306,0,0,0,0,0,0,0,0,0,0,4.53219747718953,4.5319988477371,240.673550832909,59,1.5,1e-4,6,249.85527391314693
1770,0.114976423104894,0,0,0,0,0,0,0,0,0,0,4.43275482604801,4.43256265384202,240.881487235165,60,1.5,1e-4,6,249.86178113815993
1800,0.112533602303882,0,0,0,0,0,0,0,0,0,0,4.33751976310512,4.3373337074055,241.080475867948,61,1.5,1e-4,6,249.8678629407625
1830,0.11019168684391,0,0,0,0,0,0,0,0,0,0,4.24623306733314,4.24605281194673,241.271077834909,62,1.5,1e-4,6,249.87355540103277
1860,0.107944597608371,0,0,0,0,0,0,0,0,0,0,4.15865623930929,4.15848149037048,241.453808542928,63,1.5,1e-4,6,249.87889087021614
1890,0.105786731199038,0,0,0,0,0,0,0,0,0,0,4.07456948295636,4.07439996694734,241.629142241071,64,1.5,1e-4,6,249.88389842217376
1920,0.103712914540312,0,0,0,0,0,0,0,0,0,0,3.99376991749132,3.99360537947203,241.797516031016,65,1.5,1e-4,6,249.88860424251965
1950,0.101718364559989,0,0,0,0,0,0,0,0,0,0,3.9160699896577,3.91591019167986,241.959333419156,66,1.5,1e-4,6,249.89303196505355
1980,0.0997986522991966,0,0,0,0,0,0,0,0,0,0,3.84129606066339,3.84114078034642,242.114967470162,67,1.5,1e-4,6,249.897202963471
0,250,0,0,0,0,0,0,0,0,0,0,0,0,0,1,1.5,1e-4,7,250
30,250.000322400697,0,0,0,0,0,0,0,0,0,0,0,0,0,2,1.5,1e-4,7,250.000322400697
60,250.000090984018,0,0,0,0,0,0,0,0,0,0,0,0,0,3,1.5,1e-4,7,250.000090984018
90,250.000018876751,0,0,0,0,0,0,0,0,0,0,0,0,0,4,1.5,1e-4,7,250.000018876751
120,199.717653414073,0,0,0,0,0,0,0,0,0,0,65.5426902941915,65.5426902941915,0.0162067615506131,5,1.5,1e-4,7,330.8192407640066
150,98.8983787980157,0,0,0,0,0,0,0,0,0,0,101.08814384099,101.086766581043,0.0476617580768933,6,1.5,1e-4,7,301.12095097812556
180,43.0348931850778,0,0,0,0,0,0,0,0,0,0,101.367165026315,101.364772588194,0.0931616537062775,7,1.5,1e-4,7,245.85999245329307
210,15.7170568902664,0,0,0,0,0,0,0,0,0,0,89.3776501763401,89.3753745227141,0.154199130545088,8,1.5,1e-4,7,194.62428071986568
240,4.45791170015325,0,0,0,0,0,0,0,0,0,0,75.8261981706392,75.8247574893218,0.230964201904264,9,1.5,1e-4,7,156.3398315620185
270,0.920226229985471,0,0,0,0,0,0,0,0,0,0,66.4855790317023,66.4849466858992,0.322518726178746,10,1.5,1e-4,7,134.21327067376572
300,0.14114789293855,0,0,0,0,0,0,0,0,0,0,62.4290404265585,62.428810081181,0.429796646769403,11,1.5,1e-4,7,125.42879504744745
330,0.0330170362533383,0,0,0,0,0,0,0,0,0,0,6.24566839244205,6.24526867630861,0.390934744035521,12,1.5,1e-4,7,12.914888849039519
360,0.0213662819920788,0,0,0,0,0,0,0,0,0,0,5.31338517802164,5.31243083329699,1.70629859378733,13,1.5,1e-4,7,12.353480887098039
390,0.0862147422520065,0,0,0,0,0,0,0,0,0,0,18.6256392871528,18.6219786208617,10.6144426388718,14,1.5,1e-4,7,47.94827528913831
420,0.156385063995792,0,0,0,0,0,0,0,0,0,0,35.5551736083547,35.5483873231515,43.3692936330984,15,1.5,1e-4,7,114.6292396286004
450,0.186987095724564,0,0,0,0,0,0,0,0,0,0,41.7817545271385,41.7742872392447,87.1003198862588,16,1.5,1e-4,7,170.84334874836657
480,0.189893824874241,0,0,0,0,0,0,0,0,0,0,42.5783530647826,42.571433459466,119.935769113375,17,1.5,1e-4,7,205.27544946249785
510,0.172449148858905,0,0,0,0,0,0,0,0,0,0,38.6110837216223,38.6053780184116,145.490148732766,18,1.5,1e-4,7,222.8790596216588
540,0.154459094428991,0,0,0,0,0,0,0,0,0,0,34.5747816608612,34.5701207754495,163.202277052227,19,1.5,1e-4,7,232.5016385829667
570,0.137511745111,0,0,0,0,0,0,0,0,0,0,30.7683896003575,30.7645725973324,176.32406754549,20,1.5,1e-4,7,237.9945414882909
600,0.122968979757916,0,0,0,0,0,0,0,0,0,0,27.5055715338817,27.5024045955079,186.219132670448,21,1.5,1e-4,7,241.35007777959552
630,0.110659821537612,0,0,0,0,0,0,0,0,0,0,24.7449169360388,24.7422518597688,193.919326708309,22,1.5,1e-4,7,243.51715532565422
660,0.100277470663344,0,0,0,0,0,0,0,0,0,0,22.4172624930558,22.4149887458569,200.052467203804,23,1.5,1e-4,7,244.98499591338006
690,0.0914800331232819,0,0,0,0,0,0,0,0,0,0,20.4454904669357,20.4435262596412,205.038506668086,24,1.5,1e-4,7,246.01900342778617
720,0.083973663772778,0,0,0,0,0,0,0,0,0,0,18.7634878905647,18.7617721583852,209.162325554582,25,1.5,1e-4,7,246.77155926730467
750,0.0775186047029311,0,0,0,0,0,0,0,0,0,0,17.3173545793283,17.3158411359856,212.623765546418,26,1.5,1e-4,7,247.33447986643483
780,0.0719238742477783,0,0,0,0,0,0,0,0,0,0,16.0641849942997,16.0628383975118,215.56651026509,27,1.5,1e-4,7,247.76545753114928
810,0.0670381375694295,0,0,0,0,0,0,0,0,0,0,14.9699965162694,14.9687891753886,218.09624699351,28,1.5,1e-4,7,248.10207082273743
840,0.0627412694794764,0,0,0,0,0,0,0,0,0,0,14.0078247875685,14.0067349289818,220.292268491287,29,1.5,1e-4,7,248.36956947731676
870,0.0589374079488016,0,0,0,0,0,0,0,0,0,0,13.156158270293,13.1551684910816,222.215120136169,30,1.5,1e-4,7,248.5853843054924
900,0.0555495195543846,0,0,0,0,0,0,0,0,0,0,12.3977149667929,12.396811193216701,223.911761607056,31,1.5,1e-4,7,248.76183728662
930,0.052515227111286,0,0,0,0,0,0,0,0,0,0,11.7185039624571,11.7176746897443,225.419129594262,32,1.5,1e-4,7,248.90782347357467
960,0.0497836261130941,0,0,0,0,0,0,0,0,0,0,11.1071097784027,11.1063455083743,226.766646065688,33,1.5,1e-4,7,249.0298849785781
990,0.0473128543991213,0,0,0,0,0,0,0,0,0,0,10.5541462848809,10.5534391045197,227.97801615425,34,1.5,1e-4,7,249.13291439804973
1020,0.0450682295067827,0,0,0,0,0,0,0,0,0,0,10.0518383197746,10.0511815815201,229.072537993466,35,1.5,1e-4,7,249.22062612426748
1050,0.0430208128330096,0,0,0,0,0,0,0,0,0,0,9.59369927065858,9.5930873470611,230.066071236364,36,1.5,1e-4,7,249.29587866691668
1080,0.0411462953478526,0,0,0,0,0,0,0,0,0,0,9.17428092440438,9.17370901779713,230.97176296826,37,1.5,1e-4,7,249.36089920580937
1110,0.0394241266545517,0,0,0,0,0,0,0,0,0,0,8.78897798919982,8.78844198255372,231.800598590676,38,1.5,1e-4,7,249.41744268908408
1140,0.0378368292925038,0,0,0,0,0,0,0,0,0,0,8.43387422292317,8.43337056186471,232.561824689761,39,1.5,1e-4,7,249.4669063038414
1170,0.0363694549818122,0,0,0,0,0,0,0,0,0,0,8.10562043432065,8.1051460329758,233.263277084766,40,1.5,1e-4,7,249.51041300704426
1200,0.0350091503823101,0,0,0,0,0,0,0,0,0,0,7.8013370702123,7.80088923544289,233.911637818845,41,1.5,1e-4,7,249.5488732748825
1230,0.0337448079404904,0,0,0,0,0,0,0,0,0,0,7.51853590130663,7.51811227127502,234.512638319386,42,1.5,1e-4,7,249.58303129990816
1260,0.0325667833061071,0,0,0,0,0,0,0,0,0,0,7.25505664751991,7.25465514151102,235.07122136543,43,1.5,1e-4,7,249.61349993776705
1290,0.0314666651856539,0,0,0,0,0,0,0,0,0,0,7.00901536931763,7.00863414647715,235.591671235435,44,1.5,1e-4,7,249.64078741641544
1320,0.0304370867740072,0,0,0,0,0,0,0,0,0,0,6.77876218724508,6.77839961243315,236.077719059186,45,1.5,1e-4,7,249.66531794563824
1350,0.029471570365221,0,0,0,0,0,0,0,0,0,0,6.56284644434674,6.56250105971036,236.532628687887,46,1.5,1e-4,7,249.68744776230935
1380,0.0285643986032451,0,0,0,0,0,0,0,0,0,0,6.35998784386114,6.3596583450341,236.959267139254,47,1.5,1e-4,7,249.70747772675247
1410,0.0277105072486972,0,0,0,0,0,0,0,0,0,0,6.16905241238953,6.1687376284602,237.360162740954,48,1.5,1e-4,7,249.72566328905242
1440,0.0269053954218776,0,0,0,0,0,0,0,0,0,0,5.98903238211827,5.98873125868415,237.737553396197,49,1.5,1e-4,7,249.7422224324213
1470,0.0261450501178144,0,0,0,0,0,0,0,0,0,0,5.81902927324423,5.81874085800936,238.093426866663,50,1.5,1e-4,7,249.75734204803442
1500,0.0254258824371843,0,0,0,0,0,0,0,0,0,0,5.65823960320457,5.6579630336832,238.429554565021,51,1.5,1e-4,7,249.77118308434595
1530,0.0247446734825943,0,0,0,0,0,0,0,0,0,0,5.50594276278539,5.50567725575885,238.747520040035,52,1.5,1e-4,7,249.78388473206184
1560,0.0240985282665334,0,0,0,0,0,0,0,0,0,0,5.36149068822483,5.3612355306654,239.048743097927,53,1.5,1e-4,7,249.79556784508375
1590,0.0234848362904746,0,0,0,0,0,0,0,0,0,0,5.22429902869197,5.22405356991916,239.334500317391,54,1.5,1e-4,7,249.8063377522926
1620,0.0229012377031205,0,0,0,0,0,0,0,0,0,0,5.09383956427204,5.09360320914939,239.605942569531,55,1.5,1e-4,7,249.81628658065557
1650,0.0223455941440062,0,0,0,0,0,0,0,0,0,0,4.96963367405482,4.96940587706852,239.864110038823,56,1.5,1e-4,7,249.82549518409033
1680,0.0218159635375969,0,0,0,0,0,0,0,0,0,0,4.85124668956767,4.85102694965552,240.109945149717,57,1.5,1e-4,7,249.83403475247778
1710,0.0213105782310357,0,0,0,0,0,0,0,0,0,0,4.73828299750786,4.73807085352924,240.344303730629,58,1.5,1e-4,7,249.84196815989714
1740,0.020827825972323,0,0,0,0,0,0,0,0,0,0,4.63038177896657,4.63017680572195,240.567964688459,59,1.5,1e-4,7,249.84935109911984
1770,0.0203662333099486,0,0,0,0,0,0,0,0,0,0,4.52721329122861,4.52701509595165,240.781638419647,60,1.5,1e-4,7,249.85623304013723
1800,0.0199244510637921,0,0,0,0,0,0,0,0,0,0,4.4284756136563,4.42828383291405,240.98597414551799,61,1.5,1e-4,7,249.86265804315212
1830,0.0195012415735132,0,0,0,0,0,0,0,0,0,0,4.33389179181341,4.33370608875971,241.181566328534,62,1.5,1e-4,7,249.86866545068062
1860,0.0190954674770891,0,0,0,0,0,0,0,0,0,0,4.243207324396,4.24302738633175,241.368960300616,63,1.5,1e-4,7,249.87429047882085
1890,0.0187060818105407,0,0,0,0,0,0,0,0,0,0,4.15618794614134,4.15601348234193,241.548657213804,64,1.5,1e-4,7,249.8795647240978
1920,0.0183321192517218,0,0,0,0,0,0,0,0,0,0,4.07261766702287,4.07244840679908,241.72111840628,65,1.5,1e-4,7,249.88451659935367
1950,0.0179726883575561,0,0,0,0,0,0,0,0,0,0,3.99229703398131,3.99213272494467,241.886769262492,66,1.5,1e-4,7,249.88917170977555
1980,0.0176269646662534,0,0,0,0,0,0,0,0,0,0,3.91504158640542,3.91488199291305,242.04600263427,67,1.5,1e-4,7,249.8935531782547
0,250,0,0,0,0,0,0,0,0,0,0,0,0,0,1,1.5,1e-4,8,250
30,250.000322400697,0,0,0,0,0,0,0,0,0,0,0,0,0,2,1.5,1e-4,8,250.000322400697
60,250.000090984018,0,0,0,0,0,0,0,0,0,0,0,0,0,3,1.5,1e-4,8,250.000090984018
90,250.000018876751,0,0,0,0,0,0,0,0,0,0,0,0,0,4,1.5,1e-4,8,250.000018876751
120,199.717653414073,0,0,0,0,0,0,0,0,0,0,65.5426902941915,65.5426902941915,0.0162067615506131,5,1.5,1e-4,8,330.8192407640066
150,98.8983787980157,0,0,0,0,0,0,0,0,0,0,101.08814384099,101.086766581043,0.0476617580768933,6,1.5,1e-4,8,301.12095097812556
180,43.0348931850778,0,0,0,0,0,0,0,0,0,0,101.367165026315,101.364772588194,0.0931616537062775,7,1.5,1e-4,8,245.85999245329307
210,15.7170568902664,0,0,0,0,0,0,0,0,0,0,89.3776501763401,89.3753745227141,0.154199130545088,8,1.5,1e-4,8,194.62428071986568
240,4.45791170015325,0,0,0,0,0,0,0,0,0,0,75.8261981706392,75.8247574893218,0.230964201904264,9,1.5,1e-4,8,156.3398315620185
270,0.920226229985471,0,0,0,0,0,0,0,0,0,0,66.4855790317023,66.4849466858992,0.322518726178746,10,1.5,1e-4,8,134.21327067376572
300,0.14114789293855,0,0,0,0,0,0,0,0,0,0,62.4290404265585,62.428810081181,0.429796646769403,11,1.5,1e-4,8,125.42879504744745
330,0.0195735102655569,0,0,0,0,0,0,0,0,0,0,61.4469569327882,61.4468250644692,0.558258979677525,12,1.5,1e-4,8,123.47161448720048
360,0.0054672488217231,0,0,0,0,0,0,0,0,0,0,6.53978084471976,6.53931859813,0.501794949200726,13,1.5,1e-4,8,13.58636164087221
390,0.00376233655411807,0,0,0,0,0,0,0,0,0,0,6.11896322956072,6.11784993155281,2.39326445327749,14,1.5,1e-4,8,14.633839950945138
420,0.015169276360602,0,0,0,0,0,0,0,0,0,0,21.1371252728009,21.132971273175,13.5365107670436,15,1.5,1e-4,8,55.8217765893801
450,0.0254785623424606,0,0,0,0,0,0,0,0,0,0,37.4766451849504,37.4695325775451,48.5756457392137,16,1.5,1e-4,8,123.54730206405166
480,0.0291201806007524,0,0,0,0,0,0,0,0,0,0,42.1099664212892,42.1025096191375,92.117623094957,17,1.5,1e-4,8,176.35921931598446
510,0.0290839744561697,0,0,0,0,0,0,0,0,0,0,42.2262510676251,42.2194622540592,123.678424892547,18,1.5,1e-4,8,208.15322218868747
540,0.0262842599029566,0,0,0,0,0,0,0,0,0,0,38.1199062083354,38.114333066694,148.145826578812,19,1.5,1e-4,8,224.40635011374437
570,0.0235049478290657,0,0,0,0,0,0,0,0,0,0,34.0907100056688,34.0861593486544,165.150293423553,20,1.5,1e-4,8,233.35066772570525
600,0.0209272112958327,0,0,0,0,0,0,0,0,0,0,30.3465872560507,30.3428556138946,177.789212082025,21,1.5,1e-4,8,238.49958216326613
630,0.0187243256480282,0,0,0,0,0,0,0,0,0,0,27.1487988649494,27.1456973984647,187.355584815031,22,1.5,1e-4,8,241.66880540409312
660,0.0168621688182694,0,0,0,0,0,0,0,0,0,0,24.445685773813,24.4430712289079,194.823132293976,23,1.5,1e-4,8,243.72875146551516
690,0.0152913835562146,0,0,0,0,0,0,0,0,0,0,22.1657586811583,22.1635244384143,200.786898829043,24,1.5,1e-4,8,245.13147333217182
720,0.0139595959853384,0,0,0,0,0,0,0,0,0,0,20.2328491034241,20.230916227944,205.646258202801,25,1.5,1e-4,8,246.12398313015444
750,0.0128223447592924,0,0,0,0,0,0,0,0,0,0,18.5823755645745,18.5806850383997,209.673131619867,26,1.5,1e-4,8,246.8490145676005
780,0.0118435312219707,0,0,0,0,0,0,0,0,0,0,17.1619071194794,17.1604142264481,213.058884121293,27,1.5,1e-4,8,247.39304899844248
810,0.0109944513881451,0,0,0,0,0,0,0,0,0,0,15.929760919842,15.9284312840688,215.941499858694,28,1.5,1e-4,8,247.81068651399292
840,0.0102523690849114,0,0,0,0,0,0,0,0,0,0,14.8529238713466,14.8517306857933,218.422731479437,29,1.5,1e-4,8,248.13763840566182
870,0.00959923207493857,0,0,0,0,0,0,0,0,0,0,13.9051863395522,13.9041084144411,220.579091947839,30,1.5,1e-4,8,248.39798593390725
900,0.00902062565225982,0,0,0,0,0,0,0,0,0,0,13.0656214331887,13.0646418066071,222.46912171641,31,1.5,1e-4,8,248.60840558185805
930,0.00850495751364393,0,0,0,0,0,0,0,0,0,0,12.3174007599388,12.3165056956794,224.138307423011,32,1.5,1e-4,8,248.78071883614285
960,0.0080428330874392,0,0,0,0,0,0,0,0,0,0,11.6468870435866,11.646065298441,225.622485342858,33,1.5,1e-4,8,248.92348051797305
990,0.00762657919169909,0,0,0,0,0,0,0,0,0,0,11.0429422951915,11.0421845760362,226.950242943655,34,1.5,1e-4,8,249.0429963940744
1020,0.00724988037813548,0,0,0,0,0,0,0,0,0,0,10.496399701897,10.4956982582115,228.144643824185,35,1.5,1e-4,8,249.14399166467163
1050,0.0069075001079773,0,0,0,0,0,0,0,0,0,0,9.99965874520348,9.99900705949275,229.224486763804,36,1.5,1e-4,8,249.23006006860822
1080,0.00659506568874807,0,0,0,0,0,0,0,0,0,0,9.5463729286935,9.54576547858448,230.205238291012,37,1.5,1e-4,8,249.30397176397872
1110,0.00630890125573124,0,0,0,0,0,0,0,0,0,0,9.13120728124704,9.13063935469563,231.099732756338,38,1.5,1e-4,8,249.3678882935364
1140,0.00604589712896526,0,0,0,0,0,0,0,0,0,0,8.74964868426245,8.74911623456979,231.918704380915,39,1.5,1e-4,8,249.4235151968762
1170,0.00580340687689199,0,0,0,0,0,0,0,0,0,0,8.39785643130522,8.39735596229802,232.671196216468,40,1.5,1e-4,8,249.47221201694813
1200,0.00557916562459536,0,0,0,0,0,0,0,0,0,0,8.0725436348981,8.07207210919919,233.364877799793,41,1.5,1e-4,8,249.51507270951487
1230,0.00537122476514252,0,0,0,0,0,0,0,0,0,0,7.77088244939059,7.77043721453513,234.006294289303,42,1.5,1e-4,8,249.5529851779939
1260,0.00517789942491087,0,0,0,0,0,0,0,0,0,0,7.4904278108237,7.4900065392924,234.601063628663,43,1.5,1e-4,8,249.58667587820403
1290,0.00499772591461727,0,0,0,0,0,0,0,0,0,0,7.22905567404472,7.22865631424298,235.154033891586,44,1.5,1e-4,8,249.61674360578832
1320,0.00482942705187114,0,0,0,0,0,0,0,0,0,0,6.98491267729001,6.98453341320471,235.669409834059,45,1.5,1e-4,8,249.6436853516056
1350,0.00467188372969801,0,0,0,0,0,0,0,0,0,0,6.75637487404189,6.7560140918296,236.150855425987,46,1.5,1e-4,8,249.6679162755882
1380,0.00452411147279754,0,0,0,0,0,0,0,0,0,0,6.54201370536006,6.54166996551107,236.601577491698,47,1.5,1e-4,8,249.68978527404192
1410,0.00438524100121818,0,0,0,0,0,0,0,0,0,0,6.34056778944123,6.3402398034587,237.024394379304,48,1.5,1e-4,8,249.70958721320514
1440,0.00425450203277693,0,0,0,0,0,0,0,0,0,0,6.15091941247029,6.15060602322909,237.421792680003,49,1.5,1e-4,8,249.72757261773515
1470,0.00413120971777182,0,0,0,0,0,0,0,0,0,0,5.97207484035917,5.97177500548093,237.795974344037,50,1.5,1e-4,8,249.74395539959488
1500,0.0040147532246572,0,0,0,0,0,0,0,0,0,0,5.80314775263178,5.80286053034681,238.148896029773,51,1.5,1e-4,8,249.75891906597624
1530,0.00390458609245783,0,0,0,0,0,0,0,0,0,0,5.64334524069678,5.6430697777667,238.48230213325,52,1.5,1e-4,8,249.77262173780593
1560,0.0038002180415135,0,0,0,0,0,0,0,0,0,0,5.49195592281699,5.49169144417445,238.797752646431,53,1.5,1e-4,8,249.78520023146396
1590,0.003701207993682,0,0,0,0,0,0,0,0,0,0,5.34833981451803,5.34808561434315,239.096646760854,54,1.5,1e-4,8,249.79677339770885
1620,0.00360715810014549,0,0,0,0,0,0,0,0,0,0,5.21191966143201,5.21167509543729,239.380242952931,55,1.5,1e-4,8,249.80744486790047
1650,0.00351770861229458,0,0,0,0,0,0,0,0,0,0,5.08217349576422,5.08193797449979,239.64967614551,56,1.5,1e-4,8,249.8173053243863
1680,0.00343253346095922,0,0,0,0,0,0,0,0,0,0,4.95862822082118,4.95840120384532,239.905972428616,57,1.5,1e-4,8,249.82643438674344
1710,0.00335133643315483,0,0,0,0,0,0,0,0,0,0,4.8408540627311,4.84063505351751,240.150061733475,58,1.5,1e-4,8,249.83490218615677
1740,0.00327384785477571,0,0,0,0,0,0,0,0,0,0,4.72845975645105,4.72824829792564,240.382788783109,59,1.5,1e-4,8,249.84277068534047
1770,0.00319982170326772,0,0,0,0,0,0,0,0,0,0,4.62108835579905,4.62088402641674,240.604922585889,60,1.5,1e-4,8,249.85009478980805
1800,0.0031290330870016,0,0,0,0,0,0,0,0,0,0,4.51841357566841,4.51821598595454,240.817164692537,61,1.5,1e-4,8,249.85692328724696
1830,0.00306127603843475,0,0,0,0,0,0,0,0,0,0,4.42013658962865,4.41994537912165,241.020156399849,62,1.5,1e-4,8,249.86329964463772
1860,0.0029963615766538,0,0,0,0,0,0,0,0,0,0,4.32598321846146,4.32579805300312,241.214485054122,63,1.5,1e-4,8,249.86926268716323
1890,0.00293411600189466,0,0,0,0,0,0,0,0,0,0,4.23570145534694,4.23552202467455,241.400689582438,64,1.5,1e-4,8,249.87484717846138
1920,0.00287437939042843,0,0,0,0,0,0,0,0,0,0,4.14905928182122,4.14888529742288,241.579265359603,65,1.5,1e-4,8,249.88008431823752
1950,0.00281700426300795,0,0,0,0,0,0,0,0,0,0,4.0658427356031,4.06567392880287,241.750668501706,66,1.5,1e-4,8,249.88500217037497
1980,0.0027618544040729,0,0,0,0,0,0,0,0,0,0,3.98585419719745,3.98569031744197,241.915319663369,67,1.5,1e-4,8,249.88962603241248
0,250,0,0,0,0,0,0,0,0,0,0,0,0,0,1,1.5,1e-4,9,250
30,250.000322400697,0,0,0,0,0,0,0,0,0,0,0,0,0,2,1.5,1e-4,9,250.000322400697
60,250.000090984018,0,0,0,0,0,0,0,0,0,0,0,0,0,3,1.5,1e-4,9,250.000090984018
90,250.000018876751,0,0,0,0,0,0,0,0,0,0,0,0,0,4,1.5,1e-4,9,250.000018876751
120,199.717653414073,0,0,0,0,0,0,0,0,0,0,65.5426902941915,65.5426902941915,0.0162067615506131,5,1.5,1e-4,9,330.8192407640066
150,98.8983787980157,0,0,0,0,0,0,0,0,0,0,101.08814384099,101.086766581043,0.0476617580768933,6,1.5,1e-4,9,301.12095097812556
180,43.0348931850778,0,0,0,0,0,0,0,0,0,0,101.367165026315,101.364772588194,0.0931616537062775,7,1.5,1e-4,9,245.85999245329307
210,15.7170568902664,0,0,0,0,0,0,0,0,0,0,89.3776501763401,89.3753745227141,0.154199130545088,8,1.5,1e-4,9,194.62428071986568
240,4.45791170015325,0,0,0,0,0,0,0,0,0,0,75.8261981706392,75.8247574893218,0.230964201904264,9,1.5,1e-4,9,156.3398315620185
270,0.920226229985471,0,0,0,0,0,0,0,0,0,0,66.4855790317023,66.4849466858992,0.322518726178746,10,1.5,1e-4,9,134.21327067376572
300,0.14114789293855,0,0,0,0,0,0,0,0,0,0,62.4290404265585,62.428810081181,0.429796646769403,11,1.5,1e-4,9,125.42879504744745
330,0.0195735102655569,0,0,0,0,0,0,0,0,0,0,61.4469569327882,61.4468250644692,0.558258979677525,12,1.5,1e-4,9,123.47161448720048
360,0.00302374552909792,0,0,0,0,0,0,0,0,0,0,61.4523672403877,61.4522277945314,0.712737150135882,13,1.5,1e-4,9,123.62035593058408
390,9.7963558660852e-4,0,0,0,0,0,0,0,0,0,0,7.22317407603312,7.22260284140902,0.642316014820616,14,1.5,1e-4,9,15.089072567849364
420,7.0071174141708e-4,0,0,0,0,0,0,0,0,0,0,7.29191037349231,7.29057471076895,3.24540970762702,15,1.5,1e-4,9,17.828595503629696
450,0.00266334353919962,0,0,0,0,0,0,0,0,0,0,23.4944700395801,23.4898631259433,16.5111358218089,16,1.5,1e-4,9,63.4981323308715
480,0.00418467650513923,0,0,0,0,0,0,0,0,0,0,38.8767179597709,38.8693836457317,53.0089228661001,17,1.5,1e-4,9,130.75920914810783
510,0.00463501682341288,0,0,0,0,0,0,0,0,0,0,42.4009229477307,42.3934792617654,95.8063925496767,18,1.5,1e-4,9,180.6054297759962
540,0.00456476907204199,0,0,0,0,0,0,0,0,0,0,41.9112323276545,41.9045555193038,126.444444498522,19,1.5,1e-4,9,210.26479711455235
570,0.00411407724786762,0,0,0,0,0,0,0,0,0,0,37.7376539042599,37.7321859736778,150.046801649143,20,1.5,1e-4,9,225.52075560432857
600,0.00367525647080229,0,0,0,0,0,0,0,0,0,0,33.7148449602063,33.7103811850594,166.540596381691,21,1.5,1e-4,9,233.9694977834275
630,0.00327300702722828,0,0,0,0,0,0,0,0,0,0,30.0205936244022,30.0169291544683,178.828694085148,22,1.5,1e-4,9,238.86948987104572
660,0.0029300583554332,0,0,0,0,0,0,0,0,0,0,26.8724447296114,26.8693949860891,188.158917902379,23,1.5,1e-4,9,241.9036876764349
690,0.002640356367457,0,0,0,0,0,0,0,0,0,0,24.2130197671012,24.2104453676489,195.459577062813,24,1.5,1e-4,9,243.88568255393056
720,0.00239591834245612,0,0,0,0,0,0,0,0,0,0,21.9692433504737,21.9670406983109,201.302097631031,25,1.5,1e-4,9,245.24077759815805
750,0.00218854940569154,0,0,0,0,0,0,0,0,0,0,20.0657942907414,20.0638866438314,206.070906812735,26,1.5,1e-4,9,246.2027762967135
780,0.00201134452202927,0,0,0,0,0,0,0,0,0,0,18.4392686374511,18.4375985506874,210.02858976791,27,1.5,1e-4,9,246.90746830057054
810,0.0018587146400309,0,0,0,0,0,0,0,0,0,0,17.0383444170646,17.0368683063431,213.360409026213,28,1.5,1e-4,9,247.43748046426074
840,0.00172621965968604,0,0,0,0,0,0,0,0,0,0,15.8222545478662,15.8209388610375,216.20024983402,29,1.5,1e-4,9,247.8451694625834
870,0.00161034272249211,0,0,0,0,0,0,0,0,0,0,14.7587104360347,14.7575289735391,218.647036448174,30,1.5,1e-4,9,248.16488620047028
900,0.00150829036731196,0,0,0,0,0,0,0,0,0,0,13.8220662600204,13.8209982864251,220.775284431444,31,1.5,1e-4,9,248.4198572682568
930,0.00141783066822276,0,0,0,0,0,0,0,0,0,0,12.9918322074638,12.9908611054028,222.642094199856,32,1.5,1e-4,9,248.6262053433908
960,0.00133716746398824,0,0,0,0,0,0,0,0,0,0,12.2515194314225,12.250631729443,224.291894852743,33,1.5,1e-4,9,248.7953831810725
990,0.00126484406399787,0,0,0,0,0,0,0,0,0,0,11.5877557879081,11.5869404487802,225.759733038583,34,1.5,1e-4,9,248.9356941193353
1020,0.00119966983039625,0,0,0,0,0,0,0,0,0,0,10.9896116922255,10.9888595849402,227.073597742654,35,1.5,1e-4,9,249.05326868965008
1050,0.00114066411376033,0,0,0,0,0,0,0,0,0,0,10.4480853481922,10.4473888511974,228.25609275192,36,1.5,1e-4,9,249.15270761542337
1080,0.00108701324660869,0,0,0,0,0,0,0,0,0,0,9.95570788884671,9.95506058827343,229.32565917687,37,1.5,1e-4,9,249.23751466723675
1110,0.00103803735182531,0,0,0,0,0,0,0,0,0,0,9.50623864269443,9.50563510020429,230.297482166223,38,1.5,1e-4,9,249.31039394647354
1140,9.9316454923199e-4,0,0,0,0,0,0,0,0,0,0,9.09442833002029,9.09386390230236,231.184172399886,39,1.5,1e-4,9,249.3734577967579
1170,9.5191076622122e-4,0,0,0,0,0,0,0,0,0,0,8.71583371371724,8.71530441073898,231.996284596742,40,1.5,1e-4,9,249.42837463196443
1200,9.1386381940927e-4,0,0,0,0,0,0,0,0,0,0,8.36667146373582,8.36617383638835,232.742716478122,41,1.5,1e-4,9,249.47647564206557
1230,8.786707732346e-4,0,0,0,0,0,0,0,0,0,0,8.04370210732265,8.04323315758816,233.431018953737,42,1.5,1e-4,9,249.51883288942105
1260,8.4602783034698e-4,0,0,0,0,0,0,0,0,0,0,7.74413722313674,7.74369433167817,234.067639616266,43,1.5,1e-4,9,249.55631719891127
1290,8.1567219182806e-4,0,0,0,0,0,0,0,0,0,0,7.46556471958854,7.46514558693716,234.658115598889,44,1.5,1e-4,9,249.58964157760653
1320,7.8737546067207e-4,0,0,0,0,0,0,0,0,0,0,7.20588828093162,7.20549087937803,235.207227601856,45,1.5,1e-4,9,249.61939413762633
1350,7.6093826254496e-4,0,0,0,0,0,0,0,0,0,0,6.96327798825687,6.96290052223377,235.719123864801,46,1.5,1e-4,9,249.64606331355418
1380,7.3618583302448e-4,0,0,0,0,0,0,0,0,0,0,6.7361298128608,6.73577068611319,236.197420675671,47,1.5,1e-4,9,249.670057360478
1410,7.1296437707559e-4,0,0,0,0,0,0,0,0,0,0,6.52303219868923,6.52268998690827,236.645284412826,48,1.5,1e-4,9,249.69171956280056
1440,6.9113804932939e-4,0,0,0,0,0,0,0,0,0,0,6.32273834364092,6.32241177152498,237.065498942025,49,1.5,1e-4,9,249.7113401952402
1470,6.7058643635756e-4,0,0,0,0,0,0,0,0,0,0,6.13414308903771,6.13383101096326,237.460521315801,50,1.5,1e-4,9,249.72916600223834
1500,6.5120244715465e-4,0,0,0,0,0,0,0,0,0,0,5.95626355627181,5.95596493992513,237.832528066496,51,1.5,1e-4,9,249.7454077651401
1530,6.3289053734945e-4,0,0,0,0,0,0,0,0,0,0,5.78822284691457,5.78793675936581,238.183453887277,52,1.5,1e-4,9,249.76024638409473
1560,6.1556520766161e-4,0,0,0,0,0,0,0,0,0,0,5.62923626022785,5.62896185603001,238.515024116157,53,1.5,1e-4,9,249.77383779762252
1590,5.9914972883254e-4,0,0,0,0,0,0,0,0,0,0,5.47859958955007,5.47833610052586,238.828782146311,54,1.5,1e-4,9,249.78631698611576
1620,5.8357505446292e-4,0,0,0,0,0,0,0,0,0,0,5.33567914351722,5.33542586995912,239.126112660012,55,1.5,1e-4,9,249.7978012485428
1650,5.6877889046066e-4,0,0,0,0,0,0,0,0,0,0,5.19990320483151,5.19965950789077,239.408261407233,56,1.5,1e-4,9,249.80839289884574
1680,5.5470489557927e-4,0,0,0,0,0,0,0,0,0,0,5.07075469231736,5.07051998739728,239.676352111602,57,1.5,1e-4,9,249.81818149621222
1710,5.4130199213935e-4,0,0,0,0,0,0,0,0,0,0,4.9477648343456,4.94753858534701,239.931400977158,58,1.5,1e-4,9,249.82724569884275
1740,5.2852376972713e-4,0,0,0,0,0,0,0,0,0,0,4.83050769568695,4.83028940997925,240.17432918244,59,1.5,1e-4,9,249.83565481187594
1770,5.1632796764907e-4,0,0,0,0,0,0,0,0,0,0,4.71859542725614,4.71838465126883,240.405973679197,60,1.5,1e-4,9,249.8434700856896
1800,5.046760243399e-4,0,0,0,0,0,0,0,0,0,0,4.61167413040677,4.61147044575315,240.627096557203,61,1.5,1e-4,9,249.85074580938726
1830,4.9353268388895e-4,0,0,0,0,0,0,0,0,0,0,4.50942024550062,4.50922326555973,240.838393191745,62,1.5,1e-4,9,249.85753023548926
1860,4.8286565145836e-4,0,0,0,0,0,0,0,0,0,0,4.41153738923896,4.41134675613325,241.040499353851,63,1.5,1e-4,9,249.86386636487467
1890,4.7264529068627e-4,0,0,0,0,0,0,0,0,0,0,4.31775357735848,4.31756895927449,241.233997433628,64,1.5,1e-4,9,249.86979261555166
1920,4.6284435725586e-4,0,0,0,0,0,0,0,0,0,0,4.2278187792778,4.22763986808464,241.419421902709,65,1.5,1e-4,9,249.87534339442868
1950,4.534377637104e-4,0,0,0,0,0,0,0,0,0,0,4.14150275953633,4.14132926866417,241.597264121843,66,1.5,1e-4,9,249.88054958780722
1980,4.4440237134149e-4,0,0,0,0,0,0,0,0,0,0,4.05859316772307,4.05842483026835,241.767976583143,67,1.5,1e-4,9,249.88543898350576
0,250,0,0,0,0,0,0,0,0,0,0,0,0,0,1,1,0,10,250
30,250.000322400697,0,0,0,0,0,0,0,0,0,0,0,0,0,2,1,0,10,250.000322400697
60,250.000090984018,0,0,0,0,0,0,0,0,0,0,0,0,0,3,1,0,10,250.000090984018
90,250.000018876751,0,0,0,0,0,0,0,0,0,0,0,0,0,4,1,0,10,250.000018876751
120,211.634825666962,0,0,0,0,0,0,0,0,0,0,46.266856306754804,46.266856306754804,0,5,1,0,10,304.1685382804716
150,126.598169774034,0,0,0,0,0,0,0,0,0,0,78.461944650512,78.461944650512,0,6,1,0,10,283.522059075058
180,71.0235697345091,0,0,0,0,0,0,0,0,0,0,85.6056291625798,85.6056291625798,0,7,1,0,10,242.2348280596687
210,36.3414057831543,0,0,0,0,0,0,0,0,0,0,81.1800207630364,81.1800207630364,0,8,1,0,10,198.7014473092271
240,16.0638159856395,0,0,0,0,0,0,0,0,0,0,70.8841788859098,70.8841788859098,0,9,1,0,10,157.83217375745912
270,5.76657189891715,0,0,0,0,0,0,0,0,0,0,58.9548209332174,58.9548209332174,0,10,1,0,10,123.67621376535195
300,1.56081691538819,0,0,0,0,0,0,0,0,0,0,49.1001772564884,49.1001772564884,0,11,1,0,10,99.76117142836499
330,0.295670696720042,0,0,0,0,0,0,0,0,0,0,43.2753477636421,43.2753477636421,0,12,1,0,10,86.84636622400424
360,0.0385855057507354,0,0,0,0,0,0,0,0,0,0,40.9749552883176,40.9749552883176,0,13,1,0,10,81.98849608238594
390,0.00380344601758892,0,0,0,0,0,0,0,0,0,0,40.3991508636767,40.3991508636767,0,14,1,0,10,80.80210517337099
420,3.9366576920951e-4,0,0,0,0,0,0,0,0,0,0,2.39852837675218,2.39852837675218,0,15,1,0,10,4.797450419273569
450,6.4014475376474e-5,0,0,0,0,0,0,0,0,0,0,0.147463685754028,0.147463685754028,0,16,1,0,10,0.29499138598343244
480,7.77761689774975e-6,0,0,0,0,0,0,0,0,0,0,0.0100890607673212,0.0100890607673212,0,17,1,0,10,0.02018589915154015
510,7.33285196131697e-7,0,0,0,0,0,0,0,0,0,0,7.690055229483e-4,7.690055229483e-4,0,18,1,0,10,0.0015387443310927317
540,6.22005530365431e-8,0,0,0,0,0,0,0,0,0,0,6.17649592826995e-5,6.17649592826995e-5,0,19,1,0,10,1.2359211911843555e-4
570,5.0430116461790506e-9,0,0,0,0,0,0,0,0,0,0,5.03396720019887e-6,5.03396720019887e-6,0,20,1,0,10,1.007297741204392e-5
600,4.010303954104e-10,0,0,0,0,0,0,0,0,0,0,4.09668859574765e-7,4.09668859574765e-7,0,21,1,0,10,8.197387495449404e-7
630,3.1659056292108e-11,0,0,0,0,0,0,0,0,0,0,3.31303142536899e-8,3.31303142536899e-8,0,22,1,0,10,6.629228756367191e-8
660,2.49523215602074e-12,0,0,0,0,0,0,0,0,0,0,2.6621129003119403e-9,2.6621129003119403e-9,0,23,1,0,10,5.326721032779901e-9
690,1.96818093043549e-13,0,0,0,0,0,0,0,0,0,0,2.12828625174149e-10,2.12828625174149e-10,0,24,1,0,10,4.2585406844134157e-10
720,1.5548666051531e-14,0,0,0,0,0,0,0,0,0,0,1.6955926247044498e-11,1.6955926247044498e-11,0,25,1,0,10,3.3927401160140524e-11
750,1.2302459995952802e-15,0,0,0,0,0,0,0,0,0,0,1.3479532858612599e-12,1.3479532858612599e-12,0,26,1,0,10,2.697136817722115e-12
780,9.7460438771173e-17,0,0,0,0,0,0,0,0,0,0,1.07029970751608e-13,1.07029970751608e-13,0,27,1,0,10,2.1415740194198716e-13
810,7.72759436705794e-18,0,0,0,0,0,0,0,0,0,0,8.493453338619211e-15,8.493453338619211e-15,0,28,1,0,10,1.699463427160548e-14
840,6.13059865581846e-19,0,0,0,0,0,0,0,0,0,0,6.73863608889664e-16,6.73863608889664e-16,0,29,1,0,10,1.3483402776449099e-15
870,4.86521771786825e-20,0,0,0,0,0,0,0,0,0,0,5.34629673365543e-17,5.34629673365543e-17,0,30,1,0,10,1.0697458685028728e-16
900,3.86166536446611e-21,0,0,0,0,0,0,0,0,0,0,4.2419417179806795e-18,4.2419417179806795e-18,0,31,1,0,10,8.487745101325826e-18
930,3.0653421849959296e-22,0,0,0,0,0,0,0,0,0,0,3.3660263469491296e-19,3.3660263469491296e-19,0,32,1,0,10,6.735118036083255e-19
960,2.4332856862257e-23,0,0,0,0,0,0,0,0,0,0,2.6712162419300297e-20,2.6712162419300297e-20,0,33,1,0,10,5.344865769546285e-20
990,1.93155408009035e-24,0,0,0,0,0,0,0,0,0,0,2.11998060036e-21,2.11998060036e-21,0,34,1,0,10,4.2418927548000906e-21
1020,1.53326410430737e-25,0,0,0,0,0,0,0,0,0,0,1.68258859124578e-22,1.68258859124578e-22,0,35,1,0,10,3.3667104465958673e-22
1050,1.21709243220309e-26,0,0,0,0,0,0,0,0,0,0,1.33548910788202e-23,1.33548910788202e-23,0,36,1,0,10,2.672195308196243e-23
1080,9.66113699080846e-28,0,0,0,0,0,0,0,0,0,0,1.06002000345976e-24,1.06002000345976e-24,0,37,1,0,10,2.121006120618601e-24
1110,7.668896630249369e-29,0,0,0,0,0,0,0,0,0,0,8.41386830529724e-26,8.41386830529724e-26,0,38,1,0,10,1.683540550722473e-25
1140,6.08750239779072e-30,0,0,0,0,0,0,0,0,0,0,6.678566777263809e-27,6.678566777263809e-27,0,39,1,0,10,1.3363221056925408e-26
1170,4.83223752180167e-31,0,0,0,0,0,0,0,0,0,0,5.30121794492249e-28,5.30121794492249e-28,0,40,1,0,10,1.0607268127366782e-27
1200,3.83584558127002e-32,0,0,0,0,0,0,0,0,0,0,4.2079674846977497e-29,4.2079674846977497e-29,0,41,1,0,10,8.419770814976769e-29
1230,3.0449361789795698e-33,0,0,0,0,0,0,0,0,0,0,3.34020611290412e-30,3.34020611290412e-30,0,42,1,0,10,6.68345716198722e-30
1260,2.41712883175967e-34,0,0,0,0,0,0,0,0,0,0,2.65141891523361e-31,2.65141891523361e-31,0,43,1,0,10,5.30525495929898e-31
1290,1.9187839025544098e-35,0,0,0,0,0,0,0,0,0,0,2.10468793909429e-32,2.10468793909429e-32,0,44,1,0,10,4.211294662091134e-32
1320,1.52320040418934e-36,0,0,0,0,0,0,0,0,0,0,1.67071145966075e-33,1.67071145966075e-33,0,45,1,0,10,3.3429461197256896e-33
1350,1.20918497298173e-37,0,0,0,0,0,0,0,0,0,0,1.32623246068375e-34,1.32623246068375e-34,0,46,1,0,10,2.6536741063404816e-34
1380,9.5991578820058e-39,0,0,0,0,0,0,0,0,0,0,1.0527915308147499e-35,1.0527915308147499e-35,0,47,1,0,10,2.1065429774177004e-35
1410,7.6204076542442e-40,0,0,0,0,0,0,0,0,0,0,8.35737101750298e-37,8.35737101750298e-37,0,48,1,0,10,1.6722362442660205e-36
1440,6.0496177035869e-41,0,0,0,0,0,0,0,0,0,0,6.63439890432088e-38,6.63439890432088e-38,0,49,1,0,10,1.3274847426345348e-37
1470,4.80266504783885e-42,0,0,0,0,0,0,0,0,0,0,5.26669406528508e-39,5.26669406528508e-39,0,50,1,0,10,1.0538190795618e-38
1500,3.812776055064679e-43,0,0,0,0,0,0,0,0,0,0,4.18099090413139e-40,4.18099090413139e-40,0,51,1,0,10,8.365794584317845e-40
1530,3.02694772799592e-44,0,0,0,0,0,0,0,0,0,0,3.31913545964087e-41,3.31913545964087e-41,0,52,1,0,10,6.641297867009736e-41
1560,2.4031073205303898e-45,0,0,0,0,0,0,0,0,0,0,2.63496805936898e-42,2.63496805936898e-42,0,53,1,0,10,5.27233922605849e-42
1590,1.9078579309073503e-46,0,0,0,0,0,0,0,0,0,0,2.0918491188898597e-43,2.0918491188898597e-43,0,54,1,0,10,4.185606095710627e-43
1620,1.5146891585464e-47,0,0,0,0,0,0,0,0,0,0,1.6606953914410995e-44,1.6606953914410995e-44,0,55,1,0,10,3.3229054720407457e-44
1650,1.2025568665469399e-48,0,0,0,0,0,0,0,0,0,0,1.3184213479416798e-45,1.3184213479416798e-45,0,56,1,0,10,2.6380452527499065e-45
1680,9.547558959128019e-50,0,0,0,0,0,0,0,0,0,0,1.04670209728497e-46,1.04670209728497e-46,0,57,1,0,10,2.094358950465853e-46
1710,7.58025293379084e-51,0,0,0,0,0,0,0,0,0,0,8.30991504620633e-48,8.30991504620633e-48,0,58,1,0,10,1.662741034534645e-47
1740,6.01838086302508e-52,0,0,0,0,0,0,0,0,0,0,6.597428547871139e-49,6.597428547871139e-49,0,59,1,0,10,1.3200875476605304e-48
1770,4.77837535360803e-53,0,0,0,0,0,0,0,0,0,0,5.23790272834301e-50,5.23790272834301e-50,0,60,1,0,10,1.0480583832039627e-49
1800,3.79389650373358e-54,0,0,0,0,0,0,0,0,0,0,4.15857736320078e-51,4.15857736320078e-51,0,61,1,0,10,8.320948622905293e-51
1830,3.0122798816748098e-55,0,0,0,0,0,0,0,0,0,0,3.3016935736439802e-52,3.3016935736439802e-52,0,62,1,0,10,6.606399427169635e-52
1860,2.39171698702665e-56,0,0,0,0,0,0,0,0,0,0,2.62140043510336e-53,2.62140043510336e-53,0,63,1,0,10,5.245192587193746e-53
1890,1.89901712141113e-57,0,0,0,0,0,0,0,0,0,0,2.0812995673340398e-54,2.0812995673340398e-54,0,64,1,0,10,4.1644981517894907e-54
1920,1.50783075898401e-58,0,0,0,0,0,0,0,0,0,0,1.6524961077407298e-55,1.6524961077407298e-55,0,65,1,0,10,3.306500046240443e-55
1950,1.1972392410754801e-59,0,0,0,0,0,0,0,0,0,0,1.3120516191792e-56,1.3120516191792e-56,0,66,1,0,10,2.6253004775994756e-56
1980,9.506352505573281e-61,0,0,0,0,0,0,0,0,0,0,1.04175603095437e-57,1.04175603095437e-57,0,67,1,0,10,2.0844626971592972e-57
0,250,0,0,0,0,0,0,0,0,0,0,0,0,0,1,1,0,11,250
30,250.000322400697,0,0,0,0,0,0,0,0,0,0,0,0,0,2,1,0,11,250.000322400697
60,250.000090984018,0,0,0,0,0,0,0,0,0,0,0,0,0,3,1,0,11,250.000090984018
90,250.000018876751,0,0,0,0,0,0,0,0,0,0,0,0,0,4,1,0,11,250.000018876751
120,211.634825666962,0,0,0,0,0,0,0,0,0,0,46.266856306754804,46.266856306754804,0,5,1,0,11,304.1685382804716
150,126.598169774034,0,0,0,0,0,0,0,0,0,0,78.461944650512,78.461944650512,0,6,1,0,11,283.522059075058
180,71.0235697345091,0,0,0,0,0,0,0,0,0,0,85.6056291625798,85.6056291625798,0,7,1,0,11,242.2348280596687
210,36.3414057831543,0,0,0,0,0,0,0,0,0,0,81.1800207630364,81.1800207630364,0,8,1,0,11,198.7014473092271
240,16.0638159856395,0,0,0,0,0,0,0,0,0,0,70.8841788859098,70.8841788859098,0,9,1,0,11,157.83217375745912
270,5.76657189891715,0,0,0,0,0,0,0,0,0,0,58.9548209332174,58.9548209332174,0,10,1,0,11,123.67621376535195
300,1.56081691538819,0,0,0,0,0,0,0,0,0,0,49.1001772564884,49.1001772564884,0,11,1,0,11,99.76117142836499
330,0.295670696720042,0,0,0,0,0,0,0,0,0,0,43.2753477636421,43.2753477636421,0,12,1,0,11,86.84636622400424
360,0.0385855057507354,0,0,0,0,0,0,0,0,0,0,40.9749552883176,40.9749552883176,0,13,1,0,11,81.98849608238594
390,0.00380344601758892,0,0,0,0,0,0,0,0,0,0,40.3991508636767,40.3991508636767,0,14,1,0,11,80.80210517337099
420,3.187439285527e-4,0,0,0,0,0,0,0,0,0,0,40.3036873168259,40.3036873168259,0,15,1,0,11,80.60769337758036
450,2.88621766400361e-5,0,0,0,0,0,0,0,0,0,0,2.38111332324238,2.38111332324238,0,16,1,0,11,4.7622555086614
480,4.10261176263828e-6,0,0,0,0,0,0,0,0,0,0,0.141029224539399,0.141029224539399,0,17,1,0,11,0.28206255169056066
510,4.70116405931428e-7,0,0,0,0,0,0,0,0,0,0,0.00841646338123818,0.00841646338123818,0,18,1,0,11,0.016833396878882294
540,4.21449582012428e-8,0,0,0,0,0,0,0,0,0,0,5.0746527415864e-4,5.0746527415864e-4,0,19,1,0,11,0.0010149726932754813
570,3.35099811390514e-9,0,0,0,0,0,0,0,0,0,0,3.09043069063614e-5,3.09043069063614e-5,0,20,1,0,11,6.181196481083671e-5
600,2.49627385643897e-10,0,0,0,0,0,0,0,0,0,0,1.89941039864564e-6,1.89941039864564e-6,0,21,1,0,11,3.7990704246769242e-6
630,1.78608196987269e-11,0,0,0,0,0,0,0,0,0,0,1.17705472934777e-7,1.17705472934777e-7,0,22,1,0,11,2.3542880668925273e-7
660,1.24373324838898e-12,0,0,0,0,0,0,0,0,0,0,7.3470255152040605e-9,7.3470255152040605e-9,0,23,1,0,11,1.469529476365651e-8
690,8.495046969746971e-14,0,0,0,0,0,0,0,0,0,0,4.61441336045135e-10,4.61441336045135e-10,0,24,1,0,11,9.229676225599675e-10
720,5.71999874379102e-15,0,0,0,0,0,0,0,0,0,0,2.9132647656174595e-11,2.9132647656174595e-11,0,25,1,0,11,5.827101531109298e-11
750,3.80976634573055e-16,0,0,0,0,0,0,0,0,0,0,1.84714574199584e-12,1.84714574199584e-12,0,26,1,0,11,3.694672460626253e-12
780,2.51607748805882e-17,0,0,0,0,0,0,0,0,0,0,1.17522094302458e-13,1.17522094302458e-13,0,27,1,0,11,2.350693493797966e-13
810,1.6506114504417398e-18,0,0,0,0,0,0,0,0,0,0,7.49754330612021e-15,7.49754330612021e-15,0,28,1,0,11,1.4996737223690862e-14
840,1.0770687264114498e-19,0,0,0,0,0,0,0,0,0,0,4.793233678930959e-16,4.793233678930959e-16,0,29,1,0,11,9.58754442658833e-16
870,6.9979221478452e-21,0,0,0,0,0,0,0,0,0,0,3.06916684315037e-17,3.06916684315037e-17,0,30,1,0,11,6.139033478515525e-17
900,4.53079977892053e-22,0,0,0,0,0,0,0,0,0,0,1.9674613963018197e-18,1.9674613963018197e-18,0,31,1,0,11,3.935375872581531e-18
930,2.9251083894035296e-23,0,0,0,0,0,0,0,0,0,0,1.26221207252385e-19,1.26221207252385e-19,0,32,1,0,11,2.52471665588664e-19
960,1.88407063521672e-24,0,0,0,0,0,0,0,0,0,0,8.10169235665121e-21,8.10169235665121e-21,0,33,1,0,11,1.6205268783937638e-20
990,1.21122591689749e-25,0,0,0,0,0,0,0,0,0,0,5.201627293814339e-22,5.201627293814339e-22,0,34,1,0,11,1.0404465813545576e-21
1020,7.77458706074296e-27,0,0,0,0,0,0,0,0,0,0,3.34000558067054e-23,3.34000558067054e-23,0,35,1,0,11,6.680788620047155e-23
1050,4.984007144540489e-28,0,0,0,0,0,0,0,0,0,0,2.14457860282184e-24,2.14457860282184e-24,0,36,1,0,11,4.289655606358134e-24
1080,3.19177783701082e-29,0,0,0,0,0,0,0,0,0,0,1.3768307769588498e-25,1.3768307769588498e-25,0,37,1,0,11,2.7539807317014007e-25
1110,2.0423273291315e-30,0,0,0,0,0,0,0,0,0,0,8.83754982757286e-27,8.83754982757286e-27,0,38,1,0,11,1.7677141982474852e-26
1140,1.3059553553443398e-31,0,0,0,0,0,0,0,0,0,0,5.67119171550786e-28,5.67119171550786e-28,0,39,1,0,11,1.1343689386371065e-27
1170,8.34643867652072e-33,0,0,0,0,0,0,0,0,0,0,3.63826169562985e-29,3.63826169562985e-29,0,40,1,0,11,7.277358035127352e-29
1200,5.332042082949e-34,0,0,0,0,0,0,0,0,0,0,2.33336487354509e-30,2.33336487354509e-30,0,41,1,0,11,4.667262951298475e-30
1230,3.4052311450621e-35,0,0,0,0,0,0,0,0,0,0,1.4960189108187598e-31,1.4960189108187598e-31,0,42,1,0,11,2.9923783447520258e-31
1260,2.17417445390744e-36,0,0,0,0,0,0,0,0,0,0,9.58864731804032e-33,9.58864731804032e-33,0,43,1,0,11,1.9179468810534546e-32
1290,1.38792198724894e-37,0,0,0,0,0,0,0,0,0,0,6.14392952596079e-34,6.14392952596079e-34,0,44,1,0,11,1.2289246973908829e-33
1320,8.85893777553675e-39,0,0,0,0,0,0,0,0,0,0,3.93557737388963e-35,3.93557737388963e-35,0,45,1,0,11,7.872040641556813e-35
1350,5.65409299899499e-40,0,0,0,0,0,0,0,0,0,0,2.5202878162469298e-36,2.5202878162469298e-36,0,46,1,0,11,5.041141041793759e-36
1380,3.60847831787414e-41,0,0,0,0,0,0,0,0,0,0,1.61353469189294e-37,1.61353469189294e-37,0,47,1,0,11,3.2274302316176678e-37
1410,2.3029113064813697e-42,0,0,0,0,0,0,0,0,0,0,1.03276270731237e-38,1.03276270731237e-38,0,48,1,0,11,2.0657557057553882e-38
1440,1.4697105682070897e-43,0,0,0,0,0,0,0,0,0,0,6.608832283790469e-40,6.608832283790469e-40,0,49,1,0,11,1.3219134278149145e-39
1470,9.379837056599759e-45,0,0,0,0,0,0,0,0,0,0,4.22823183635518e-41,4.22823183635518e-41,0,50,1,0,11,8.45740165641602e-41
1500,5.98650324320759e-46,0,0,0,0,0,0,0,0,0,0,2.7046468267608798e-42,2.7046468267608798e-42,0,51,1,0,11,5.4098923038460804e-42
1530,3.8209353179013703e-47,0,0,0,0,0,0,0,0,0,0,1.7297671640853796e-43,1.7297671640853796e-43,0,52,1,0,11,3.4599164217025494e-43
1560,2.4388637385219898e-48,0,0,0,0,0,0,0,0,0,0,1.1061075002346699e-44,1.1061075002346699e-44,0,53,1,0,11,2.212458886843192e-44
1590,1.55678492019137e-49,0,0,0,0,0,0,0,0,0,0,7.07206975813206e-46,7.07206975813206e-46,0,54,1,0,11,1.414569630118431e-45
1620,9.93788457328883e-51,0,0,0,0,0,0,0,0,0,0,4.521075198040301e-47,4.521075198040301e-47,0,55,1,0,11,9.04314418453793e-47
1650,6.3443027697549605e-52,0,0,0,0,0,0,0,0,0,0,2.88994090133594e-48,2.88994090133594e-48,0,56,1,0,11,5.780516232948855e-48
1680,4.05040381983622e-53,0,0,0,0,0,0,0,0,0,0,1.84711448038726e-49,1.84711448038726e-49,0,57,1,0,11,3.694634001156504e-49
1710,2.5860485090445597e-54,0,0,0,0,0,0,0,0,0,0,1.18048755479965e-50,1.18048755479965e-50,0,58,1,0,11,2.3612337144502044e-50
1740,1.65119390094483e-55,0,0,0,0,0,0,0,0,0,0,7.54390902424629e-52,7.54390902424629e-52,0,59,1,0,11,1.5089469242393523e-51
1770,1.05434191889413e-56,0,0,0,0,0,0,0,0,0,0,4.82062278757124e-53,4.82062278757124e-53,0,60,1,0,11,9.642299917061375e-53
1800,6.73264367609348e-58,0,0,0,0,0,0,0,0,0,0,3.08024575780596e-54,3.08024575780596e-54,0,61,1,0,11,6.16116477997953e-54
1830,4.29941349589052e-59,0,0,0,0,0,0,0,0,0,0,1.9680971893818497e-55,1.9680971893818497e-55,0,62,1,0,11,3.9366243201132884e-55
1860,2.74568585149553e-60,0,0,0,0,0,0,0,0,0,0,1.2574471574857599e-56,1.2574471574857599e-56,0,63,1,0,11,2.5151688835566694e-56
1890,1.7535135248118103e-61,0,0,0,0,0,0,0,0,0,0,8.033738811818761e-58,8.033738811818761e-58,0,64,1,0,11,1.6069231137162335e-57
1920,1.11990877370006e-62,0,0,0,0,0,0,0,0,0,0,5.13254601532184e-59,5.13254601532184e-59,0,65,1,0,11,1.026621193941738e-58
1950,7.15270097495246e-64,0,0,0,0,0,0,0,0,0,0,3.27896892139787e-60,3.27896892139787e-60,0,66,1,0,11,6.558653112893235e-60
1980,4.568462650839e-65,0,0,0,0,0,0,0,0,0,0,2.09475345324169e-61,2.09475345324169e-61,0,67,1,0,11,4.189963752748464e-61
0,250,0,0,0,0,0,0,0,0,0,0,0,0,0,1,1,0,12,250
30,250.000322400697,0,0,0,0,0,0,0,0,0,0,0,0,0,2,1,0,12,250.000322400697
60,250.000090984018,0,0,0,0,0,0,0,0,0,0,0,0,0,3,1,0,12,250.000090984018
90,250.000018876751,0,0,0,0,0,0,0,0,0,0,0,0,0,4,1,0,12,250.000018876751
120,211.634825666962,0,0,0,0,0,0,0,0,0,0,46.266856306754804,46.266856306754804,0,5,1,0,12,304.1685382804716
150,126.598169774034,0,0,0,0,0,0,0,0,0,0,78.461944650512,78.461944650512,0,6,1,0,12,283.522059075058
180,71.0235697345091,0,0,0,0,0,0,0,0,0,0,85.6056291625798,85.6056291625798,0,7,1,0,12,242.2348280596687
210,36.3414057831543,0,0,0,0,0,0,0,0,0,0,81.1800207630364,81.1800207630364,0,8,1,0,12,198.7014473092271
240,16.0638159856395,0,0,0,0,0,0,0,0,0,0,70.8841788859098,70.8841788859098,0,9,1,0,12,157.83217375745912
270,5.76657189891715,0,0,0,0,0,0,0,0,0,0,58.9548209332174,58.9548209332174,0,10,1,0,12,123.67621376535195
300,1.56081691538819,0,0,0,0,0,0,0,0,0,0,49.1001772564884,49.1001772564884,0,11,1,0,12,99.76117142836499
330,0.295670696720042,0,0,0,0,0,0,0,0,0,0,43.2753477636421,43.2753477636421,0,12,1,0,12,86.84636622400424
360,0.0385855057507354,0,0,0,0,0,0,0,0,0,0,40.9749552883176,40.9749552883176,0,13,1,0,12,81.98849608238594
390,0.00380344601758892,0,0,0,0,0,0,0,0,0,0,40.3991508636767,40.3991508636767,0,14,1,0,12,80.80210517337099
420,3.187439285527e-4,0,0,0,0,0,0,0,0,0,0,40.3036873168259,40.3036873168259,0,15,1,0,12,80.60769337758036
450,2.44189032814278e-5,0,0,0,0,0,0,0,0,0,0,40.2918487851743,40.2918487851743,0,16,1,0,12,80.58372198925188
480,2.03523231761879e-6,0,0,0,0,0,0,0,0,0,0,2.37943402704922,2.37943402704922,0,17,1,0,12,4.758870089330758
510,2.61751273751068e-7,0,0,0,0,0,0,0,0,0,0,0.140541584965417,0.140541584965417,0,18,1,0,12,0.28108343168210775
540,2.88715847235715e-8,0,0,0,0,0,0,0,0,0,0,0.00830501504103074,0.00830501504103074,0,19,1,0,12,0.016610058953646204
570,2.5466555521708e-9,0,0,0,0,0,0,0,0,0,0,4.9107718215342e-4,4.9107718215342e-4,0,20,1,0,12,9.821569109623922e-4
600,2.00328396041764e-10,0,0,0,0,0,0,0,0,0,0,2.90561668578374e-5,2.90561668578374e-5,0,21,1,0,12,5.811253404407084e-5
630,1.4782814441774798e-11,0,0,0,0,0,0,0,0,0,0,1.7203005931322e-6,1.7203005931322e-6,0,22,1,0,12,3.4406159690788418e-6
660,1.04757367568583e-12,0,0,0,0,0,0,0,0,0,0,1.01916817976085e-7,1.01916817976085e-7,0,23,1,0,12,2.038346835258457e-7
690,7.21900150916728e-14,0,0,0,0,0,0,0,0,0,0,6.0417195639789904e-9,6.0417195639789904e-9,0,24,1,0,12,1.2083511317973072e-8
720,4.874097459208121e-15,0,0,0,0,0,0,0,0,0,0,3.58381635946144e-10,3.58381635946144e-10,0,25,1,0,12,7.167681459897473e-10
750,3.23996344456237e-16,0,0,0,0,0,0,0,0,0,0,2.12715090442002e-11,2.12715090442002e-11,0,26,1,0,12,4.2543342084744854e-11
780,2.12741688833209e-17,0,0,0,0,0,0,0,0,0,0,1.2633239642343998e-12,1.2633239642343998e-12,0,27,1,0,12,2.526669202637683e-12
810,1.3831131688611298e-18,0,0,0,0,0,0,0,0,0,0,7.50742844316919e-14,7.50742844316919e-14,0,28,1,0,12,1.5014995197655266e-13
840,8.91894214553817e-20,0,0,0,0,0,0,0,0,0,0,4.46399311300153e-15,4.46399311300153e-15,0,29,1,0,12,8.928075415424516e-15
870,5.7120926095975204e-21,0,0,0,0,0,0,0,0,0,0,2.6558722165638697e-16,2.6558722165638697e-16,0,30,1,0,12,5.311801554053835e-16
900,3.6370649365753898e-22,0,0,0,0,0,0,0,0,0,0,1.58102007997309e-17,1.58102007997309e-17,0,31,1,0,12,3.1620765305955456e-17
930,2.30428263550472e-23,0,0,0,0,0,0,0,0,0,0,9.41692435736819e-19,9.41692435736819e-19,0,32,1,0,12,1.883407914299993e-18
960,1.45356854897076e-24,0,0,0,0,0,0,0,0,0,0,5.61199087000921e-20,5.61199087000921e-20,0,33,1,0,12,1.1224127096873318e-19
990,9.13449403830762e-26,0,0,0,0,0,0,0,0,0,0,3.34622762435423e-21,3.34622762435423e-21,0,34,1,0,12,6.692546593648843e-21
1020,5.72106200458197e-27,0,0,0,0,0,0,0,0,0,0,1.99626840773837e-22,1.99626840773837e-22,0,35,1,0,12,3.992594026096786e-22
1050,3.5725185261113e-28,0,0,0,0,0,0,0,0,0,0,1.19152024908303e-23,1.19152024908303e-23,0,36,1,0,12,2.383076223351321e-23
1080,2.22492556702328e-29,0,0,0,0,0,0,0,0,0,0,7.115360812181089e-25,7.115360812181089e-25,0,37,1,0,12,1.4230944116918881e-24
1110,1.38234676335136e-30,0,0,0,0,0,0,0,0,0,0,4.25108004941755e-26,4.25108004941755e-26,0,38,1,0,12,8.502298333511435e-26
1140,8.569983771898751e-32,0,0,0,0,0,0,0,0,0,0,2.54098585242558e-27,2.54098585242558e-27,0,39,1,0,12,5.082057404688879e-27
1170,5.3026380489110294e-33,0,0,0,0,0,0,0,0,0,0,1.51949579248493e-28,1.51949579248493e-28,0,40,1,0,12,3.039044611350349e-28
1200,3.2751355042196097e-34,0,0,0,0,0,0,0,0,0,0,9.09043531090627e-30,9.09043531090627e-30,0,41,1,0,12,1.818119813536296e-29
1230,2.0195696457250098e-35,0,0,0,0,0,0,0,0,0,0,5.440657525197339e-31,5.440657525197339e-31,0,42,1,0,12,1.0881517007359251e-30
1260,1.2434827057105599e-36,0,0,0,0,0,0,0,0,0,0,3.2575660168398995e-32,3.2575660168398995e-32,0,43,1,0,12,6.51525638195037e-32
1290,7.64582586691667e-38,0,0,0,0,0,0,0,0,0,0,1.95120904860712e-33,1.95120904860712e-33,0,44,1,0,12,3.9024945554729086e-33
1320,4.69525795351739e-39,0,0,0,0,0,0,0,0,0,0,1.1691675595501899e-34,1.1691675595501899e-34,0,45,1,0,12,2.338382071679915e-34
1350,2.8799613227775498e-40,0,0,0,0,0,0,0,0,0,0,7.00818857925877e-36,7.00818857925877e-36,0,46,1,0,12,1.4016665154649815e-35
1380,1.76458867573598e-41,0,0,0,0,0,0,0,0,0,0,4.202276456140099e-37,4.202276456140099e-37,0,47,1,0,12,8.404729371147772e-37
1410,1.0800994604957898e-42,0,0,0,0,0,0,0,0,0,0,2.52061841679205e-38,2.52061841679205e-38,0,48,1,0,12,5.041344843530149e-38
1440,6.605078863319019e-44,0,0,0,0,0,0,0,0,0,0,1.51240167946071e-39,1.51240167946071e-39,0,49,1,0,12,3.024869409710053e-39
1470,4.03565470655275e-45,0,0,0,0,0,0,0,0,0,0,9.07734360560397e-41,9.07734360560397e-41,0,50,1,0,12,1.8155090776678596e-40
1500,2.46375191374967e-46,0,0,0,0,0,0,0,0,0,0,5.4497440604566096e-42,5.4497440604566096e-42,0,51,1,0,12,1.0899734496104594e-41
1530,1.50296882133827e-47,0,0,0,0,0,0,0,0,0,0,3.2727542499355794e-43,3.2727542499355794e-43,0,52,1,0,12,6.5456587967532925e-43
1560,9.16207994324406e-49,0,0,0,0,0,0,0,0,0,0,1.9659162839971996e-44,1.9659162839971996e-44,0,53,1,0,12,3.9319241887938317e-44
1590,5.5814705203595e-50,0,0,0,0,0,0,0,0,0,0,1.18120559246123e-45,1.18120559246123e-45,0,54,1,0,12,2.3624669996276636e-45
1620,3.39806306071391e-51,0,0,0,0,0,0,0,0,0,0,7.09887410931708e-47,7.09887410931708e-47,0,55,1,0,12,1.4198088024940232e-46
1650,2.06756354436868e-52,0,0,0,0,0,0,0,0,0,0,4.26728610872467e-48,4.26728610872467e-48,0,56,1,0,12,8.534778973803776e-48
1680,1.25732070944478e-53,0,0,0,0,0,0,0,0,0,0,2.56570847551448e-49,2.56570847551448e-49,0,57,1,0,12,5.131542683099904e-49
1710,7.642000297640259e-55,0,0,0,0,0,0,0,0,0,0,1.54294775208969e-50,1.54294775208969e-50,0,58,1,0,12,3.0859719241823563e-50
1740,4.64253081716125e-56,0,0,0,0,0,0,0,0,0,0,9.28065772100146e-52,9.28065772100146e-52,0,59,1,0,12,1.8561779695084636e-51
1770,2.81904080880145e-57,0,0,0,0,0,0,0,0,0,0,5.58322760624204e-53,5.58322760624204e-53,0,60,1,0,12,1.116673711656496e-52
1800,1.7110313634635998e-58,0,0,0,0,0,0,0,0,0,0,3.35943718127737e-54,3.35943718127737e-54,0,61,1,0,12,6.719045465691086e-54
1830,1.0380901467564001e-59,0,0,0,0,0,0,0,0,0,0,2.02170629034796e-55,2.02170629034796e-55,0,62,1,0,12,4.043516389710595e-55
1860,6.29567659498187e-61,0,0,0,0,0,0,0,0,0,0,1.21684660201722e-56,1.21684660201722e-56,0,63,1,0,12,2.43375616080039e-56
1890,3.8167095158475198e-62,0,0,0,0,0,0,0,0,0,0,7.325139193578631e-58,7.325139193578631e-58,0,64,1,0,12,1.4650660058108847e-57
1920,2.31304289694453e-63,0,0,0,0,0,0,0,0,0,0,4.41016058203889e-59,4.41016058203889e-59,0,65,1,0,12,8.820552468367475e-59
1950,1.40130972993797e-64,0,0,0,0,0,0,0,0,0,0,2.6555088147880197e-60,2.6555088147880197e-60,0,66,1,0,12,5.311157760549033e-60
1980,8.4868778758179e-66,0,0,0,0,0,0,0,0,0,0,1.59916182079837e-61,1.59916182079837e-61,0,67,1,0,12,3.1984085103754985e-61
0,250,0,0,0,0,0,0,0,0,0,0,0,0,0,1,1,0,13,250
30,250.000322400697,0,0,0,0,0,0,0,0,0,0,0,0,0,2,1,0,13,250.000322400697
60,250.000090984018,0,0,0,0,0,0,0,0,0,0,0,0,0,3,1,0,13,250.000090984018
90,250.000018876751,0,0,0,0,0,0,0,0,0,0,0,0,0,4,1,0,13,250.000018876751
120,211.634825666962,0,0,0,0,0,0,0,0,0,0,46.266856306754804,46.266856306754804,0,5,1,0,13,304.1685382804716
150,126.598169774034,0,0,0,0,0,0,0,0,0,0,78.461944650512,78.461944650512,0,6,1,0,13,283.522059075058
180,71.0235697345091,0,0,0,0,0,0,0,0,0,0,85.6056291625798,85.6056291625798,0,7,1,0,13,242.2348280596687
210,36.3414057831543,0,0,0,0,0,0,0,0,0,0,81.1800207630364,81.1800207630364,0,8,1,0,13,198.7014473092271
240,16.0638159856395,0,0,0,0,0,0,0,0,0,0,70.8841788859098,70.8841788859098,0,9,1,0,13,157.83217375745912
270,5.76657189891715,0,0,0,0,0,0,0,0,0,0,58.9548209332174,58.9548209332174,0,10,1,0,13,123.67621376535195
300,1.56081691538819,0,0,0,0,0,0,0,0,0,0,49.1001772564884,49.1001772564884,0,11,1,0,13,99.76117142836499
330,0.295670696720042,0,0,0,0,0,0,0,0,0,0,43.2753477636421,43.2753477636421,0,12,1,0,13,86.84636622400424
360,0.0385855057507354,0,0,0,0,0,0,0,0,0,0,40.9749552883176,40.9749552883176,0,13,1,0,13,81.98849608238594
390,0.00380344601758892,0,0,0,0,0,0,0,0,0,0,40.3991508636767,40.3991508636767,0,14,1,0,13,80.80210517337099
420,3.187439285527e-4,0,0,0,0,0,0,0,0,0,0,40.3036873168259,40.3036873168259,0,15,1,0,13,80.60769337758036
450,2.44189032814278e-5,0,0,0,0,0,0,0,0,0,0,40.2918487851743,40.2918487851743,0,16,1,0,13,80.58372198925188
480,1.77272712274576e-6,0,0,0,0,0,0,0,0,0,0,40.2906252580755,40.2906252580755,0,17,1,0,13,80.58125228887812
510,1.39718481119206e-7,0,0,0,0,0,0,0,0,0,0,2.37928703542885,2.37928703542885,0,18,1,0,13,4.758574210576181
540,1.66102977512158e-8,0,0,0,0,0,0,0,0,0,0,0.140505934877509,0.140505934877509,0,19,1,0,13,0.28101188636531577
570,1.7728573269069902e-9,0,0,0,0,0,0,0,0,0,0,0.0082976488165354,0.0082976488165354,0,20,1,0,13,0.016595299405928125
600,1.54364973306076e-10,0,0,0,0,0,0,0,0,0,0,4.9004020332428e-4,4.9004020332428e-4,0,21,1,0,13,9.800805610135333e-4
630,1.20609669153617e-11,0,0,0,0,0,0,0,0,0,0,2.89417613228222e-5,2.89417613228222e-5,0,22,1,0,13,5.788353470661132e-5
660,8.86214676040736e-13,0,0,0,0,0,0,0,0,0,0,1.70936480569284e-6,1.70936480569284e-6,0,23,1,0,13,3.4187304976003557e-6
690,6.26085487449403e-14,0,0,0,0,0,0,0,0,0,0,1.00962733530411e-7,1.00962733530411e-7,0,24,1,0,13,2.0192552966937074e-7
720,4.30404733741759e-15,0,0,0,0,0,0,0,0,0,0,5.963537797065221e-9,5.963537797065221e-9,0,25,1,0,13,1.192707989817778e-8
750,2.90005924952123e-16,0,0,0,0,0,0,0,0,0,0,3.5226003608641005e-10,3.5226003608641005e-10,0,26,1,0,13,7.04520362178745e-10
780,1.92424089332013e-17,0,0,0,0,0,0,0,0,0,0,2.0808428675448198e-11,2.0808428675448198e-11,0,27,1,0,13,4.161687659330533e-11
810,1.26133814903063e-18,0,0,0,0,0,0,0,0,0,0,1.22922588199915e-12,1.22922588199915e-12,0,28,1,0,13,2.4584530253364493e-12
840,8.18696632180391e-20,0,0,0,0,0,0,0,0,0,0,7.26173823847218e-14,7.26173823847218e-14,0,29,1,0,13,1.452348466391068e-13
870,5.27077231926378e-21,0,0,0,0,0,0,0,0,0,0,4.290085543939471e-15,4.290085543939471e-15,0,30,1,0,13,8.58017635865126e-15
900,3.3701473928015597e-22,0,0,0,0,0,0,0,0,0,0,2.53459027691282e-16,2.53459027691282e-16,0,31,1,0,13,5.069183923973033e-16
930,2.1423276509857298e-23,0,0,0,0,0,0,0,0,0,0,1.4974971622834e-17,1.4974971622834e-17,0,32,1,0,13,2.994996466894451e-17
960,1.35498294852741e-24,0,0,0,0,0,0,0,0,0,0,8.847909299412739e-19,8.847909299412739e-19,0,33,1,0,13,1.7695832148654964e-18
990,8.5324572760553394e-26,0,0,0,0,0,0,0,0,0,0,5.2279533536761495e-20,5.2279533536761495e-20,0,34,1,0,13,1.0455915239809575e-19
1020,5.35226050349099e-27,0,0,0,0,0,0,0,0,0,0,3.0891508052920902e-21,3.0891508052920902e-21,0,35,1,0,13,6.178306962844684e-21
1050,3.3459105044289997e-28,0,0,0,0,0,0,0,0,0,0,1.8254202125558899e-22,1.8254202125558899e-22,0,36,1,0,13,3.650843771022284e-22
1080,2.08528593037952e-29,0,0,0,0,0,0,0,0,0,0,1.07870554725707e-23,1.07870554725707e-23,0,37,1,0,13,2.1574131798000703e-23
1110,1.2960651112323e-30,0,0,0,0,0,0,0,0,0,0,6.374692683718679e-25,6.374692683718679e-25,0,38,1,0,13,1.2749398328088471e-24
1140,8.03551758715201e-32,0,0,0,0,0,0,0,0,0,0,3.76731424141798e-26,3.76731424141798e-26,0,39,1,0,13,7.534636518353547e-26
1170,4.97080263026599e-33,0,0,0,0,0,0,0,0,0,0,2.22648956703901e-27,2.22648956703901e-27,0,40,1,0,13,4.4529841048806505e-27
1200,3.0686782050000698e-34,0,0,0,0,0,0,0,0,0,0,1.31590843672284e-28,1.31590843672284e-28,0,41,1,0,13,2.631819942123885e-28
1230,1.89087957997556e-35,0,0,0,0,0,0,0,0,0,0,7.777622029209019e-30,7.777622029209019e-30,0,42,1,0,13,1.5555262967213837e-29
1260,1.1631357331934899e-36,0,0,0,0,0,0,0,0,0,0,4.597101749150859e-31,4.597101749150859e-31,0,43,1,0,13,9.19421512965905e-31
1290,7.1434738696149805e-38,0,0,0,0,0,0,0,0,0,0,2.7172993287854996e-32,2.7172993287854996e-32,0,44,1,0,13,5.434605801044869e-32
1320,4.38079555306473e-39,0,0,0,0,0,0,0,0,0,0,1.6062268860870498e-33,1.6062268860870498e-33,0,45,1,0,13,3.212458152969653e-33
1350,2.68291709173956e-40,0,0,0,0,0,0,0,0,0,0,9.494941760453189e-35,9.494941760453189e-35,0,46,1,0,13,1.8989910350077296e-34
1380,1.64101927177829e-41,0,0,0,0,0,0,0,0,0,0,5.6129824263573596e-36,5.6129824263573596e-36,0,47,1,0,13,1.1225981262907437e-35
1410,1.00255796943575e-42,0,0,0,0,0,0,0,0,0,0,3.31826434286537e-37,3.31826434286537e-37,0,48,1,0,13,6.636538711310435e-37
1440,6.118264643135979e-44,0,0,0,0,0,0,0,0,0,0,1.96175222800619e-38,1.96175222800619e-38,0,49,1,0,13,3.923510574277023e-38
1470,3.7299272061236296e-45,0,0,0,0,0,0,0,0,0,0,1.15982685383876e-39,1.15982685383876e-39,0,50,1,0,13,2.319657437604726e-39
1500,2.27171251486915e-46,0,0,0,0,0,0,0,0,0,0,6.85737578743572e-41,6.85737578743572e-41,0,51,1,0,13,1.3714774291996589e-40
1530,1.3823321887837901e-47,0,0,0,0,0,0,0,0,0,0,4.0545109328931e-42,4.0545109328931e-42,0,52,1,0,13,8.109035689108087e-42
1560,8.40427874119274e-49,0,0,0,0,0,0,0,0,0,0,2.3973679170034296e-43,2.3973679170034296e-43,0,53,1,0,13,4.7947442382856e-43
1590,5.10550208511781e-50,0,0,0,0,0,0,0,0,0,0,1.41757660993276e-44,1.41757660993276e-44,0,54,1,0,13,2.8351583253676053e-44
1620,3.09917239080452e-51,0,0,0,0,0,0,0,0,0,0,8.38250793074061e-46,8.38250793074061e-46,0,55,1,0,13,1.676504685320513e-45
1650,1.87992283100473e-52,0,0,0,0,0,0,0,0,0,0,4.956977398227771e-47,4.956977398227771e-47,0,56,1,0,13,9.913973595683852e-47
1680,1.13956128495782e-53,0,0,0,0,0,0,0,0,0,0,2.9314020114269097e-48,2.9314020114269097e-48,0,57,1,0,13,5.862815418466669e-48
1710,6.90325396605085e-55,0,0,0,0,0,0,0,0,0,0,1.7336013872150598e-49,1.7336013872150598e-49,0,58,1,0,13,3.4672096776840854e-49
1740,4.17929015037794e-56,0,0,0,0,0,0,0,0,0,0,1.0252705312457399e-50,1.0252705312457399e-50,0,59,1,0,13,2.0505452417816301e-50
1770,2.5286964534363798e-57,0,0,0,0,0,0,0,0,0,0,6.06377405796838e-52,6.06377405796838e-52,0,60,1,0,13,1.2127573402901295e-51
1800,1.52914426353606e-58,0,0,0,0,0,0,0,0,0,0,3.58643359613677e-53,3.58643359613677e-53,0,61,1,0,13,7.172882483716176e-53
1830,9.24206574730456e-60,0,0,0,0,0,0,0,0,0,0,2.1212788651106497e-54,2.1212788651106497e-54,0,62,1,0,13,4.242566972287047e-54
1860,5.58301729654749e-61,0,0,0,0,0,0,0,0,0,0,1.2547230080619099e-55,1.2547230080619099e-55,0,63,1,0,13,2.5094515991411163e-55
1890,3.37099431680553e-62,0,0,0,0,0,0,0,0,0,0,7.421864514398959e-57,7.421864514398959e-57,0,64,1,0,13,1.4843762738741086e-56
1920,2.03444224466957e-63,0,0,0,0,0,0,0,0,0,0,4.3902897348468e-58,4.3902897348468e-58,0,65,1,0,13,8.780599814116047e-58
1950,1.22726853685905e-64,0,0,0,0,0,0,0,0,0,0,2.597097639982e-59,2.597097639982e-59,0,66,1,0,13,5.194207552649368e-59
1980,7.40029082958484e-66,0,0,0,0,0,0,0,0,0,0,1.5363785757564898e-60,1.5363785757564898e-60,0,67,1,0,13,3.072764551803809e-60
0,250,0,0,0,0,0,0,0,0,0,0,0,0,0,1,1,0,14,250
30,250.000322400697,0,0,0,0,0,0,0,0,0,0,0,0,0,2,1,0,14,250.000322400697
60,250.000090984018,0,0,0,0,0,0,0,0,0,0,0,0,0,3,1,0,14,250.000090984018
90,250.000018876751,0,0,0,0,0,0,0,0,0,0,0,0,0,4,1,0,14,250.000018876751
120,211.634825666962,0,0,0,0,0,0,0,0,0,0,46.266856306754804,46.266856306754804,0,5,1,0,14,304.1685382804716
150,126.598169774034,0,0,0,0,0,0,0,0,0,0,78.461944650512,78.461944650512,0,6,1,0,14,283.522059075058
180,71.0235697345091,0,0,0,0,0,0,0,0,0,0,85.6056291625798,85.6056291625798,0,7,1,0,14,242.2348280596687
210,36.3414057831543,0,0,0,0,0,0,0,0,0,0,81.1800207630364,81.1800207630364,0,8,1,0,14,198.7014473092271
240,16.0638159856395,0,0,0,0,0,0,0,0,0,0,70.8841788859098,70.8841788859098,0,9,1,0,14,157.83217375745912
270,5.76657189891715,0,0,0,0,0,0,0,0,0,0,58.9548209332174,58.9548209332174,0,10,1,0,14,123.67621376535195
300,1.56081691538819,0,0,0,0,0,0,0,0,0,0,49.1001772564884,49.1001772564884,0,11,1,0,14,99.76117142836499
330,0.295670696720042,0,0,0,0,0,0,0,0,0,0,43.2753477636421,43.2753477636421,0,12,1,0,14,86.84636622400424
360,0.0385855057507354,0,0,0,0,0,0,0,0,0,0,40.9749552883176,40.9749552883176,0,13,1,0,14,81.98849608238594
390,0.00380344601758892,0,0,0,0,0,0,0,0,0,0,40.3991508636767,40.3991508636767,0,14,1,0,14,80.80210517337099
420,3.187439285527e-4,0,0,0,0,0,0,0,0,0,0,40.3036873168259,40.3036873168259,0,15,1,0,14,80.60769337758036
450,2.44189032814278e-5,0,0,0,0,0,0,0,0,0,0,40.2918487851743,40.2918487851743,0,16,1,0,14,80.58372198925188
480,1.77272712274576e-6,0,0,0,0,0,0,0,0,0,0,40.2906252580755,40.2906252580755,0,17,1,0,14,80.58125228887812
510,1.24216144471414e-7,0,0,0,0,0,0,0,0,0,0,40.2905126429773,40.2905126429773,0,18,1,0,14,80.58102541017074
540,9.404185758470071e-9,0,0,0,0,0,0,0,0,0,0,2.37927497612888,2.37927497612888,0,19,1,0,14,4.758549961661946
570,1.048997209402e-9,0,0,0,0,0,0,0,0,0,0,0.140503392517426,0.140503392517426,0,20,1,0,14,0.2810067860838492
600,1.08713721437551e-10,0,0,0,0,0,0,0,0,0,0,0.00829716550772681,0.00829716550772681,0,21,1,0,14,0.016594331124167343
630,9.35303978744996e-12,0,0,0,0,0,0,0,0,0,0,4.899747071888e-4,4.899747071888e-4,0,22,1,0,14,9.7994942373064e-4
660,7.26235440524592e-13,0,0,0,0,0,0,0,0,0,0,2.89346711503253e-5,2.89346711503253e-5,0,23,1,0,14,5.7869343026886035e-5
690,5.31588013880173e-14,0,0,0,0,0,0,0,0,0,0,1.70869448571549e-6,1.70869448571549e-6,0,24,1,0,14,3.4173890245897815e-6
720,3.7458149654075704e-15,0,0,0,0,0,0,0,0,0,0,1.00904669148403e-7,1.00904669148403e-7,0,25,1,0,14,2.0180934204262095e-7
750,2.57025045051272e-16,0,0,0,0,0,0,0,0,0,0,5.9588037912936e-9,5.9588037912936e-9,0,26,1,0,14,1.1917607839612245e-8
780,1.72935945776609e-17,0,0,0,0,0,0,0,0,0,0,3.51890778322729e-10,3.51890778322729e-10,0,27,1,0,14,7.037815739390526e-10
810,1.14616586359552e-18,0,0,0,0,0,0,0,0,0,0,2.0780579957611498e-11,2.0780579957611498e-11,0,28,1,0,14,4.156116106138886e-11
840,7.50619226012139e-20,0,0,0,0,0,0,0,0,0,0,1.2271804267172298e-12,1.2271804267172298e-12,0,29,1,0,14,2.4543609284963824e-12
870,4.86829289846961e-21,0,0,0,0,0,0,0,0,0,0,7.247031568891991e-14,7.247031568891991e-14,0,30,1,0,14,1.449406362461327e-13
900,3.13214675941773e-22,0,0,0,0,0,0,0,0,0,0,4.279695441179411e-15,4.279695441179411e-15,0,31,1,0,14,8.559391195573497e-15
930,2.00155629304675e-23,0,0,0,0,0,0,0,0,0,0,2.52735676942427e-16,2.52735676942427e-16,0,32,1,0,14,5.054713739004169e-16
960,1.27169922587213e-24,0,0,0,0,0,0,0,0,0,0,1.49252363949836e-17,1.49252363949836e-17,0,33,1,0,14,2.985047406166643e-17
990,8.039597519859339e-26,0,0,0,0,0,0,0,0,0,0,8.814077436784618e-19,8.814077436784618e-19,0,34,1,0,14,1.762815567752899e-18
1020,5.06051001522771e-27,0,0,0,0,0,0,0,0,0,0,5.2051527911440097e-20,5.2051527911440097e-20,0,35,1,0,14,1.0410306088339021e-19
1050,3.173154853314e-28,0,0,0,0,0,0,0,0,0,0,3.0739095198458803e-21,3.0739095198458803e-21,0,36,1,0,14,6.147819357007246e-21
1080,1.9829583726294e-29,0,0,0,0,0,0,0,0,0,0,1.81530521275279e-22,1.81530521275279e-22,0,37,1,0,14,3.630610623801417e-22
1110,1.23543342449427e-30,0,0,0,0,0,0,0,0,0,0,1.07203559749653e-23,1.07203559749653e-23,0,38,1,0,14,2.1440713185364024e-23
1140,7.67613240502345e-32,0,0,0,0,0,0,0,0,0,0,6.33096241546582e-25,6.33096241546582e-25,0,39,1,0,14,1.266192559854488e-24
1170,4.75770399135599e-33,0,0,0,0,0,0,0,0,0,0,3.73879144950767e-26,3.73879144950767e-26,0,40,1,0,14,7.477583374785739e-26
1200,2.94227228609349e-34,0,0,0,0,0,0,0,0,0,0,2.20797282024668e-27,2.20797282024668e-27,0,41,1,0,14,4.415945934720588e-27
1230,1.8158683486438698e-35,0,0,0,0,0,0,0,0,0,0,1.30393872009135e-28,1.30393872009135e-28,0,42,1,0,14,2.607877621769535e-28
1260,1.1186046842088e-36,0,0,0,0,0,0,0,0,0,0,7.70054772836851e-30,7.70054772836851e-30,0,43,1,0,14,1.5401096575341704e-29
1290,6.8790001339159e-38,0,0,0,0,0,0,0,0,0,0,4.547649955425159e-31,4.547649955425159e-31,0,44,1,0,14,9.095300598750333e-31
1320,4.22365436078028e-39,0,0,0,0,0,0,0,0,0,0,2.68567475100546e-32,2.68567475100546e-32,0,45,1,0,14,5.371349924376356e-32
1350,2.58950783905929e-40,0,0,0,0,0,0,0,0,0,0,1.58606426379066e-33,1.58606426379066e-33,0,46,1,0,14,3.172128786532104e-33
1380,1.5854689991898899e-41,0,0,0,0,0,0,0,0,0,0,9.366754111667849e-35,9.366754111667849e-35,0,47,1,0,14,1.8733509808804696e-34
1410,9.695071221025807e-43,0,0,0,0,0,0,0,0,0,0,5.531697656402409e-36,5.531697656402409e-36,0,48,1,0,14,1.106339628231194e-35
1440,5.92152932220406e-44,0,0,0,0,0,0,0,0,0,0,3.26684648019801e-37,3.26684648019801e-37,0,49,1,0,14,6.533693552548953e-37
1470,3.61276482256744e-45,0,0,0,0,0,0,0,0,0,0,1.92930101357901e-38,1.92930101357901e-38,0,50,1,0,14,3.8586023884345023e-38
1500,2.20190494686089e-46,0,0,0,0,0,0,0,0,0,0,1.13938955572536e-39,1.13938955572536e-39,0,51,1,0,14,2.2787793316412147e-39
1530,1.34071937007021e-47,0,0,0,0,0,0,0,0,0,0,6.728921331319899e-41,6.728921331319899e-41,0,52,1,0,14,1.345784400335917e-40
1560,8.15610062808465e-49,0,0,0,0,0,0,0,0,0,0,3.9739247825928397e-42,3.9739247825928397e-42,0,53,1,0,14,7.947850380795743e-42
1590,4.957416606950909e-50,0,0,0,0,0,0,0,0,0,0,2.3469012110508594e-43,2.3469012110508594e-43,0,54,1,0,14,4.69380291784338e-43
1620,3.01076784853452e-51,0,0,0,0,0,0,0,0,0,0,1.38602463696199e-44,1.38602463696199e-44,0,55,1,0,14,2.772049575000765e-44
1650,1.82712090051774e-52,0,0,0,0,0,0,0,0,0,0,8.185553764159151e-46,8.185553764159151e-46,0,56,1,0,14,1.6371109355439202e-45
1680,1.10800850163048e-53,0,0,0,0,0,0,0,0,0,0,4.83421715112194e-47,4.83421715112194e-47,0,57,1,0,14,9.668435410252382e-47
1710,6.7146124446928e-55,0,0,0,0,0,0,0,0,0,0,2.85499412088731e-48,2.85499412088731e-48,0,58,1,0,14,5.709988913235865e-48
1740,4.06645425146368e-56,0,0,0,0,0,0,0,0,0,0,1.68610748150609e-49,1.68610748150609e-49,0,59,1,0,14,3.372215369657605e-49
1770,2.46117124993556e-57,0,0,0,0,0,0,0,0,0,0,9.9578657315256e-51,9.9578657315256e-51,0,60,1,0,14,1.9915733924222449e-50
1800,1.488715457079e-58,0,0,0,0,0,0,0,0,0,0,5.8809603326451e-52,5.8809603326451e-52,0,61,1,0,14,1.1761922154005657e-51
1830,8.999896074136939e-60,0,0,0,0,0,0,0,0,0,0,3.47321131443164e-53,3.47321131443164e-53,0,62,1,0,14,6.946423528852888e-53
1860,5.4378898894305805e-61,0,0,0,0,0,0,0,0,0,0,2.05123367180517e-54,2.05123367180517e-54,0,63,1,0,14,4.102467887399329e-54
1890,3.28398282169139e-62,0,0,0,0,0,0,0,0,0,0,1.2114347842050799e-55,1.2114347842050799e-55,0,64,1,0,14,2.422869896808442e-55
1920,1.98225099771002e-63,0,0,0,0,0,0,0,0,0,0,7.15460916215435e-57,7.15460916215435e-57,0,65,1,0,14,1.4309220306559696e-56
1950,1.19594948687348e-64,0,0,0,0,0,0,0,0,0,0,4.2254479984808606e-58,4.2254479984808606e-58,0,66,1,0,14,8.450897192911208e-58
1980,7.21227038373459e-66,0,0,0,0,0,0,0,0,0,0,2.4955172725243e-59,2.4955172725243e-59,0,67,1,0,14,4.991035266275639e-59
0,250,0,0,0,0,0,0,0,0,0,0,0,0,0,1,1,0,15,250
30,250.000322400697,0,0,0,0,0,0,0,0,0,0,0,0,0,2,1,0,15,250.000322400697
60,250.000090984018,0,0,0,0,0,0,0,0,0,0,0,0,0,3,1,0,15,250.000090984018
90,250.000018876751,0,0,0,0,0,0,0,0,0,0,0,0,0,4,1,0,15,250.000018876751
120,211.634825666962,0,0,0,0,0,0,0,0,0,0,46.266856306754804,46.266856306754804,0,5,1,0,15,304.1685382804716
150,126.598169774034,0,0,0,0,0,0,0,0,0,0,78.461944650512,78.461944650512,0,6,1,0,15,283.522059075058
180,71.0235697345091,0,0,0,0,0,0,0,0,0,0,85.6056291625798,85.6056291625798,0,7,1,0,15,242.2348280596687
210,36.3414057831543,0,0,0,0,0,0,0,0,0,0,81.1800207630364,81.1800207630364,0,8,1,0,15,198.7014473092271
240,16.0638159856395,0,0,0,0,0,0,0,0,0,0,70.8841788859098,70.8841788859098,0,9,1,0,15,157.83217375745912
270,5.76657189891715,0,0,0,0,0,0,0,0,0,0,58.9548209332174,58.9548209332174,0,10,1,0,15,123.67621376535195
300,1.56081691538819,0,0,0,0,0,0,0,0,0,0,49.1001772564884,49.1001772564884,0,11,1,0,15,99.76117142836499
330,0.295670696720042,0,0,0,0,0,0,0,0,0,0,43.2753477636421,43.2753477636421,0,12,1,0,15,86.84636622400424
360,0.0385855057507354,0,0,0,0,0,0,0,0,0,0,40.9749552883176,40.9749552883176,0,13,1,0,15,81.98849608238594
390,0.00380344601758892,0,0,0,0,0,0,0,0,0,0,40.3991508636767,40.3991508636767,0,14,1,0,15,80.80210517337099
420,3.187439285527e-4,0,0,0,0,0,0,0,0,0,0,40.3036873168259,40.3036873168259,0,15,1,0,15,80.60769337758036
450,2.44189032814278e-5,0,0,0,0,0,0,0,0,0,0,40.2918487851743,40.2918487851743,0,16,1,0,15,80.58372198925188
480,1.77272712274576e-6,0,0,0,0,0,0,0,0,0,0,40.2906252580755,40.2906252580755,0,17,1,0,15,80.58125228887812
510,1.24216144471414e-7,0,0,0,0,0,0,0,0,0,0,40.2905126429773,40.2905126429773,0,18,1,0,15,80.58102541017074
540,8.488723646036451e-9,0,0,0,0,0,0,0,0,0,0,40.2905030542414,40.2905030542414,0,19,1,0,15,80.58100611697152
570,6.23456347469407e-10,0,0,0,0,0,0,0,0,0,0,2.37927403167797,2.37927403167797,0,20,1,0,15,4.758548063979396
600,6.59685662920468e-11,0,0,0,0,0,0,0,0,0,0,0.140503214637176,0.140503214637176,0,21,1,0,15,0.28100642934032055
630,6.6573853625722696e-12,0,0,0,0,0,0,0,0,0,0,0.00829713399951763,0.00829713399951763,0,22,1,0,15,0.016594268005692647
660,5.66350325489179e-13,0,0,0,0,0,0,0,0,0,0,4.8997058088923e-4,4.8997058088923e-4,0,23,1,0,15,9.799411623448104e-4
690,4.37145492609987e-14,0,0,0,0,0,0,0,0,0,0,2.89342322486193e-5,2.89342322486193e-5,0,24,1,0,15,5.786846454095315e-5
720,3.1880863470834503e-15,0,0,0,0,0,0,0,0,0,0,1.70865341682126e-6,1.70865341682126e-6,0,25,1,0,15,3.417306836830606e-6
750,2.2408875194477897e-16,0,0,0,0,0,0,0,0,0,0,1.00901135441861e-7,1.00901135441861e-7,0,26,1,0,15,2.0180227110781075e-7
780,1.53485509574937e-17,0,0,0,0,0,0,0,0,0,0,5.958517032748911e-9,5.958517032748911e-9,0,27,1,0,15,1.1917034080846373e-8
810,1.031300881142e-18,0,0,0,0,0,0,0,0,0,0,3.51868487850934e-10,3.51868487850934e-10,0,28,1,0,15,7.037369767331689e-10
840,6.827848008940169e-20,0,0,0,0,0,0,0,0,0,0,2.0778903295009098e-11,2.0778903295009098e-11,0,29,1,0,15,4.1557806658296675e-11
870,4.4676870030599e-21,0,0,0,0,0,0,0,0,0,0,1.22705753558604e-12,1.22705753558604e-12,0,30,1,0,15,2.454115075639767e-12
900,2.89556039620188e-22,0,0,0,0,0,0,0,0,0,0,7.246149493371711e-14,7.246149493371711e-14,0,31,1,0,15,1.4492299015699024e-13
930,1.86183333823713e-23,0,0,0,0,0,0,0,0,0,0,4.27907314360179e-15,4.27907314360179e-15,0,32,1,0,15,8.558146305821914e-15
960,1.18918059925486e-24,0,0,0,0,0,0,0,0,0,0,2.52692404699517e-16,2.52692404699517e-16,0,33,1,0,15,5.053848105882146e-16
990,7.55224536105025e-26,0,0,0,0,0,0,0,0,0,0,1.4922264177339502e-17,1.4922264177339502e-17,0,34,1,0,15,2.984452843020146e-17
1020,4.77267676218571e-27,0,0,0,0,0,0,0,0,0,0,8.812057412268249e-19,8.812057412268249e-19,0,35,1,0,15,1.7624114872263264e-18
1050,3.0031557219062598e-28,0,0,0,0,0,0,0,0,0,0,5.2037924834385095e-20,5.2037924834385095e-20,0,36,1,0,15,1.0407584996908577e-19
1080,1.88255215703609e-29,0,0,0,0,0,0,0,0,0,0,3.07300083786457e-21,3.07300083786457e-21,0,37,1,0,15,6.146001694554661e-21
1110,1.1761295389955498e-30,0,0,0,0,0,0,0,0,0,0,1.81470253380812e-22,1.81470253380812e-22,0,38,1,0,15,3.6294050793775355e-22
1140,7.32585280364791e-32,0,0,0,0,0,0,0,0,0,0,1.07163840747729e-23,1.07163840747729e-23,0,39,1,0,15,2.1432768222804326e-23
1170,4.55080604209968e-33,0,0,0,0,0,0,0,0,0,0,6.328359649456379e-25,6.328359649456379e-25,0,40,1,0,15,1.265671934442082e-24
1200,2.82006202883679e-34,0,0,0,0,0,0,0,0,0,0,3.73709461121959e-26,3.73709461121959e-26,0,41,1,0,15,7.4741892506398e-26
1230,1.7436795599372698e-35,0,0,0,0,0,0,0,0,0,0,2.20687172722087e-27,2.20687172722087e-27,0,42,1,0,15,4.4137434718785356e-27
1260,1.0759621541044599e-36,0,0,0,0,0,0,0,0,0,0,1.30322723254581e-28,1.30322723254581e-28,0,43,1,0,15,2.6064544758512417e-28
1290,6.62710036038647e-38,0,0,0,0,0,0,0,0,0,0,7.695968118632969e-30,7.695968118632969e-30,0,44,1,0,15,1.539193630353694e-29
1320,4.07484690942911e-39,0,0,0,0,0,0,0,0,0,0,4.544712670093639e-31,4.544712670093639e-31,0,45,1,0,15,9.089425380935747e-31
1350,2.50159867415492e-40,0,0,0,0,0,0,0,0,0,0,2.6837969806258e-32,2.6837969806258e-32,0,46,1,0,15,5.367593986267586e-32
1380,1.53353441145066e-41,0,0,0,0,0,0,0,0,0,0,1.58486745228941e-33,1.58486745228941e-33,0,47,1,0,15,3.1697349199141646e-33
1410,9.388244794347158e-43,0,0,0,0,0,0,0,0,0,0,9.35914748174175e-35,9.35914748174175e-35,0,48,1,0,15,1.8718295057365946e-34
1440,5.740252259561859e-44,0,0,0,0,0,0,0,0,0,0,5.5268756452791094e-36,5.5268756452791094e-36,0,49,1,0,15,1.1053751347960741e-35
1470,3.5056603898457096e-45,0,0,0,0,0,0,0,0,0,0,3.26379710535175e-37,3.26379710535175e-37,0,50,1,0,15,6.527594245760104e-37
1500,2.13862195445686e-46,0,0,0,0,0,0,0,0,0,0,1.92737699285915e-38,1.92737699285915e-38,0,51,1,0,15,3.85475400710452e-38
1530,1.3033270843855402e-47,0,0,0,0,0,0,0,0,0,0,1.13817815463348e-39,1.13817815463348e-39,0,52,1,0,15,2.276356322300231e-39
1560,7.93515117369329e-49,0,0,0,0,0,0,0,0,0,0,6.72130926490868e-41,6.72130926490868e-41,0,53,1,0,15,1.3442618609168872e-40
1590,4.82685357254474e-50,0,0,0,0,0,0,0,0,0,0,3.96915052854142e-42,3.96915052854142e-42,0,54,1,0,15,7.938301105351376e-42
1620,2.93361279418545e-51,0,0,0,0,0,0,0,0,0,0,2.3439120849344394e-43,2.3439120849344394e-43,0,55,1,0,15,4.687824199205007e-43
1650,1.7815249961661303e-52,0,0,0,0,0,0,0,0,0,0,1.3841562704054398e-44,1.3841562704054398e-44,0,56,1,0,15,2.76831255862613e-44
1680,1.08106183499856e-53,0,0,0,0,0,0,0,0,0,0,8.173893756136421e-46,8.173893756136421e-46,0,57,1,0,15,1.6347787620379026e-45
1710,6.555353995596319e-55,0,0,0,0,0,0,0,0,0,0,4.82695122270252e-47,4.82695122270252e-47,0,58,1,0,15,9.65390251095858e-47
1740,3.97232630551508e-56,0,0,0,0,0,0,0,0,0,0,2.85047272435783e-48,2.85047272435783e-48,0,59,1,0,15,5.700945488438923e-48
1770,2.4055355195020998e-57,0,0,0,0,0,0,0,0,0,0,1.6832976878247198e-49,1.6832976878247198e-49,0,60,1,0,15,3.366595399704795e-49
1800,1.45582964568412e-58,0,0,0,0,0,0,0,0,0,0,9.94042657656066e-51,9.94042657656066e-51,0,61,1,0,15,1.9880853298704286e-50
1830,8.805501865755859e-60,0,0,0,0,0,0,0,0,0,0,5.8701496695314e-52,5.8701496695314e-52,0,62,1,0,15,1.1740299427117819e-51
1860,5.3229744168356106e-61,0,0,0,0,0,0,0,0,0,0,3.46651740323447e-53,3.46651740323447e-53,0,63,1,0,15,6.933034859698684e-53
1890,3.2160476703698497e-62,0,0,0,0,0,0,0,0,0,0,2.04709337593883e-54,2.04709337593883e-54,0,64,1,0,15,4.0941867840381366e-54
1920,1.94208746882857e-63,0,0,0,0,0,0,0,0,0,0,1.20887662151467e-55,1.20887662151467e-55,0,65,1,0,15,2.4177532624502145e-55
1950,1.172203464267e-64,0,0,0,0,0,0,0,0,0,0,7.13881886127872e-57,7.13881886127872e-57,0,66,1,0,15,1.4277637839777785e-56
1980,7.07186880268148e-66,0,0,0,0,0,0,0,0,0,0,4.21571073516801e-58,4.21571073516801e-58,0,67,1,0,15,8.43142154105471e-58
0,250,0,0,0,0,0,0,0,0,0,0,0,0,0,1,1,0,16,250
30,250.000322400697,0,0,0,0,0,0,0,0,0,0,0,0,0,2,1,0,16,250.000322400697
60,250.000090984018,0,0,0,0,0,0,0,0,0,0,0,0,0,3,1,0,16,250.000090984018
90,250.000018876751,0,0,0,0,0,0,0,0,0,0,0,0,0,4,1,0,16,250.000018876751
120,211.634825666962,0,0,0,0,0,0,0,0,0,0,46.266856306754804,46.266856306754804,0,5,1,0,16,304.1685382804716
150,126.598169774034,0,0,0,0,0,0,0,0,0,0,78.461944650512,78.461944650512,0,6,1,0,16,283.522059075058
180,71.0235697345091,0,0,0,0,0,0,0,0,0,0,85.6056291625798,85.6056291625798,0,7,1,0,16,242.2348280596687
210,36.3414057831543,0,0,0,0,0,0,0,0,0,0,81.1800207630364,81.1800207630364,0,8,1,0,16,198.7014473092271
240,16.0638159856395,0,0,0,0,0,0,0,0,0,0,70.8841788859098,70.8841788859098,0,9,1,0,16,157.83217375745912
270,5.76657189891715,0,0,0,0,0,0,0,0,0,0,58.9548209332174,58.9548209332174,0,10,1,0,16,123.67621376535195
300,1.56081691538819,0,0,0,0,0,0,0,0,0,0,49.1001772564884,49.1001772564884,0,11,1,0,16,99.76117142836499
330,0.295670696720042,0,0,0,0,0,0,0,0,0,0,43.2753477636421,43.2753477636421,0,12,1,0,16,86.84636622400424
360,0.0385855057507354,0,0,0,0,0,0,0,0,0,0,40.9749552883176,40.9749552883176,0,13,1,0,16,81.98849608238594
390,0.00380344601758892,0,0,0,0,0,0,0,0,0,0,40.3991508636767,40.3991508636767,0,14,1,0,16,80.80210517337099
420,3.187439285527e-4,0,0,0,0,0,0,0,0,0,0,40.3036873168259,40.3036873168259,0,15,1,0,16,80.60769337758036
450,2.44189032814278e-5,0,0,0,0,0,0,0,0,0,0,40.2918487851743,40.2918487851743,0,16,1,0,16,80.58372198925188
480,1.77272712274576e-6,0,0,0,0,0,0,0,0,0,0,40.2906252580755,40.2906252580755,0,17,1,0,16,80.58125228887812
510,1.24216144471414e-7,0,0,0,0,0,0,0,0,0,0,40.2905126429773,40.2905126429773,0,18,1,0,16,80.58102541017074
540,8.488723646036451e-9,0,0,0,0,0,0,0,0,0,0,40.2905030542414,40.2905030542414,0,19,1,0,16,80.58100611697152
570,5.69395573894808e-10,0,0,0,0,0,0,0,0,0,0,40.2905022816982,40.2905022816982,0,20,1,0,16,80.5810045639658
600,4.08391203357682e-11,0,0,0,0,0,0,0,0,0,0,2.37927396025113,2.37927396025113,0,21,1,0,16,4.7585479205431
630,4.13316100563266e-12,0,0,0,0,0,0,0,0,0,0,0.140503202380034,0.140503202380034,0,22,1,0,16,0.28100640476420113
660,4.0716470671852996e-13,0,0,0,0,0,0,0,0,0,0,0.00829713195688097,0.00829713195688097,0,23,1,0,16,0.016594263914169103
690,3.42729634913414e-14,0,0,0,0,0,0,0,0,0,0,4.8997032155053e-4,4.8997032155053e-4,0,24,1,0,16,9.799406431353329e-4
720,2.6303870255376804e-15,0,0,0,0,0,0,0,0,0,0,2.89342051130954e-5,2.89342051130954e-5,0,25,1,0,16,5.786841022882119e-5
750,1.91154408652401e-16,0,0,0,0,0,0,0,0,0,0,1.70865090247448e-6,1.70865090247448e-6,0,26,1,0,16,3.4173018051401145e-6
780,1.3403675579980801e-17,0,0,0,0,0,0,0,0,0,0,1.00900920486336e-7,1.00900920486336e-7,0,27,1,0,16,2.0180184098607568e-7
810,9.164499894231439e-19,0,0,0,0,0,0,0,0,0,0,5.958499667888911e-9,5.958499667888911e-9,0,28,1,0,16,1.1916999336694271e-8
840,6.1496177424455e-20,0,0,0,0,0,0,0,0,0,0,3.51867142538293e-10,3.51867142538293e-10,0,29,1,0,16,7.037342851380823e-10
870,4.06717068672697e-21,0,0,0,0,0,0,0,0,0,0,2.07788023615179e-11,2.07788023615179e-11,0,30,1,0,16,4.155760472710297e-11
900,2.65904275356456e-22,0,0,0,0,0,0,0,0,0,0,1.22705015266449e-12,1.22705015266449e-12,0,31,1,0,16,2.454100305594884e-12
930,1.7221620362225298e-23,0,0,0,0,0,0,0,0,0,0,7.246096588150271e-14,7.246096588150271e-14,0,32,1,0,16,1.4492193178022705e-13
960,1.10670012257049e-24,0,0,0,0,0,0,0,0,0,0,4.27903587013697e-15,4.27903587013697e-15,0,33,1,0,16,8.558071741380641e-15
990,7.06517072707314e-26,0,0,0,0,0,0,0,0,0,0,2.52689815805583e-16,2.52689815805583e-16,0,34,1,0,16,5.053796316818176e-16
1020,4.48504273435339e-27,0,0,0,0,0,0,0,0,0,0,1.49220865286151e-17,1.49220865286151e-17,0,35,1,0,16,2.9844173061715244e-17
1050,2.83329794264301e-28,0,0,0,0,0,0,0,0,0,0,8.8119367773494e-19,8.8119367773494e-19,0,36,1,0,16,1.7623873557532096e-18
1080,1.78224519461392e-29,0,0,0,0,0,0,0,0,0,0,5.2037113059767896e-20,5.2037113059767896e-20,0,37,1,0,16,1.0407422613735824e-19
1110,1.1168947011616198e-30,0,0,0,0,0,0,0,0,0,0,3.07294664643736e-21,3.07294664643736e-21,0,38,1,0,16,6.145893293991615e-21
1140,6.97604954904055e-32,0,0,0,0,0,0,0,0,0,0,1.81466661210659e-22,1.81466661210659e-22,0,39,1,0,16,3.629333224910785e-22
1170,4.3442342417569e-33,0,0,0,0,0,0,0,0,0,0,1.07161474566087e-23,1.07161474566087e-23,0,40,1,0,16,2.1432294917561632e-23
1200,2.69807355463646e-34,0,0,0,0,0,0,0,0,0,0,6.328204665658629e-25,6.328204665658629e-25,0,41,1,0,16,1.2656409334015332e-24
1230,1.67164064387025e-35,0,0,0,0,0,0,0,0,0,0,3.73699361333555e-26,3.73699361333555e-26,0,42,1,0,16,7.47398722834274e-26
1260,1.0334203234099799e-36,0,0,0,0,0,0,0,0,0,0,2.20680621338786e-27,2.20680621338786e-27,0,43,1,0,16,4.4136124278091405e-27
1290,6.37587363091228e-38,0,0,0,0,0,0,0,0,0,0,1.3031849142872699e-28,1.3031849142872699e-28,0,44,1,0,16,2.606369829212127e-28
1320,3.9264871199714e-39,0,0,0,0,0,0,0,0,0,0,7.69569581532844e-30,7.69569581532844e-30,0,45,1,0,16,1.5391391634583365e-29
1350,2.4139859275468696e-40,0,0,0,0,0,0,0,0,0,0,4.544538069601679e-31,4.544538069601679e-31,0,46,1,0,16,9.089076141617344e-31
1380,1.48179527982547e-41,0,0,0,0,0,0,0,0,0,0,2.68368539035667e-32,2.68368539035667e-32,0,47,1,0,16,5.367370782195136e-32
1410,9.082702202996148e-43,0,0,0,0,0,0,0,0,0,0,1.58479634688082e-33,1.58479634688082e-33,0,48,1,0,16,3.16959269466991e-33
1440,5.55981542830038e-44,0,0,0,0,0,0,0,0,0,0,9.35869565722075e-35,9.35869565722075e-35,0,49,1,0,16,1.8717391320001314e-34
1470,3.3991040076597895e-45,0,0,0,0,0,0,0,0,0,0,5.5265892847739494e-36,5.5265892847739494e-36,0,50,1,0,16,1.1053178572947003e-35
1500,2.07569530435113e-46,0,0,0,0,0,0,0,0,0,0,3.26361605090111e-37,3.26361605090111e-37,0,51,1,0,16,6.527232103877915e-37
1530,1.2661658048920602e-47,0,0,0,0,0,0,0,0,0,0,1.92726277682283e-38,1.92726277682283e-38,0,52,1,0,16,3.854525554911826e-38
1560,7.71569508522944e-49,0,0,0,0,0,0,0,0,0,0,1.13810625458419e-39,1.13810625458419e-39,0,53,1,0,16,2.2762125099399496e-39
1590,4.69725340333487e-50,0,0,0,0,0,0,0,0,0,0,6.72085754195689e-41,6.72085754195689e-41,0,54,1,0,16,1.3441715088611033e-40
1620,2.85707701793747e-51,0,0,0,0,0,0,0,0,0,0,3.96886725400313e-42,3.96886725400313e-42,0,55,1,0,16,7.937734510863336e-42
1650,1.73632645353493e-52,0,0,0,0,0,0,0,0,0,0,2.3437347548652094e-43,2.3437347548652094e-43,0,56,1,0,16,4.6874695114667455e-43
1680,1.05436957052058e-53,0,0,0,0,0,0,0,0,0,0,1.3840454448947198e-44,1.3840454448947198e-44,0,57,1,0,16,2.768090890843809e-44
1710,6.39772087126684e-55,0,0,0,0,0,0,0,0,0,0,8.17320221325607e-46,8.17320221325607e-46,0,58,1,0,16,1.634640443290986e-45
1740,3.8792346714995297e-56,0,0,0,0,0,0,0,0,0,0,4.82652034221156e-47,4.82652034221156e-47,0,59,1,0,16,9.653040688302355e-47
1770,2.35055928901042e-57,0,0,0,0,0,0,0,0,0,0,2.85020463080109e-48,2.85020463080109e-48,0,60,1,0,16,5.700409263952739e-48
1800,1.42336277521228e-58,0,0,0,0,0,0,0,0,0,0,1.68313110175445e-49,1.68313110175445e-49,0,61,1,0,16,3.3662622049322628e-49
1830,8.61376435182657e-60,0,0,0,0,0,0,0,0,0,0,9.93939276262062e-51,9.93939276262062e-51,0,62,1,0,16,1.9878785533855004e-50
1860,5.2097409044664904e-61,0,0,0,0,0,0,0,0,0,0,5.8695088672751e-52,5.8695088672751e-52,0,63,1,0,16,1.173901773975994e-51
1890,3.1491757002573397e-62,0,0,0,0,0,0,0,0,0,0,3.4661206611224e-53,3.4661206611224e-53,0,64,1,0,16,6.932241325393976e-53
1920,1.90259497679853e-63,0,0,0,0,0,0,0,0,0,0,2.0468480078079e-54,2.0468480078079e-54,0,65,1,0,16,4.093696017518395e-54
1950,1.14888036443484e-64,0,0,0,0,0,0,0,0,0,0,1.2087250299609699e-55,1.2087250299609699e-55,0,66,1,0,16,2.41745006107082e-55
1980,6.93412903582406e-66,0,0,0,0,0,0,0,0,0,0,7.13788324268723e-57,7.13788324268723e-57,0,67,1,0,16,1.4275766492308588e-56
0,250,0,0,0,0,0,0,0,0,0,0,0,0,0,1,1,0,6,250
30,250.000322400697,0,0,0,0,0,0,0,0,0,0,0,0,0,2,1,0,6,250.000322400697
60,250.000090984018,0,0,0,0,0,0,0,0,0,0,0,0,0,3,1,0,6,250.000090984018
90,250.000018876751,0,0,0,0,0,0,0,0,0,0,0,0,0,4,1,0,6,250.000018876751
120,211.634825666962,0,0,0,0,0,0,0,0,0,0,46.266856306754804,46.266856306754804,0,5,1,0,6,304.1685382804716
150,126.598169774034,0,0,0,0,0,0,0,0,0,0,78.461944650512,78.461944650512,0,6,1,0,6,283.522059075058
180,71.0235697345091,0,0,0,0,0,0,0,0,0,0,85.6056291625798,85.6056291625798,0,7,1,0,6,242.2348280596687
210,36.3414057831543,0,0,0,0,0,0,0,0,0,0,81.1800207630364,81.1800207630364,0,8,1,0,6,198.7014473092271
240,16.0638159856395,0,0,0,0,0,0,0,0,0,0,70.8841788859098,70.8841788859098,0,9,1,0,6,157.83217375745912
270,5.76657189891715,0,0,0,0,0,0,0,0,0,0,58.9548209332174,58.9548209332174,0,10,1,0,6,123.67621376535195
300,2.45391611826234,0,0,0,0,0,0,0,0,0,0,17.5463676102991,17.5463676102991,0,11,1,0,6,37.54665133886054
330,1.62814990182198,0,0,0,0,0,0,0,0,0,0,13.1978965042674,13.1978965042674,0,12,1,0,6,28.02394291035678
360,1.52351134878047,0,0,0,0,0,0,0,0,0,0,11.3868332234367,11.3868332234367,0,13,1,0,6,24.29717779565387
390,1.53442211372821,0,0,0,0,0,0,0,0,0,0,11.3133441841771,11.3133441841771,0,14,1,0,6,24.161110482082407
420,1.62065338456706,0,0,0,0,0,0,0,0,0,0,11.5044471379036,11.5044471379036,0,15,1,0,6,24.62954766037426
450,1.73224884324099,0,0,0,0,0,0,0,0,0,0,11.9161994471274,11.9161994471274,0,16,1,0,6,25.56464773749579
480,1.86645412758598,0,0,0,0,0,0,0,0,0,0,12.3992032487093,12.3992032487093,0,17,1,0,6,26.66486062500458
510,2.01758434776854,0,0,0,0,0,0,0,0,0,0,12.9379327174457,12.9379327174457,0,18,1,0,6,27.89344978265994
540,2.18683957379562,0,0,0,0,0,0,0,0,0,0,13.5175553258284,13.5175553258284,0,19,1,0,6,29.22195022545242
570,2.37545158127124,0,0,0,0,0,0,0,0,0,0,14.1362745621819,14.1362745621819,0,20,1,0,6,30.648000705635038
600,2.5859824731056,0,0,0,0,0,0,0,0,0,0,14.7951708390159,14.7951708390159,0,21,1,0,6,32.1763241511374
630,2.82147963333717,0,0,0,0,0,0,0,0,0,0,15.4965665052244,15.4965665052244,0,22,1,0,6,33.81461264378597
660,3.08569311218066,0,0,0,0,0,0,0,0,0,0,16.2437803527176,16.2437803527176,0,23,1,0,6,35.57325381761586
690,3.38308954378143,0,0,0,0,0,0,0,0,0,0,17.040479050737,17.040479050737,0,24,1,0,6,37.464047645255434
720,3.71901380945045,0,0,0,0,0,0,0,0,0,0,17.8908017544799,17.8908017544799,0,25,1,0,6,39.50061731841025
750,4.09987563605442,0,0,0,0,0,0,0,0,0,0,18.7992354777746,18.7992354777746,0,26,1,0,6,41.698346591603624
780,4.53339893746004,0,0,0,0,0,0,0,0,0,0,19.770652068334,19.770652068334,0,27,1,0,6,44.074703074128045
810,5.02894026724857,0,0,0,0,0,0,0,0,0,0,20.8102796845098,20.8102796845098,0,28,1,0,6,46.649499636268175
840,5.59789730947854,0,0,0,0,0,0,0,0,0,0,21.9236813303938,21.9236813303938,0,29,1,0,6,49.44525997026614
870,6.25423576092237,0,0,0,0,0,0,0,0,0,0,23.116691886441,23.116691886441,0,30,1,0,6,52.48761953380437
900,7.01517193425344,0,0,0,0,0,0,0,0,0,0,24.3953084613071,24.3953084613071,0,31,1,0,6,55.805788856867636
930,7.90206225427242,0,0,0,0,0,0,0,0,0,0,25.7655029699188,25.7655029699188,0,32,1,0,6,59.43306819411002
960,8.94156801478002,0,0,0,0,0,0,0,0,0,0,27.2329202983109,27.2329202983109,0,33,1,0,6,63.40740861140182
990,10.1671872634014,0,0,0,0,0,0,0,0,0,0,28.8024051824596,28.8024051824596,0,34,1,0,6,67.7719976283206
1020,11.6212758431594,0,0,0,0,0,0,0,0,0,0,30.4772756627323,30.4772756627323,0,35,1,0,6,72.575827168624
1050,13.3577172718563,0,0,0,0,0,0,0,0,0,0,32.2582234308414,32.2582234308414,0,36,1,0,6,77.8741641335391
1080,15.445444175757,0,0,0,0,0,0,0,0,0,0,34.1416693873686,34.1416693873686,0,37,1,0,6,83.7287829504942
1110,17.973054425179,0,0,0,0,0,0,0,0,0,0,36.1173329929316,36.1173329929316,0,38,1,0,6,90.2077204110422
1140,21.0547807449444,0,0,0,0,0,0,0,0,0,0,38.1646879563067,38.1646879563067,0,39,1,0,6,97.3841566575578
1170,24.8380106366573,0,0,0,0,0,0,0,0,0,0,40.2478883507563,40.2478883507563,0,40,1,0,6,105.3337873381699
1200,29.5122986954194,0,0,0,0,0,0,0,0,0,0,42.3087042831421,42.3087042831421,0,41,1,0,6,114.1297072617036
1230,35.3191318680948,0,0,0,0,0,0,0,0,0,0,44.2571225681056,44.2571225681056,0,42,1,0,6,123.833377004306
1260,42.5601656540552,0,0,0,0,0,0,0,0,0,0,45.9598078427913,45.9598078427913,0,43,1,0,6,134.47978133963778
1290,51.598551218026,0,0,0,0,0,0,0,0,0,0,47.2280913672144,47.2280913672144,0,44,1,0,6,146.0547339524548
1320,62.842539926322,0,0,0,0,0,0,0,0,0,0,47.8103519008243,47.8103519008243,0,45,1,0,6,158.4632437279706
1350,76.6929493871716,0,0,0,0,0,0,0,0,0,0,47.3992704045851,47.3992704045851,0,46,1,0,6,171.4914901963418
1380,93.4304694192469,0,0,0,0,0,0,0,0,0,0,45.6713791758071,45.6713791758071,0,47,1,0,6,184.7732277708611
1410,113.028663438957,0,0,0,0,0,0,0,0,0,0,42.3777534375711,42.3777534375711,0,48,1,0,6,197.78417031409919
1440,134.927155774713,0,0,0,0,0,0,0,0,0,0,37.4846901598138,37.4846901598138,0,49,1,0,6,209.8965360943406
1470,157.892992912791,0,0,0,0,0,0,0,0,0,0,31.3082716295486,31.3082716295486,0,50,1,0,6,220.5095361718882
1500,180.161580108783,0,0,0,0,0,0,0,0,0,0,24.5273031733477,24.5273031733477,0,51,1,0,6,229.2161864554784
1530,199.928620238352,0,0,0,0,0,0,0,0,0,0,17.9913113120413,17.9913113120413,0,52,1,0,6,235.91124286243462
1560,215.957446022072,0,0,0,0,0,0,0,0,0,0,12.4061599686399,12.4061599686399,0,53,1,0,6,240.7697659593518
1590,227.901843652402,0,0,0,0,0,0,0,0,0,0,8.1129564609001,8.1129564609001,0,54,1,0,6,244.12775657420218
1620,236.180131104512,0,0,0,0,0,0,0,0,0,0,5.08815702976016,5.08815702976016,0,55,1,0,6,246.3564451640323
1650,241.59585983828,0,0,0,0,0,0,0,0,0,0,3.0950257461299,3.0950257461299,0,56,1,0,6,247.78591133053982
1680,244.989581513828,0,0,0,0,0,0,0,0,0,0,1.84358246487398,1.84358246487398,0,57,1,0,6,248.67674644357595
1710,247.052524203209,0,0,0,0,0,0,0,0,0,0,1.08325717053255,1.08325717053255,0,58,1,0,6,249.2190385442741
1740,248.281046263838,0,0,0,0,0,0,0,0,0,0,0.63108828509919,0.63108828509919,0,59,1,0,6,249.54322283403638
1770,249.002956079967,0,0,0,0,0,0,0,0,0,0,0.365757439456219,0.365757439456219,0,60,1,0,6,249.73447095887943
1800,249.423612569238,0,0,0,0,0,0,0,0,0,0,0.211325797502821,0.211325797502821,0,61,1,0,6,249.84626416424365
1830,249.667461883714,0,0,0,0,0,0,0,0,0,0,0.121877066980179,0.121877066980179,0,62,1,0,6,249.91121601767435
1860,249.808376213777,0,0,0,0,0,0,0,0,0,0,0.0702151952714053,0.0702151952714053,0,63,1,0,6,249.9488066043198
1890,249.889655160697,0,0,0,0,0,0,0,0,0,0,0.0404271680961909,0.0404271680961909,0,64,1,0,6,249.97050949688938
1920,249.936485015959,0,0,0,0,0,0,0,0,0,0,0.0232681195850698,0.0232681195850698,0,65,1,0,6,249.98302125512913
1950,249.963449223872,0,0,0,0,0,0,0,0,0,0,0.0133893743230812,0.0133893743230812,0,66,1,0,6,249.99022797251817
1980,249.978969146863,0,0,0,0,0,0,0,0,0,0,0.00770385352612175,0.00770385352612175,0,67,1,0,6,249.99437685391524
0,250,0,0,0,0,0,0,0,0,0,0,0,0,0,1,1,0,7,250
30,250.000322400697,0,0,0,0,0,0,0,0,0,0,0,0,0,2,1,0,7,250.000322400697
60,250.000090984018,0,0,0,0,0,0,0,0,0,0,0,0,0,3,1,0,7,250.000090984018
90,250.000018876751,0,0,0,0,0,0,0,0,0,0,0,0,0,4,1,0,7,250.000018876751
120,211.634825666962,0,0,0,0,0,0,0,0,0,0,46.266856306754804,46.266856306754804,0,5,1,0,7,304.1685382804716
150,126.598169774034,0,0,0,0,0,0,0,0,0,0,78.461944650512,78.461944650512,0,6,1,0,7,283.522059075058
180,71.0235697345091,0,0,0,0,0,0,0,0,0,0,85.6056291625798,85.6056291625798,0,7,1,0,7,242.2348280596687
210,36.3414057831543,0,0,0,0,0,0,0,0,0,0,81.1800207630364,81.1800207630364,0,8,1,0,7,198.7014473092271
240,16.0638159856395,0,0,0,0,0,0,0,0,0,0,70.8841788859098,70.8841788859098,0,9,1,0,7,157.83217375745912
270,5.76657189891715,0,0,0,0,0,0,0,0,0,0,58.9548209332174,58.9548209332174,0,10,1,0,7,123.67621376535195
300,1.56081691538819,0,0,0,0,0,0,0,0,0,0,49.1001772564884,49.1001772564884,0,11,1,0,7,99.76117142836499
330,0.461504368231868,0,0,0,0,0,0,0,0,0,0,7.77972556250813,7.77972556250813,0,12,1,0,7,16.020955493248128
360,0.217612668233966,0,0,0,0,0,0,0,0,0,0,4.52343377876333,4.52343377876333,0,13,1,0,7,9.264480225760627
390,0.155744117639836,0,0,0,0,0,0,0,0,0,0,2.99541662520909,2.99541662520909,0,14,1,0,7,6.146577368058016
420,0.131453178505839,0,0,0,0,0,0,0,0,0,0,2.5561794120168,2.5561794120168,0,15,1,0,7,5.243812002539439
450,0.121963534982006,0,0,0,0,0,0,0,0,0,0,2.32157976362867,2.32157976362867,0,16,1,0,7,4.765123062239346
480,0.118712107687566,0,0,0,0,0,0,0,0,0,0,2.23930490706907,2.23930490706907,0,17,1,0,7,4.5973219218257055
510,0.119132223265002,0,0,0,0,0,0,0,0,0,0,2.21521762935681,2.21521762935681,0,18,1,0,7,4.549567481978622
540,0.121611154145736,0,0,0,0,0,0,0,0,0,0,2.23319168891727,2.23319168891727,0,19,1,0,7,4.587994531980276
570,0.12550384115821,0,0,0,0,0,0,0,0,0,0,2.27373698922138,2.27373698922138,0,20,1,0,7,4.67297781960097
600,0.130351523131115,0,0,0,0,0,0,0,0,0,0,2.3301500061556,2.3301500061556,0,21,1,0,7,4.790651535442316
630,0.135929147089098,0,0,0,0,0,0,0,0,0,0,2.39680142990473,2.39680142990473,0,22,1,0,7,4.929532006898558
660,0.142085919958117,0,0,0,0,0,0,0,0,0,0,2.47092133401218,2.47092133401218,0,23,1,0,7,5.083928587982476
690,0.148743367836236,0,0,0,0,0,0,0,0,0,0,2.55060879484916,2.55060879484916,0,24,1,0,7,5.249960957534555
720,0.155857316024262,0,0,0,0,0,0,0,0,0,0,2.63480860603561,2.63480860603561,0,25,1,0,7,5.425474528095482
750,0.163410512775033,0,0,0,0,0,0,0,0,0,0,2.72288777304737,2.72288777304737,0,26,1,0,7,5.609186058869773
780,0.171401631726888,0,0,0,0,0,0,0,0,0,0,2.81451496015047,2.81451496015047,0,27,1,0,7,5.8004315520278285
810,0.179840874284022,0,0,0,0,0,0,0,0,0,0,2.90953883330559,2.90953883330559,0,28,1,0,7,5.998918540895201
840,0.188746258737567,0,0,0,0,0,0,0,0,0,0,3.00792527976802,3.00792527976802,0,29,1,0,7,6.2045968182736075
870,0.198141687113444,0,0,0,0,0,0,0,0,0,0,3.10971473277609,3.10971473277609,0,30,1,0,7,6.417571152665624
900,0.208055678643928,0,0,0,0,0,0,0,0,0,0,3.21499635726104,3.21499635726104,0,31,1,0,7,6.638048393166008
930,0.218520711918642,0,0,0,0,0,0,0,0,0,0,3.32389242133334,3.32389242133334,0,32,1,0,7,6.866305554585322
960,0.22957290859036,0,0,0,0,0,0,0,0,0,0,3.43654885049915,3.43654885049915,0,33,1,0,7,7.10267060958866
990,0.241251962479267,0,0,0,0,0,0,0,0,0,0,3.5531299025257,3.5531299025257,0,34,1,0,7,7.347511767530667
1020,0.253601230483093,0,0,0,0,0,0,0,0,0,0,3.67381524255466,3.67381524255466,0,35,1,0,7,7.601231715592413
1050,0.266667939868266,0,0,0,0,0,0,0,0,0,0,3.79879858735212,3.79879858735212,0,36,1,0,7,7.864265114572506
1080,0.280503484033055,0,0,0,0,0,0,0,0,0,0,3.92828728295154,3.92828728295154,0,37,1,0,7,8.137078049936136
1110,0.29516379162744,0,0,0,0,0,0,0,0,0,0,4.06250248719867,4.06250248719867,0,38,1,0,7,8.42016876602478
1140,0.310709762561786,0,0,0,0,0,0,0,0,0,0,4.20167973660289,4.20167973660289,0,39,1,0,7,8.714069235767566
1170,0.327207769917223,0,0,0,0,0,0,0,0,0,0,4.34606978016595,4.34606978016595,0,40,1,0,7,9.019347330249122
1200,0.344730230861898,0,0,0,0,0,0,0,0,0,0,4.49593961082246,4.49593961082246,0,41,1,0,7,9.336609452506819
1230,0.363356252608554,0,0,0,0,0,0,0,0,0,0,4.65157366048488,4.65157366048488,0,42,1,0,7,9.666503573578314
1260,0.383172361942655,0,0,0,0,0,0,0,0,0,0,4.81327514377165,4.81327514377165,0,43,1,0,7,10.009722649485955
1290,0.404273329099496,0,0,0,0,0,0,0,0,0,0,4.981367548162,4.981367548162,0,44,1,0,7,10.367008425423496
1320,0.426763099051278,0,0,0,0,0,0,0,0,0,0,5.15619627599074,5.15619627599074,0,45,1,0,7,10.739155651032759
1350,0.450755845721016,0,0,0,0,0,0,0,0,0,0,5.33813044896774,5.33813044896774,0,46,1,0,7,11.127016743656496
1380,0.476377167414187,0,0,0,0,0,0,0,0,0,0,5.52756488972521,5.52756488972521,0,47,1,0,7,11.531506946864607
1410,0.503765444970765,0,0,0,0,0,0,0,0,0,0,5.72492229804422,5.72492229804422,0,48,1,0,7,11.953610041059205
1440,0.533073387917146,0,0,0,0,0,0,0,0,0,0,5.93065564228715,5.93065564228715,0,49,1,0,7,12.394384672491446
1470,0.564469798378657,0,0,0,0,0,0,0,0,0,0,6.14525078942809,6.14525078942809,0,50,1,0,7,12.854971377234836
1500,0.598141587861841,0,0,0,0,0,0,0,0,0,0,6.36922940008823,6.36922940008823,0,51,1,0,7,13.3366003880383
1530,0.634296088427482,0,0,0,0,0,0,0,0,0,0,6.60315211825021,6.60315211825021,0,52,1,0,7,13.840600324927902
1560,0.673163707490263,0,0,0,0,0,0,0,0,0,0,6.84762208892097,6.84762208892097,0,53,1,0,7,14.368407885332202
1590,0.715000984795648,0,0,0,0,0,0,0,0,0,0,7.10328884098874,7.10328884098874,0,54,1,0,7,14.921578666773128
1620,0.760094121408531,0,0,0,0,0,0,0,0,0,0,7.37085257692121,7.37085257692121,0,55,1,0,7,15.501799275250951
1650,0.808763064263512,0,0,0,0,0,0,0,0,0,0,7.65106891580926,7.65106891580926,0,56,1,0,7,16.110900895882033
1680,0.861366246554618,0,0,0,0,0,0,0,0,0,0,7.94475414159205,7.94475414159205,0,57,1,0,7,16.750874529738716
1710,0.918306104716371,0,0,0,0,0,0,0,0,0,0,8.25279101410519,8.25279101410519,0,58,1,0,7,17.423888132926752
1740,0.980035517897957,0,0,0,0,0,0,0,0,0,0,8.57613520684453,8.57613520684453,0,59,1,0,7,18.132305931587016
1770,1.04706534684121,0,0,0,0,0,0,0,0,0,0,8.91582244196323,8.91582244196323,0,60,1,0,7,18.878710230767673
1800,1.11997328745314,0,0,0,0,0,0,0,0,0,0,9.27297639988294,9.27297639988294,0,61,1,0,7,19.66592608721902
1830,1.19941430205562,0,0,0,0,0,0,0,0,0,0,9.64881748777134,9.64881748777134,0,62,1,0,7,20.4970492775983
1860,1.28613295080014,0,0,0,0,0,0,0,0,0,0,10.0446725576478,10.0446725576478,0,63,1,0,7,21.37547806609574
1890,1.38097802029356,0,0,0,0,0,0,0,0,0,0,10.4619856704534,10.4619856704534,0,64,1,0,7,22.30494936120036
1920,1.48491994030486,0,0,0,0,0,0,0,0,0,0,10.902330006189,10.902330006189,0,65,1,0,7,23.28957995268286
1950,1.59907159801872,0,0,0,0,0,0,0,0,0,0,11.3674210208916,11.3674210208916,0,66,1,0,7,24.33391363980192
1980,1.72471330989944,0,0,0,0,0,0,0,0,0,0,11.8591309468559,11.8591309468559,0,67,1,0,7,25.44297520361124
0,250,0,0,0,0,0,0,0,0,0,0,0,0,0,1,1,0,8,250
30,250.000322400697,0,0,0,0,0,0,0,0,0,0,0,0,0,2,1,0,8,250.000322400697
60,250.000090984018,0,0,0,0,0,0,0,0,0,0,0,0,0,3,1,0,8,250.000090984018
90,250.000018876751,0,0,0,0,0,0,0,0,0,0,0,0,0,4,1,0,8,250.000018876751
120,211.634825666962,0,0,0,0,0,0,0,0,0,0,46.266856306754804,46.266856306754804,0,5,1,0,8,304.1685382804716
150,126.598169774034,0,0,0,0,0,0,0,0,0,0,78.461944650512,78.461944650512,0,6,1,0,8,283.522059075058
180,71.0235697345091,0,0,0,0,0,0,0,0,0,0,85.6056291625798,85.6056291625798,0,7,1,0,8,242.2348280596687
210,36.3414057831543,0,0,0,0,0,0,0,0,0,0,81.1800207630364,81.1800207630364,0,8,1,0,8,198.7014473092271
240,16.0638159856395,0,0,0,0,0,0,0,0,0,0,70.8841788859098,70.8841788859098,0,9,1,0,8,157.83217375745912
270,5.76657189891715,0,0,0,0,0,0,0,0,0,0,58.9548209332174,58.9548209332174,0,10,1,0,8,123.67621376535195
300,1.56081691538819,0,0,0,0,0,0,0,0,0,0,49.1001772564884,49.1001772564884,0,11,1,0,8,99.76117142836499
330,0.295670696720042,0,0,0,0,0,0,0,0,0,0,43.2753477636421,43.2753477636421,0,12,1,0,8,86.84636622400424
360,0.0560102005583967,0,0,0,0,0,0,0,0,0,0,3.57339845102147,3.57339845102147,0,13,1,0,8,7.202807102601337
390,0.0163772882824453,0,0,0,0,0,0,0,0,0,0,0.96187804886036,0.96187804886036,0,14,1,0,8,1.9401333860031653
420,0.00563509895705526,0,0,0,0,0,0,0,0,0,0,0.374063475294825,0.374063475294825,0,15,1,0,8,0.7537620495467052
450,0.00248597991546203,0,0,0,0,0,0,0,0,0,0,0.155891585498061,0.155891585498061,0,16,1,0,8,0.314269150911584
480,0.00114010080125094,0,0,0,0,0,0,0,0,0,0,0.0724963675273774,0.0724963675273774,0,17,1,0,8,0.14613283585600573
510,5.4467448113475e-4,0,0,0,0,0,0,0,0,0,0,0.0343644675436369,0.0343644675436369,0,18,1,0,8,0.06927360956840856
540,2.6436726250496e-4,0,0,0,0,0,0,0,0,0,0,0.0166396114337519,0.0166396114337519,0,19,1,0,8,0.03354359013000876
570,1.2963050958906e-4,0,0,0,0,0,0,0,0,0,0,0.0081314173365283,0.0081314173365283,0,20,1,0,8,0.01639246518264566
600,6.4000045568943e-5,0,0,0,0,0,0,0,0,0,0,0.00400092046976294,0.00400092046976294,0,21,1,0,8,0.008065840985094823
630,3.17556628076078e-5,0,0,0,0,0,0,0,0,0,0,0.00197860923087823,0.00197860923087823,0,22,1,0,8,0.0039889741245640676
660,1.58250592173597e-5,0,0,0,0,0,0,0,0,0,0,0.00098266973286652011,0.00098266973286652011,0,23,1,0,8,0.0019811645249504
690,7.91707167209165e-6,0,0,0,0,0,0,0,0,0,0,4.8995589744676e-4,4.8995589744676e-4,0,24,1,0,8,9.878288665656116e-4
720,3.97568758196593e-6,0,0,0,0,0,0,0,0,0,0,2.4520154126231e-4,2.4520154126231e-4,0,25,1,0,8,4.943787701065859e-4
750,2.00378767622263e-6,0,0,0,0,0,0,0,0,0,0,1.2316190469275e-4,1.2316190469275e-4,0,26,1,0,8,2.483275970617226e-4
780,1.01361109413044e-6,0,0,0,0,0,0,0,0,0,0,6.2087290504419e-5,6.2087290504419e-5,0,27,1,0,8,1.2518819210296844e-4
810,5.14598937299018e-7,0,0,0,0,0,0,0,0,0,0,3.14123492661531e-5,3.14123492661531e-5,0,28,1,0,8,6.333929746960522e-5
840,2.6220890272981e-7,0,0,0,0,0,0,0,0,0,0,1.59504321840156e-5,1.59504321840156e-5,0,29,1,0,8,3.216307327076101e-5
870,1.34095043431556e-7,0,0,0,0,0,0,0,0,0,0,8.12876407483915e-6,8.12876407483915e-6,0,30,1,0,8,1.6391623193109855e-5
900,6.88290587494262e-8,0,0,0,0,0,0,0,0,0,0,4.15780026779687e-6,4.15780026779687e-6,0,31,1,0,8,8.384429594343165e-6
930,3.54594944964854e-8,0,0,0,0,0,0,0,0,0,0,2.13450657296677e-6,2.13450657296677e-6,0,32,1,0,8,4.304472640430026e-6
960,1.83359340789979e-8,0,0,0,0,0,0,0,0,0,0,1.09985204923198e-6,1.09985204923198e-6,0,33,1,0,8,2.2180400325429576e-6
990,9.516817791627081e-9,0,0,0,0,0,0,0,0,0,0,5.68829753872004e-7,5.68829753872004e-7,0,34,1,0,8,1.147176325535635e-6
1020,4.95800858981745e-9,0,0,0,0,0,0,0,0,0,0,2.95290948498472e-7,2.95290948498472e-7,0,35,1,0,8,5.955399055867614e-7
1050,2.5927360795184103e-9,0,0,0,0,0,0,0,0,0,0,1.53867326270025e-7,1.53867326270025e-7,0,36,1,0,8,3.103273886195684e-7
1080,1.36098606166027e-9,0,0,0,0,0,0,0,0,0,0,8.04785001570143e-8,8.04785001570143e-8,0,37,1,0,8,1.6231798637568888e-7
1110,7.17137250083501e-10,0,0,0,0,0,0,0,0,0,0,4.22531781030028e-8,4.22531781030028e-8,0,38,1,0,8,8.52234934560891e-8
1140,3.79326445118884e-10,0,0,0,0,0,0,0,0,0,0,2.22686484773722e-8,2.22686484773722e-8,0,39,1,0,8,4.4916623399863284e-8
1170,2.01416609771581e-10,0,0,0,0,0,0,0,0,0,0,1.17812760874377e-8,1.17812760874377e-8,0,40,1,0,8,2.3763968784646982e-8
1200,1.0736381552668401e-10,0,0,0,0,0,0,0,0,0,0,6.256967654089821e-9,6.256967654089821e-9,0,41,1,0,8,1.2621299123706325e-8
1230,5.7452687612252296e-11,0,0,0,0,0,0,0,0,0,0,3.3359365707544104e-9,3.3359365707544104e-9,0,42,1,0,8,6.729325829121073e-9
1260,3.0864686513344696e-11,0,0,0,0,0,0,0,0,0,0,1.7855139237035102e-9,1.7855139237035102e-9,0,43,1,0,8,3.601892533920365e-9
1290,1.66464618875127e-11,0,0,0,0,0,0,0,0,0,0,9.594219579766701e-10,9.594219579766701e-10,0,44,1,0,8,1.935490377840853e-9
1320,9.01363762458919e-12,0,0,0,0,0,0,0,0,0,0,5.175668904219101e-10,5.175668904219101e-10,0,45,1,0,8,1.0441474184684094e-9
1350,4.9001114286145396e-12,0,0,0,0,0,0,0,0,0,0,2.8031303500166e-10,2.8031303500166e-10,0,46,1,0,8,5.655261814319346e-10
1380,2.67454091416419e-12,0,0,0,0,0,0,0,0,0,0,1.52422726230506e-10,1.52422726230506e-10,0,47,1,0,8,3.075199933751762e-10
1410,1.46568208264975e-12,0,0,0,0,0,0,0,0,0,0,8.32138323380619e-11,8.32138323380619e-11,0,48,1,0,8,1.6789334675877353e-10
1440,8.06468605955558e-13,0,0,0,0,0,0,0,0,0,0,4.56131985164213e-11,4.56131985164213e-11,0,49,1,0,8,9.203286563879816e-11
1470,4.45556020723632e-13,0,0,0,0,0,0,0,0,0,0,2.5104100883237797e-11,2.5104100883237797e-11,0,50,1,0,8,5.0653757787199224e-11
1500,2.47169249800367e-13,0,0,0,0,0,0,0,0,0,0,1.3872923459960299e-11,1.3872923459960299e-11,0,51,1,0,8,2.7993016169720964e-11
1530,1.37681010175545e-13,0,0,0,0,0,0,0,0,0,0,7.697870780823249e-12,7.697870780823249e-12,0,52,1,0,8,1.5533422571822043e-11
1560,7.701076564939921e-14,0,0,0,0,0,0,0,0,0,0,4.28906655371792e-12,4.28906655371792e-12,0,53,1,0,8,8.655143873085238e-12
1590,4.32550727657731e-14,0,0,0,0,0,0,0,0,0,0,2.3996882957726297e-12,2.3996882957726297e-12,0,54,1,0,8,4.8426316643110325e-12
1620,2.4397278363975802e-14,0,0,0,0,0,0,0,0,0,0,1.34820893755429e-12,1.34820893755429e-12,0,55,1,0,8,2.7208151534725556e-12
1650,1.38189508305788e-14,0,0,0,0,0,0,0,0,0,0,7.6064223770522e-13,7.6064223770522e-13,0,56,1,0,8,1.5351034262410189e-12
1680,7.86047612462464e-15,0,0,0,0,0,0,0,0,0,0,4.3095824575078997e-13,4.3095824575078997e-13,0,57,1,0,8,8.697769676262046e-13
1710,4.4902815253572504e-15,0,0,0,0,0,0,0,0,0,0,2.45206645168747e-13,2.45206645168747e-13,0,58,1,0,8,4.949035718628512e-13
1740,2.5760849563233502e-15,0,0,0,0,0,0,0,0,0,0,1.40114290811515e-13,1.40114290811515e-13,0,59,1,0,8,2.828046665793533e-13
1770,1.4842933961485502e-15,0,0,0,0,0,0,0,0,0,0,8.04075393396764e-14,8.04075393396764e-14,0,60,1,0,8,1.6229937207550135e-13
1800,8.58941282984162e-16,0,0,0,0,0,0,0,0,0,0,4.63432354438786e-14,4.63432354438786e-14,0,61,1,0,8,9.354541217074137e-14
1830,4.99232266253616e-16,0,0,0,0,0,0,0,0,0,0,2.6826399207758998e-14,2.6826399207758998e-14,0,62,1,0,8,5.415203068177161e-14
1860,2.9143968267836097e-16,0,0,0,0,0,0,0,0,0,0,1.55968250192556e-14,1.55968250192556e-14,0,63,1,0,8,3.1485089721189565e-14
1890,1.70888615773376e-16,0,0,0,0,0,0,0,0,0,0,9.10792090374569e-15,9.10792090374569e-15,0,64,1,0,8,1.8386730423264757e-14
1920,1.00648579069831e-16,0,0,0,0,0,0,0,0,0,0,5.34223643414628e-15,5.34223643414628e-15,0,65,1,0,8,1.0785121447362392e-14
1950,5.95448244094976e-17,0,0,0,0,0,0,0,0,0,0,3.1474544657186605e-15,3.1474544657186605e-15,0,66,1,0,8,6.354453755846818e-15
1980,3.53862185648632e-17,0,0,0,0,0,0,0,0,0,0,1.86268801461968e-15,1.86268801461968e-15,0,67,1,0,8,3.7607622478042234e-15
0,250,0,0,0,0,0,0,0,0,0,0,0,0,0,1,1,0,9,250
30,250.000322400697,0,0,0,0,0,0,0,0,0,0,0,0,0,2,1,0,9,250.000322400697
60,250.000090984018,0,0,0,0,0,0,0,0,0,0,0,0,0,3,1,0,9,250.000090984018
90,250.000018876751,0,0,0,0,0,0,0,0,0,0,0,0,0,4,1,0,9,250.000018876751
120,211.634825666962,0,0,0,0,0,0,0,0,0,0,46.266856306754804,46.266856306754804,0,5,1,0,9,304.1685382804716
150,126.598169774034,0,0,0,0,0,0,0,0,0,0,78.461944650512,78.461944650512,0,6,1,0,9,283.522059075058
180,71.0235697345091,0,0,0,0,0,0,0,0,0,0,85.6056291625798,85.6056291625798,0,7,1,0,9,242.2348280596687
210,36.3414057831543,0,0,0,0,0,0,0,0,0,0,81.1800207630364,81.1800207630364,0,8,1,0,9,198.7014473092271
240,16.0638159856395,0,0,0,0,0,0,0,0,0,0,70.8841788859098,70.8841788859098,0,9,1,0,9,157.83217375745912
270,5.76657189891715,0,0,0,0,0,0,0,0,0,0,58.9548209332174,58.9548209332174,0,10,1,0,9,123.67621376535195
300,1.56081691538819,0,0,0,0,0,0,0,0,0,0,49.1001772564884,49.1001772564884,0,11,1,0,9,99.76117142836499
330,0.295670696720042,0,0,0,0,0,0,0,0,0,0,43.2753477636421,43.2753477636421,0,12,1,0,9,86.84636622400424
360,0.0385855057507354,0,0,0,0,0,0,0,0,0,0,40.9749552883176,40.9749552883176,0,13,1,0,9,81.98849608238594
390,0.00503122509865995,0,0,0,0,0,0,0,0,0,0,2.55248039847421,2.55248039847421,0,14,1,0,9,5.109992022047081
420,0.00100713992089962,0,0,0,0,0,0,0,0,0,0,0.226144959145824,0.226144959145824,0,15,1,0,9,0.4532970582125476
450,1.5286949087094e-4,0,0,0,0,0,0,0,0,0,0,0.0349670503344656,0.0349670503344656,0,16,1,0,9,0.07008697015980214
480,2.15524478059924e-5,0,0,0,0,0,0,0,0,0,0,0.00554418226714018,0.00554418226714018,0,17,1,0,9,0.011109916982086352
510,3.18084895770041e-6,0,0,0,0,0,0,0,0,0,0,8.2663614683975e-4,8.2663614683975e-4,0,18,1,0,9,0.0016564531426372005
540,4.78413180619281e-7,0,0,0,0,0,0,0,0,0,0,1.2275270047861e-4,1.2275270047861e-4,0,19,1,0,9,2.4598381413783925e-4
570,7.18573649455224e-8,0,0,0,0,0,0,0,0,0,0,1.83677336908458e-5,1.83677336908458e-5,0,20,1,0,9,3.680732474663712e-5
600,1.07715613683187e-8,0,0,0,0,0,0,0,0,0,0,2.75438999199722e-6,2.75438999199722e-6,0,21,1,0,9,5.519551545362758e-6
630,1.6148457380934501e-9,0,0,0,0,0,0,0,0,0,0,4.12958962582549e-7,4.12958962582549e-7,0,22,1,0,9,8.275327709031914e-7
660,2.42222245217326e-10,0,0,0,0,0,0,0,0,0,0,6.19136202031217e-8,6.19136202031217e-8,0,23,1,0,9,1.2406946265146072e-7
690,3.63459193020033e-11,0,0,0,0,0,0,0,0,0,0,9.285332132479062e-9,9.285332132479062e-9,0,24,1,0,9,1.8607010184260125e-8
720,5.45533502688097e-12,0,0,0,0,0,0,0,0,0,0,1.3930118650072e-9,1.3930118650072e-9,0,25,1,0,9,2.791479065041281e-9
750,8.19055848605066e-13,0,0,0,0,0,0,0,0,0,0,2.09047721255112e-10,2.09047721255112e-10,0,26,1,0,9,4.189144983588291e-10
780,1.23008868811536e-13,0,0,0,0,0,0,0,0,0,0,3.13809039899846e-11,3.13809039899846e-11,0,27,1,0,9,6.288481684878074e-11
810,1.84795259750625e-14,0,0,0,0,0,0,0,0,0,0,4.71211369250895e-12,4.71211369250895e-12,0,28,1,0,9,9.442706910992963e-12
840,2.7770035668152203e-15,0,0,0,0,0,0,0,0,0,0,7.07778055380949e-13,7.07778055380949e-13,0,29,1,0,9,1.4183331143287132e-12
870,4.17439213636893e-16,0,0,0,0,0,0,0,0,0,0,1.0634316673486999e-13,1.0634316673486999e-13,0,30,1,0,9,2.1310377268337687e-13
900,6.276844809897361e-17,0,0,0,0,0,0,0,0,0,0,1.59828161532134e-14,1.59828161532134e-14,0,31,1,0,9,3.2028400754525773e-14
930,9.44106578583483e-18,0,0,0,0,0,0,0,0,0,0,2.4028593379739e-15,2.4028593379739e-15,0,32,1,0,9,4.8151597417336354e-15
960,1.4204706557689198e-18,0,0,0,0,0,0,0,0,0,0,3.6135565091759005e-16,3.6135565091759005e-16,0,33,1,0,9,7.24131772490949e-16
990,2.13784020876899e-19,0,0,0,0,0,0,0,0,0,0,5.43591851182739e-17,5.43591851182739e-17,0,34,1,0,9,1.089321542574247e-16
1020,3.21847449265295e-20,0,0,0,0,0,0,0,0,0,0,8.17980091058775e-18,8.17980091058775e-18,0,35,1,0,9,1.639178656610203e-17
1050,4.8468199031846904e-21,0,0,0,0,0,0,0,0,0,0,1.23124466522423e-18,1.23124466522423e-18,0,36,1,0,9,2.4673361503516447e-18
1080,7.30122612440799e-22,0,0,0,0,0,0,0,0,0,0,1.8538643254978799e-19,1.8538643254978799e-19,0,37,1,0,9,3.7150298771201675e-19
1110,1.10018810676653e-22,0,0,0,0,0,0,0,0,0,0,2.79218130288348e-20,2.79218130288348e-20,0,38,1,0,9,5.595364486834625e-20
1140,1.6583280550059097e-23,0,0,0,0,0,0,0,0,0,0,4.2066994897520405e-21,4.2066994897520405e-21,0,39,1,0,9,8.42998226005414e-21
1170,2.50038238692722e-24,0,0,0,0,0,0,0,0,0,0,6.33974361467791e-22,6.33974361467791e-22,0,40,1,0,9,1.2704491053225093e-21
1200,3.7711605343579295e-25,0,0,0,0,0,0,0,0,0,0,9.557281069699899e-23,9.557281069699899e-23,0,41,1,0,9,1.9152273744743378e-22
1230,5.68952934231085e-26,0,0,0,0,0,0,0,0,0,0,1.4412177575472798e-23,1.4412177575472798e-23,0,42,1,0,9,2.88812504443687e-23
1260,8.58638822398423e-27,0,0,0,0,0,0,0,0,0,0,2.17399008563899e-24,2.17399008563899e-24,0,43,1,0,9,4.3565665595019646e-24
1290,1.29621691349566e-27,0,0,0,0,0,0,0,0,0,0,3.2803361367653895e-25,3.2803361367653895e-25,0,44,1,0,9,6.5736344426657355e-25
1320,1.95739266980256e-28,0,0,0,0,0,0,0,0,0,0,4.9512185616886995e-26,4.9512185616886995e-26,0,45,1,0,9,9.922011050075424e-26
1350,2.95672864037894e-29,0,0,0,0,0,0,0,0,0,0,7.47547742344966e-27,7.47547742344966e-27,0,46,1,0,9,1.498052213330311e-26
1380,4.4676417652834895e-30,0,0,0,0,0,0,0,0,0,0,1.12901310742665e-27,1.12901310742665e-27,0,47,1,0,9,2.2624938566185837e-27
1410,6.7527194514332395e-31,0,0,0,0,0,0,0,0,0,0,1.70565964235721e-28,1.70565964235721e-28,0,48,1,0,9,3.418072004165853e-28
1440,1.0209693138862699e-31,0,0,0,0,0,0,0,0,0,0,2.57762200393777e-29,2.57762200393777e-29,0,49,1,0,9,5.165453701014404e-29
1470,1.5441177540406998e-32,0,0,0,0,0,0,0,0,0,0,3.89654486642421e-30,3.89654486642421e-30,0,50,1,0,9,7.808530910388826e-30
1500,2.33604936626925e-33,0,0,0,0,0,0,0,0,0,0,5.892150800633339e-31,5.892150800633339e-31,0,51,1,0,9,1.180766209492937e-30
1530,3.53522952940754e-34,0,0,0,0,0,0,0,0,0,0,8.91254784915154e-32,8.91254784915154e-32,0,52,1,0,9,1.7860447993597156e-31
1560,5.351645584169489e-35,0,0,0,0,0,0,0,0,0,0,1.3485401218882998e-32,1.3485401218882998e-32,0,53,1,0,9,2.702431889360769e-32
1590,8.103848786203279e-36,0,0,0,0,0,0,0,0,0,0,2.04107975163691e-33,2.04107975163691e-33,0,54,1,0,9,4.090263352060023e-33
1620,1.2275231682026199e-36,0,0,0,0,0,0,0,0,0,0,3.09022647675011e-34,3.09022647675011e-34,0,55,1,0,9,6.192728185182246e-34
1650,1.85995561209254e-37,0,0,0,0,0,0,0,0,0,0,4.6800986233682796e-35,4.6800986233682796e-35,0,56,1,0,9,9.378796802857485e-35
1680,2.81909754876597e-38,0,0,0,0,0,0,0,0,0,0,7.090129872108579e-36,7.090129872108579e-36,0,57,1,0,9,1.420845071970482e-35
1710,4.27417597531941e-39,0,0,0,0,0,0,0,0,0,0,1.07445441297957e-36,1.07445441297957e-36,0,58,1,0,9,2.1531830019344595e-36
1740,6.482306978211929e-40,0,0,0,0,0,0,0,0,0,0,1.62875793569388e-37,1.62875793569388e-37,0,59,1,0,9,3.263998178365972e-37
1770,9.83426298858665e-41,0,0,0,0,0,0,0,0,0,0,2.46978968120293e-38,2.46978968120293e-38,0,60,1,0,9,4.949413625394447e-38
1800,1.49241361113171e-41,0,0,0,0,0,0,0,0,0,0,3.74626422127146e-39,3.74626422127146e-39,0,61,1,0,9,7.507452578654238e-39
1830,2.2655407237231498e-42,0,0,0,0,0,0,0,0,0,0,5.68423432209367e-40,5.68423432209367e-40,0,62,1,0,9,1.139112405142457e-39
1860,3.4402496848298292e-43,0,0,0,0,0,0,0,0,0,0,8.62741731365607e-41,8.62741731365607e-41,0,63,1,0,9,1.7289237124160437e-40
1890,5.22568952343602e-44,0,0,0,0,0,0,0,0,0,0,1.30986046336583e-41,1.30986046336583e-41,0,64,1,0,9,2.624946616255096e-41
1920,7.940227063109929e-45,0,0,0,0,0,0,0,0,0,0,1.98932063173269e-42,1.98932063173269e-42,0,65,1,0,9,3.98658149052849e-42
1950,1.2068632157553e-45,0,0,0,0,0,0,0,0,0,0,3.022179083863229e-43,3.022179083863229e-43,0,66,1,0,9,6.0564267998840115e-43
1980,1.8349283887977502e-46,0,0,0,0,0,0,0,0,0,0,4.59273503168636e-44,4.59273503168636e-44,0,67,1,0,9,9.203819347260696e-44
0,250,0,0,0,0,0,0,0,0,0,0,0,0,0,1,1,1e-4,10,250
30,250.000322400697,0,0,0,0,0,0,0,0,0,0,0,0,0,2,1,1e-4,10,250.000322400697
60,250.000090984018,0,0,0,0,0,0,0,0,0,0,0,0,0,3,1,1e-4,10,250.000090984018
90,250.000018876751,0,0,0,0,0,0,0,0,0,0,0,0,0,4,1,1e-4,10,250.000018876751
120,211.626965333083,0,0,0,0,0,0,0,0,0,0,46.2654094476888,46.2654094476888,0.0111489288412398,5,1,1e-4,10,304.16893315730186
150,126.586488524875,0,0,0,0,0,0,0,0,0,0,78.454646224417,78.4533944398727,0.0352728940276616,6,1,1e-4,10,283.52980208319235
180,71.0125956704977,0,0,0,0,0,0,0,0,0,0,85.5958682030254,85.5933039265489,0.073713829637677,7,1,1e-4,10,242.27548162970967
210,36.3405583733101,0,0,0,0,0,0,0,0,0,0,81.1823550168353,81.1792060564257,0.133427719209526,8,1,1e-4,10,198.83554716578064
240,16.0848267079613,0,0,0,0,0,0,0,0,0,0,70.9447092474889,70.9418400214501,0.225040892420489,9,1,1e-4,10,158.19641686932079
270,5.8161947353195,0,0,0,0,0,0,0,0,0,0,59.1847982404702,59.1827793453923,0.365029692684634,10,1,1e-4,10,124.54880201386663
300,1.63040684192211,0,0,0,0,0,0,0,0,0,0,49.7041116849723,49.7030072644394,0.575516310886309,11,1,1e-4,10,101.61304210222012
330,0.359942173666379,0,0,0,0,0,0,0,0,0,0,44.5084220831122,44.507883327458,0.885279743550687,12,1,1e-4,10,90.26152732778728
360,0.0773367286673253,0,0,0,0,0,0,0,0,0,0,43.0314738106769,43.0310884049997,1.34059148167509,13,1,1e-4,10,87.48049042601902
390,0.0202129708466477,0,0,0,0,0,0,0,0,0,0,43.4684004963475,43.4679325062699,2.01809181670302,14,1,1e-4,10,88.97463779016707
420,0.0119187244456092,0,0,0,0,0,0,0,0,0,0,13.4131476357807,13.4113410021838,2.16345377211257,15,1,1e-4,10,28.99986113452268
450,0.0121012259999296,0,0,0,0,0,0,0,0,0,0,17.1986757189229,17.195437199588,13.3418143159888,16,1,1e-4,10,47.74802846049963
480,0.026613713039231,0,0,0,0,0,0,0,0,0,0,34.8085432374956,34.8018833300553,39.9490063921617,17,1,1e-4,10,109.58604667275182
510,0.0330211920248614,0,0,0,0,0,0,0,0,0,0,43.8433080293317,43.8354165911338,79.0382406161399,18,1,1e-4,10,166.74998642863025
540,0.0320893379126683,0,0,0,0,0,0,0,0,0,0,42.4523247634759,42.445302240762,116.107909381157,19,1,1e-4,10,201.03762572330757
570,0.0299083815473853,0,0,0,0,0,0,0,0,0,0,39.5935715635802,39.5876317633296,141.452061617489,20,1,1e-4,10,220.66317332594616
600,0.0266756674419539,0,0,0,0,0,0,0,0,0,0,35.3012618174154,35.2964313582018,160.53576019924,21,1,1e-4,10,231.16012904229916
630,0.0237665242674351,0,0,0,0,0,0,0,0,0,0,31.4482940833589,31.4443408668289,174.2769520992,22,1,1e-4,10,237.19335357365523
660,0.0212221810956024,0,0,0,0,0,0,0,0,0,0,28.0774066888458,28.0741356108296,184.669419498169,23,1,1e-4,10,240.84218397894
690,0.0190720801976273,0,0,0,0,0,0,0,0,0,0,25.2295205467459,25.2267747507961,192.705018659154,24,1,1e-4,10,243.18038603689362
720,0.0172584960601601,0,0,0,0,0,0,0,0,0,0,22.8275298626335,22.8251928589882,199.082051004293,25,1,1e-4,10,244.75203222197484
750,0.0157239065654584,0,0,0,0,0,0,0,0,0,0,20.795216045143,20.7932015277302,204.247883910234,26,1,1e-4,10,245.85202538967266
780,0.0144165063453096,0,0,0,0,0,0,0,0,0,0,19.0638825937293,19.0621262718717,208.507801443078,27,1,1e-4,10,246.64822681502432
810,0.0132939985267245,0,0,0,0,0,0,0,0,0,0,17.5774724672732,17.5759258310717,212.074344578344,28,1,1e-4,10,247.24103687521563
840,0.0123225901139758,0,0,0,0,0,0,0,0,0,0,16.2912045015166,16.2898304224917,215.099745753461,29,1,1e-4,10,247.6931032675833
870,0.0114755112026745,0,0,0,0,0,0,0,0,0,0,15.1696093439136,15.1683789915855,217.695520520657,30,1,1e-4,10,248.04498436735878
900,0.0107315315486773,0,0,0,0,0,0,0,0,0,0,14.1845602642749,14.1834509407679,219.945044450056,31,1,1e-4,10,248.32378718664748
930,0.0100737320416588,0,0,0,0,0,0,0,0,0,0,13.3136439186175,13.3126375223873,221.911782401931,32,1,1e-4,10,248.54813757497746
960,0.00948853731751506,0,0,0,0,0,0,0,0,0,0,12.5388777366637,12.5379596588287,223.64482240125,33,1,1e-4,10,248.73114833405992
990,0.00896497204638883,0,0,0,0,0,0,0,0,0,0,11.8457240997876,11.8448824204833,225.18267953617,34,1,1e-4,10,248.8822510284873
1020,0.00849409339520364,0,0,0,0,0,0,0,0,0,0,11.2223381592219,11.2215630544966,226.555964600561,35,1,1e-4,10,249.0083599076747
1050,0.00806855809417671,0,0,0,0,0,0,0,0,0,0,10.6589941192884,10.6582774176489,227.78929077076899,36,1,1e-4,10,249.11463086580045
1080,0.00768229100962156,0,0,0,0,0,0,0,0,0,0,10.1476460767586,10.1469809234781,228.902658654243,37,1,1e-4,10,249.20496794548933
1110,0.00733023000687673,0,0,0,0,0,0,0,0,0,0,9.68158997560389,9.68097057562619,229.912477705483,38,1,1e-4,10,249.28236848671997
1140,0.00700812823685353,0,0,0,0,0,0,0,0,0,0,9.25520166279846,9.25462308167147,230.832329929999,39,1,1e-4,10,249.34916280270576
1170,0.006712399828091,0,0,0,0,0,0,0,0,0,0,8.86373246232709,8.86319047048481,231.673548158951,40,1,1e-4,10,249.40718349159098
1200,0.00643999857605503,0,0,0,0,0,0,0,0,0,0,8.50314847169875,8.50263942148331,232.445659035116,41,1,1e-4,10,249.45788692687412
1230,0.00618832188085941,0,0,0,0,0,0,0,0,0,0,8.17000331132959,8.16952403899927,233.156726019036,42,1,1e-4,10,249.5024416912457
1260,0.0059551341376085,0,0,0,0,0,0,0,0,0,0,7.86133664620182,7.86088439319494,233.813617627893,43,1,1e-4,10,249.54179380142736
1290,0.00573850521929784,0,0,0,0,0,0,0,0,0,0,7.57459270227093,7.57416505144632,234.422219143795,44,1,1e-4,10,249.57671540273154
1320,0.00553676075134832,0,0,0,0,0,0,0,0,0,0,7.30755440383867,7.3071492274655,234.987601141189,45,1,1e-4,10,249.6078415332445
1350,0.00534844166202672,0,0,0,0,0,0,0,0,0,0,7.05828979866877,7.05790521570903,235.51415471518,46,1,1e-4,10,249.63569817121984
1380,0.00517227107844498,0,0,0,0,0,0,0,0,0,0,6.825108213422,6.82474255421892,236.005700802002,47,1,1e-4,10,249.66072384072137
1410,0.00500712707706349,0,0,0,0,0,0,0,0,0,0,6.60652416400408,6.60617594091563,236.465579173937,48,1,1e-4,10,249.68328640593376
1440,0.00485202012928987,0,0,0,0,0,0,0,0,0,0,6.40122748487986,6.40089536771675,236.896721363474,49,1,1e-4,10,249.7036962361999
1470,0.00470607433484025,0,0,0,0,0,0,0,0,0,0,6.20805847539079,6.20774127076257,237.301710787406,50,1,1e-4,10,249.72221660789418
1500,0.00456851172835571,0,0,0,0,0,0,0,0,0,0,6.02598711658472,6.02568375044381,237.682832605478,51,1,1e-4,10,249.7390719842349
1530,0.00443863909320971,0,0,0,0,0,0,0,0,0,0,5.85409560872875,5.85380511154638,238.042115292646,52,1,1e-4,10,249.75445465201435
1560,0.00431583683143109,0,0,0,0,0,0,0,0,0,0,5.69156363201101,5.69128512613109,238.381365481361,53,1,1e-4,10,249.76853007633454
1590,0.00419954952828128,0,0,0,0,0,0,0,0,0,0,5.53765585165191,5.53738854045627,238.702197306156,54,1,1e-4,10,249.78144124779246
1620,0.00408927792027228,0,0,0,0,0,0,0,0,0,0,5.39171128170358,5.39145444029131,239.006057232488,55,1,1e-4,10,249.79331223240314
1650,0.00398457203079339,0,0,0,0,0,0,0,0,0,0,5.25313419517695,5.252887162315,239.294245157028,56,1,1e-4,10,249.80425108655075
1680,0.00388502528141341,0,0,0,0,0,0,0,0,0,0,5.1213863262862,5.12114849743218,239.567932414133,57,1,1e-4,10,249.8143522631328
1710,0.00379026942190726,0,0,0,0,0,0,0,0,0,0,4.99598015693659,4.99575097816974,239.828177203077,58,1,1e-4,10,249.82369860760522
1740,0.00369997015007352,0,0,0,0,0,0,0,0,0,0,4.8764731166936,4.87625207941804,240.075937855423,59,1,1e-4,10,249.83236302168473
1770,0.00361382331495956,0,0,0,0,0,0,0,0,0,0,4.76246255533963,4.76224919164668,240.312084285971,60,1,1e-4,10,249.84040985627226
1800,0.00353155161534674,0,0,0,0,0,0,0,0,0,0,4.65358137127714,4.65337524987243,240.537407909933,61,1,1e-4,10,249.8478960826979
1830,0.00345290172016047,0,0,0,0,0,0,0,0,0,0,4.54949419865709,4.54929492127323,240.752630259924,62,1,1e-4,10,249.85487228157447
1860,0.00337764174955613,0,0,0,0,0,0,0,0,0,0,4.44989407211825,4.44970127034625,240.958410496726,63,1,1e-4,10,249.86138348094005
1890,0.0033055590653336,0,0,0,0,0,0,0,0,0,0,4.35449950113759,4.35431283362077,241.155351975474,64,1,1e-4,10,249.86746986929768
1920,0.00323645832747922,0,0,0,0,0,0,0,0,0,0,4.26305189678057,4.26287104672296,241.344008002562,65,1,1e-4,10,249.873167404393
1950,0.00317015978036106,0,0,0,0,0,0,0,0,0,0,4.17531330254952,4.17513797549824,241.524886896936,66,1,1e-4,10,249.87850833476412
1980,0.00310649773768037,0,0,0,0,0,0,0,0,0,0,4.09106438841433,4.09089431028103,241.698456451567,67,1,1e-4,10,249.88352164800006
0,250,0,0,0,0,0,0,0,0,0,0,0,0,0,1,1,1e-4,11,250
30,250.000322400697,0,0,0,0,0,0,0,0,0,0,0,0,0,2,1,1e-4,11,250.000322400697
60,250.000090984018,0,0,0,0,0,0,0,0,0,0,0,0,0,3,1,1e-4,11,250.000090984018
90,250.000018876751,0,0,0,0,0,0,0,0,0,0,0,0,0,4,1,1e-4,11,250.000018876751
120,211.626965333083,0,0,0,0,0,0,0,0,0,0,46.2654094476888,46.2654094476888,0.0111489288412398,5,1,1e-4,11,304.16893315730186
150,126.586488524875,0,0,0,0,0,0,0,0,0,0,78.454646224417,78.4533944398727,0.0352728940276616,6,1,1e-4,11,283.52980208319235
180,71.0125956704977,0,0,0,0,0,0,0,0,0,0,85.5958682030254,85.5933039265489,0.073713829637677,7,1,1e-4,11,242.27548162970967
210,36.3405583733101,0,0,0,0,0,0,0,0,0,0,81.1823550168353,81.1792060564257,0.133427719209526,8,1,1e-4,11,198.83554716578064
240,16.0848267079613,0,0,0,0,0,0,0,0,0,0,70.9447092474889,70.9418400214501,0.225040892420489,9,1,1e-4,11,158.19641686932079
270,5.8161947353195,0,0,0,0,0,0,0,0,0,0,59.1847982404702,59.1827793453923,0.365029692684634,10,1,1e-4,11,124.54880201386663
300,1.63040684192211,0,0,0,0,0,0,0,0,0,0,49.7041116849723,49.7030072644394,0.575516310886309,11,1,1e-4,11,101.61304210222012
330,0.359942173666379,0,0,0,0,0,0,0,0,0,0,44.5084220831122,44.507883327458,0.885279743550687,12,1,1e-4,11,90.26152732778728
360,0.0773367286673253,0,0,0,0,0,0,0,0,0,0,43.0314738106769,43.0310884049997,1.34059148167509,13,1,1e-4,11,87.48049042601902
390,0.0202129708466477,0,0,0,0,0,0,0,0,0,0,43.4684004963475,43.4679325062699,2.01809181670302,14,1,1e-4,11,88.97463779016707
420,0.006122496815953,0,0,0,0,0,0,0,0,0,0,44.7304522375515,44.7297939004976,3.02329894183917,15,1,1e-4,11,92.48966757670422
450,0.00394628246229631,0,0,0,0,0,0,0,0,0,0,17.107543780842,17.1051455048053,3.39719358761631,16,1,1e-4,11,37.61382915572591
480,0.00409428161260002,0,0,0,0,0,0,0,0,0,0,21.2081014976167,21.2041278206043,18.5432793193726,17,1,1e-4,11,60.9596029192062
510,0.00773110221204224,0,0,0,0,0,0,0,0,0,0,37.7735252979327,37.7663882093724,47.7428158790366,18,1,1e-4,11,123.29046048855375
540,0.00895795642230395,0,0,0,0,0,0,0,0,0,0,44.202596946778,44.194771164444,86.7576779106724,19,1,1e-4,11,175.1640039783167
570,0.00855975306019372,0,0,0,0,0,0,0,0,0,0,42.1384444837618,42.1316082760463,121.458325778593,20,1,1e-4,11,205.73693829146129
600,0.00788361169794755,0,0,0,0,0,0,0,0,0,0,38.8271875568566,38.8214702719906,145.438946853787,21,1,1e-4,11,223.09548829433214
630,0.0070217091702111,0,0,0,0,0,0,0,0,0,0,34.573490500797,34.5688411624833,163.366580179412,22,1,1e-4,11,232.51593355186253
660,0.00625554391503832,0,0,0,0,0,0,0,0,0,0,30.7986522031978,30.7948409249289,176.392504104112,23,1,1e-4,11,237.99225277615372
690,0.00559145680623981,0,0,0,0,0,0,0,0,0,0,27.525901741861,27.5227399056759,186.288960278644,24,1,1e-4,11,241.34319338298712
720,0.00503106866826815,0,0,0,0,0,0,0,0,0,0,24.7646203630942,24.7619593131088,193.979657455283,25,1,1e-4,11,243.51126820015426
750,0.00455831171357361,0,0,0,0,0,0,0,0,0,0,22.435213203971,22.4329428059768,200.107542435471,26,1,1e-4,11,244.98025675713237
780,0.0041578592571157,0,0,0,0,0,0,0,0,0,0,20.4621592147073,20.4601978359673,205.088692153017,27,1,1e-4,11,246.01520706294872
810,0.00381623342990284,0,0,0,0,0,0,0,0,0,0,18.7790024047222,18.7772891054251,209.208354213746,28,1,1e-4,11,246.76846195732318
840,0.00352250310037683,0,0,0,0,0,0,0,0,0,0,17.3318630746745,17.3303517534918,212.666168024777,29,1,1e-4,11,247.33190535604368
870,0.00326795673857021,0,0,0,0,0,0,0,0,0,0,16.0778042760866,16.0764595527562,215.605750340878,30,1,1e-4,11,247.76328212645936
900,0.00304569551593456,0,0,0,0,0,0,0,0,0,0,14.9828261741464,14.9816205040297,218.132714702365,31,1,1e-4,11,248.10020707605705
930,0.00285024473862418,0,0,0,0,0,0,0,0,0,0,14.0199489836553,14.0188606281112,220.326294175185,32,1,1e-4,11,248.36795403169015
960,0.00267723661688288,0,0,0,0,0,0,0,0,0,0,13.1676487983792,13.1666603815746,222.246983698314,33,1,1e-4,11,248.5839701148847
990,0.00252316196599766,0,0,0,0,0,0,0,0,0,0,12.4086334348044,12.4077309043354,223.941701131559,34,1,1e-4,11,248.7605886326648
1020,0.00238517975173083,0,0,0,0,0,0,0,0,0,0,11.7289035822815,11.7280754504329,225.447348498364,35,1,1e-4,11,248.90671271083013
1050,0.00226097182842083,0,0,0,0,0,0,0,0,0,0,11.1170367898256,11.1162735722351,226.7933190165,36,1,1e-4,11,249.0288903503891
1080,0.0021486320872197,0,0,0,0,0,0,0,0,0,0,10.5636411006149,10.5629348955895,228.003293903727,37,1,1e-4,11,249.13201853201863
1110,0.00204658152179523,0,0,0,0,0,0,0,0,0,0,10.060936450121,10.0602806194802,229.096551319854,38,1,1e-4,11,249.21981497097698
1140,0.00195350277183614,0,0,0,0,0,0,0,0,0,0,9.60243207523095,9.60182099936907,230.08893415809,39,1,1e-4,11,249.29514073546187
1170,0.00186828933580107,0,0,0,0,0,0,0,0,0,0,9.18267622727477,9.18210511514183,230.99357537104,40,1,1e-4,11,249.36022500279242
1200,0.00179000588204715,0,0,0,0,0,0,0,0,0,0,8.79706058561091,8.79652532580357,231.821448382804,41,1,1e-4,11,249.41682430010053
1230,0.00171785700638782,0,0,0,0,0,0,0,0,0,0,8.44166629935577,8.44116334231844,232.581789577966,42,1,1e-4,11,249.4663370766466
1260,0.00165116246037624,0,0,0,0,0,0,0,0,0,0,8.11314191887623,8.11266818288837,233.282426044272,43,1,1e-4,11,249.50988730849699
1290,0.00158933737116808,0,0,0,0,0,0,0,0,0,0,7.80860592658528,7.80815872211148,233.930032316203,44,1,1e-4,11,249.54838630227093
1320,0.00153187633901551,0,0,0,0,0,0,0,0,0,0,7.52556837680251,7.52514534514784,234.530333334594,45,1,1e-4,11,249.58257893288337
1350,0.00147834056805647,0,0,0,0,0,0,0,0,0,0,7.2618674834073,7.2614665466125,235.088266250398,46,1,1e-4,11,249.61307862098585
1380,0.00142834738612898,0,0,0,0,0,0,0,0,0,0,7.01561798012601,7.01523729976511,235.608110438416,47,1,1e-4,11,249.64039406569324
1410,0.00138156165867287,0,0,0,0,0,0,0,0,0,0,6.78516881431555,6.78480675739818,236.093592738886,48,1,1e-4,11,249.6649498722584
1440,0.00133768871394658,0,0,0,0,0,0,0,0,0,0,6.56906828792186,6.56872339850574,236.547973236366,49,1,1e-4,11,249.68710261150756
1470,0.00129646848158112,0,0,0,0,0,0,0,0,0,0,6.3660351771953,6.36570615261942,236.974115629072,50,1,1e-4,11,249.7071534273683
1500,0.00125767061101445,0,0,0,0,0,0,0,0,0,0,6.17493468072349,6.17462035160367,237.374545309101,51,1,1e-4,11,249.72535801203918
1530,0.0012210903857612,0,0,0,0,0,0,0,0,0,0,5.9947582888531,5.99445760215986,237.75149757505,52,1,1e-4,11,249.7419345564487
1560,0.00118654528755478,0,0,0,0,0,0,0,0,0,0,5.82460685524212,5.8243188599177,238.106957870351,53,1,1e-4,11,249.75707013079838
1590,0.00115387209393046,0,0,0,0,0,0,0,0,0,0,5.66367629681512,5.66340013149383,238.442695538111,54,1,1e-4,11,249.77092583851388
1620,0.00112292441585728,0,0,0,0,0,0,0,0,0,0,5.51124546192942,5.51098034440883,238.760292274243,55,1,1e-4,11,249.7836410049971
1650,0.00109357060010594,0,0,0,0,0,0,0,0,0,0,5.36666579565103,5.36641101382788,239.061166221601,56,1,1e-4,11,249.79533660168002
1680,0.00106569193530704,0,0,0,0,0,0,0,0,0,0,5.22935250134328,5.22910740538033,239.346592461707,57,1,1e-4,11,249.80611806036592
1710,0.001039181111974,0,0,0,0,0,0,0,0,0,0,5.09877695355302,5.09854094908487,239.617720514715,58,1,1e-4,11,249.81607759846486
1740,0.0010139408957939,0,0,0,0,0,0,0,0,0,0,4.97446016167019,4.97423270388966,239.875589343173,59,1,1e-4,11,249.82529614962866
1770,9.8988298072776e-4,0,0,0,0,0,0,0,0,0,0,4.85596711950189,4.85574770799593,240.121140263779,60,1,1e-4,11,249.83384497425757
1800,9.6692699429218e-4,0,0,0,0,0,0,0,0,0,0,4.74290190463237,4.74269007885787,240.355228098495,61,1,1e-4,11,249.8417870089795
1830,9.4499963211284e-4,0,0,0,0,0,0,0,0,0,0,4.63490341469123,4.63469874999977,240.578630837877,62,1,1e-4,11,249.84917800220012
1860,9.2403390267704e-4,0,0,0,0,0,0,0,0,0,0,4.53164164655524,4.5314437506898,240.792058042384,63,1,1e-4,11,249.85606747353174
1890,9.0396846634454e-4,0,0,0,0,0,0,0,0,0,0,4.4328144399429,4.43262294994207,240.996158169196,64,1,1e-4,11,249.86249952754733
1920,8.8474705524415e-4,0,0,0,0,0,0,0,0,0,0,4.33814461951573,4.33795919897069,241.19152498099,65,1,1e-4,11,249.8685135465317
1950,8.663179627982e-4,0,0,0,0,0,0,0,0,0,0,4.24737748001778,4.24719781663573,241.378703167701,66,1,1e-4,11,249.8741447823173
1980,8.4863359336389e-4,0,0,0,0,0,0,0,0,0,0,4.16027856759421,4.16010437102858,241.55819329139,67,1,1e-4,11,249.87942486360618
0,250,0,0,0,0,0,0,0,0,0,0,0,0,0,1,1,1e-4,12,250
30,250.000322400697,0,0,0,0,0,0,0,0,0,0,0,0,0,2,1,1e-4,12,250.000322400697
60,250.000090984018,0,0,0,0,0,0,0,0,0,0,0,0,0,3,1,1e-4,12,250.000090984018
90,250.000018876751,0,0,0,0,0,0,0,0,0,0,0,0,0,4,1,1e-4,12,250.000018876751
120,211.626965333083,0,0,0,0,0,0,0,0,0,0,46.2654094476888,46.2654094476888,0.0111489288412398,5,1,1e-4,12,304.16893315730186
150,126.586488524875,0,0,0,0,0,0,0,0,0,0,78.454646224417,78.4533944398727,0.0352728940276616,6,1,1e-4,12,283.52980208319235
180,71.0125956704977,0,0,0,0,0,0,0,0,0,0,85.5958682030254,85.5933039265489,0.073713829637677,7,1,1e-4,12,242.27548162970967
210,36.3405583733101,0,0,0,0,0,0,0,0,0,0,81.1823550168353,81.1792060564257,0.133427719209526,8,1,1e-4,12,198.83554716578064
240,16.0848267079613,0,0,0,0,0,0,0,0,0,0,70.9447092474889,70.9418400214501,0.225040892420489,9,1,1e-4,12,158.19641686932079
270,5.8161947353195,0,0,0,0,0,0,0,0,0,0,59.1847982404702,59.1827793453923,0.365029692684634,10,1,1e-4,12,124.54880201386663
300,1.63040684192211,0,0,0,0,0,0,0,0,0,0,49.7041116849723,49.7030072644394,0.575516310886309,11,1,1e-4,12,101.61304210222012
330,0.359942173666379,0,0,0,0,0,0,0,0,0,0,44.5084220831122,44.507883327458,0.885279743550687,12,1,1e-4,12,90.26152732778728
360,0.0773367286673253,0,0,0,0,0,0,0,0,0,0,43.0314738106769,43.0310884049997,1.34059148167509,13,1,1e-4,12,87.48049042601902
390,0.0202129708466477,0,0,0,0,0,0,0,0,0,0,43.4684004963475,43.4679325062699,2.01809181670302,14,1,1e-4,12,88.97463779016707
420,0.006122496815953,0,0,0,0,0,0,0,0,0,0,44.7304522375515,44.7297939004976,3.02329894183917,15,1,1e-4,12,92.48966757670422
450,0.00206093639164049,0,0,0,0,0,0,0,0,0,0,46.5753333558843,46.5744063095371,4.49441686317671,16,1,1e-4,12,97.64621746498975
480,0.00143783254617116,0,0,0,0,0,0,0,0,0,0,21.4301996794437,21.4271288631422,5.27193525060822,17,1,1e-4,12,48.130701625740294
510,0.00148662468798096,0,0,0,0,0,0,0,0,0,0,25.3340500940405,25.329345781181,24.714432863343,18,1,1e-4,12,75.37931536325247
540,0.00246289505200445,0,0,0,0,0,0,0,0,0,0,40.2807348463042,40.2732430310035,55.7435613922853,19,1,1e-4,12,136.300002164645
570,0.00268859859694765,0,0,0,0,0,0,0,0,0,0,44.2695853266576,44.2618935528149,94.2584654109047,20,1,1e-4,12,182.79263288897414
600,0.00253600864024088,0,0,0,0,0,0,0,0,0,0,41.6875039050989,41.6808815128406,126.599927409394,21,1,1e-4,12,209.97084883597373
630,0.0023128353863735,0,0,0,0,0,0,0,0,0,0,38.030357947471,38.024868027769,149.25863877121,22,1,1e-4,12,225.31617758183637
660,0.00205825778376483,0,0,0,0,0,0,0,0,0,0,33.837321427394,33.832853949058,166.097913277289,23,1,1e-4,12,233.77014691152476
690,0.00183407435003732,0,0,0,0,0,0,0,0,0,0,30.1494727053295,30.1458031892304,178.443698124029,24,1,1e-4,12,238.74080809293895
720,0.00164121377944941,0,0,0,0,0,0,0,0,0,0,26.9762778840467,26.9732253134855,187.866573989893,25,1,1e-4,12,241.81771840120464
750,0.00147861378717273,0,0,0,0,0,0,0,0,0,0,24.3012795114226,24.2987035277687,195.225993838168,26,1,1e-4,12,243.82745549114648
780,0.00134138449447902,0,0,0,0,0,0,0,0,0,0,22.0437216027706,22.0415183519988,201.11337607274,27,1,1e-4,12,245.1999574120039
810,0.00122500494006521,0,0,0,0,0,0,0,0,0,0,20.129228433403,20.1273208669216,205.915489910341,28,1,1e-4,12,246.17326421560566
840,0.00112558042463871,0,0,0,0,0,0,0,0,0,0,18.4936937185193,18.4920241805211,209.898687636488,29,1,1e-4,12,246.88553111595306
870,0.00103996911628944,0,0,0,0,0,0,0,0,0,0,17.0854171684519,17.0839419222477,213.25037997297,30,1,1e-4,12,247.42077903278587
900,9.6567219398814e-4,0,0,0,0,0,0,0,0,0,0,15.8632811739493,15.8619665604048,216.105975268786,31,1,1e-4,12,247.8321886753341
930,9.007108679632e-4,0,0,0,0,0,0,0,0,0,0,14.7947271735842,14.7935469180598,218.565439985158,32,1,1e-4,12,248.15461478766997
960,8.4351358294804e-4,0,0,0,0,0,0,0,0,0,0,13.8538981969948,13.8528315114281,220.704028298006,33,1,1e-4,12,248.41160152001183
990,7.9282501157572e-4,0,0,0,0,0,0,0,0,0,0,13.0201409154084,13.0191711455092,222.579372814526,34,1,1e-4,12,248.61947770045518
1020,7.476351932492e-4,0,0,0,0,0,0,0,0,0,0,12.2768393746943,12.2759530231162,224.23629347654,35,1,1e-4,12,248.78983350954374
1050,7.0712527976601e-4,0,0,0,0,0,0,0,0,0,0,11.6105221402916,11.6097081516957,225.710128688708,36,1,1e-4,12,248.93106610597508
1080,6.7062616653308e-4,0,0,0,0,0,0,0,0,0,0,11.010181540772,11.0094307715646,227.029088515747,37,1,1e-4,12,249.04937145425012
1110,6.3758690631704e-4,0,0,0,0,0,0,0,0,0,0,10.4667539173653,10.466058737351,228.21594655444,38,1,1e-4,12,249.1493967960626
1140,6.0755048443295e-4,0,0,0,0,0,0,0,0,0,0,9.97272102175782,9.97207501124849,229.28927596698,39,1,1e-4,12,249.23467955047073
1170,5.801351269796e-4,0,0,0,0,0,0,0,0,0,0,9.52180246658888,9.52120018345798,230.2643657577,40,1,1e-4,12,249.30794854287385
1200,5.5501977905994e-4,0,0,0,0,0,0,0,0,0,0,9.1087167945818,9.10815359319342,231.153909137109,41,1,1e-4,12,249.37133454466328
1230,5.3193274109962e-4,0,0,0,0,0,0,0,0,0,0,8.72899451330706,8.7284664023578,231.968527036604,42,1,1e-4,12,249.42651988500995
1260,5.1064271148044e-4,0,0,0,0,0,0,0,0,0,0,8.37883072388933,8.37833425375721,232.71717076783,43,1,1e-4,12,249.474846388188
1290,4.9095167496227e-4,0,0,0,0,0,0,0,0,0,0,8.05496811980611,8.05450029250213,233.40743496946,44,1,1e-4,12,249.5173943334432
1320,4.7268921681212e-4,0,0,0,0,0,0,0,0,0,0,7.75460344330634,7.7541616399060604,234.045803187119,45,1,1e-4,12,249.5550409595482
1350,4.5570794590866e-4,0,0,0,0,0,0,0,0,0,0,7.4753121877684,7.47489410948375,234.637842322221,46,1,1e-4,12,249.58850432741906
1380,4.3987978645542e-4,0,0,0,0,0,0,0,0,0,0,7.21498759098148,7.2145912109664,235.188357884603,47,1,1e-4,12,249.61837656633733
1410,4.2509295466187e-4,0,0,0,0,0,0,0,0,0,0,6.97179089777692,6.97141442144726,235.701518917901,48,1,1e-4,12,249.64514933007985
1440,4.1124947914058e-4,0,0,0,0,0,0,0,0,0,0,6.74411056794429,6.74375240010188,236.180959255589,49,1,1e-4,12,249.6692334731143
1470,3.9826315564555e-4,0,0,0,0,0,0,0,0,0,0,6.53052862988157,6.53018734731413,236.629860153352,50,1,1e-4,12,249.69097439370336
1500,3.8605785090391e-4,0,0,0,0,0,0,0,0,0,0,6.32979277741897,6.32946710593633,237.051018155838,51,1,1e-4,12,249.7106640970442
1530,3.7456608867405e-4,0,0,0,0,0,0,0,0,0,0,6.14079310968578,6.1404819047728,237.446901172537,52,1,1e-4,12,249.72855075308425
1560,3.6372786525615e-4,0,0,0,0,0,0,0,0,0,0,5.96254264576977,5.96224487620522,237.819695074522,53,1,1e-4,12,249.74484632436224
1590,3.5348965255556e-4,0,0,0,0,0,0,0,0,0,0,5.79416092483247,5.79387565875391,238.171342621967,54,1,1e-4,12,249.75973269520594
1620,3.4380355524135e-4,0,0,0,0,0,0,0,0,0,0,5.63486014124243,5.63458653423905,238.503576149416,55,1,1e-4,12,249.77336662845272
1650,3.3462659513621e-4,0,0,0,0,0,0,0,0,0,0,5.48393337276871,5.48367065766409,238.817945141308,56,1,1e-4,12,249.78588379833593
1680,3.259201011531e-4,0,0,0,0,0,0,0,0,0,0,5.34074454509144,5.34049202314113,239.115839602235,57,1,1e-4,12,249.79740209056874
1710,3.1764918718556e-4,0,0,0,0,0,0,0,0,0,0,5.20471984320076,5.2044768764799,239.398509948612,58,1,1e-4,12,249.80802431747983
1740,3.0978230360846e-4,0,0,0,0,0,0,0,0,0,0,5.075340333718,5.07510633851425,239.667084008843,59,1,1e-4,12,249.81784046337887
1770,3.0229085063998e-4,0,0,0,0,0,0,0,0,0,0,4.95213560485458,4.95191004591372,239.922581608911,60,1,1e-4,12,249.82692955052994
1800,2.9514884389744e-4,0,0,0,0,0,0,0,0,0,0,4.83467826497099,4.83446065046872,240.165927132771,61,1,1e-4,12,249.83536119705462
1830,2.8833262415799e-4,0,0,0,0,0,0,0,0,0,0,4.72257916830942,4.72236904544379,240.397960376984,62,1,1e-4,12,249.84319692336138
1860,2.8182060469447e-4,0,0,0,0,0,0,0,0,0,0,4.61548325883884,4.61528020995523,240.61944596294,63,1,1e-4,12,249.85049125233877
1890,2.755930506631e-4,0,0,0,0,0,0,0,0,0,0,4.51306594134853,4.51286958052292,240.83108152466,64,1,1e-4,12,249.8572926395821
1920,2.696318859233e-4,0,0,0,0,0,0,0,0,0,0,4.41502990379569,4.4148398738138,241.03350485343,65,1,1e-4,12,249.86364426292542
1950,2.6392052341175e-4,0,0,0,0,0,0,0,0,0,0,4.32110232711402,4.32091829679342,241.227300150604,66,1,1e-4,12,249.86958469503486
1980,2.5844371580389e-4,0,0,0,0,0,0,0,0,0,0,4.23103242874179,4.23085409055199,241.413003515376,67,1,1e-4,12,249.8751484783856
0,250,0,0,0,0,0,0,0,0,0,0,0,0,0,1,1,1e-4,13,250
30,250.000322400697,0,0,0,0,0,0,0,0,0,0,0,0,0,2,1,1e-4,13,250.000322400697
60,250.000090984018,0,0,0,0,0,0,0,0,0,0,0,0,0,3,1,1e-4,13,250.000090984018
90,250.000018876751,0,0,0,0,0,0,0,0,0,0,0,0,0,4,1,1e-4,13,250.000018876751
120,211.626965333083,0,0,0,0,0,0,0,0,0,0,46.2654094476888,46.2654094476888,0.0111489288412398,5,1,1e-4,13,304.16893315730186
150,126.586488524875,0,0,0,0,0,0,0,0,0,0,78.454646224417,78.4533944398727,0.0352728940276616,6,1,1e-4,13,283.52980208319235
180,71.0125956704977,0,0,0,0,0,0,0,0,0,0,85.5958682030254,85.5933039265489,0.073713829637677,7,1,1e-4,13,242.27548162970967
210,36.3405583733101,0,0,0,0,0,0,0,0,0,0,81.1823550168353,81.1792060564257,0.133427719209526,8,1,1e-4,13,198.83554716578064
240,16.0848267079613,0,0,0,0,0,0,0,0,0,0,70.9447092474889,70.9418400214501,0.225040892420489,9,1,1e-4,13,158.19641686932079
270,5.8161947353195,0,0,0,0,0,0,0,0,0,0,59.1847982404702,59.1827793453923,0.365029692684634,10,1,1e-4,13,124.54880201386663
300,1.63040684192211,0,0,0,0,0,0,0,0,0,0,49.7041116849723,49.7030072644394,0.575516310886309,11,1,1e-4,13,101.61304210222012
330,0.359942173666379,0,0,0,0,0,0,0,0,0,0,44.5084220831122,44.507883327458,0.885279743550687,12,1,1e-4,13,90.26152732778728
360,0.0773367286673253,0,0,0,0,0,0,0,0,0,0,43.0314738106769,43.0310884049997,1.34059148167509,13,1,1e-4,13,87.48049042601902
390,0.0202129708466477,0,0,0,0,0,0,0,0,0,0,43.4684004963475,43.4679325062699,2.01809181670302,14,1,1e-4,13,88.97463779016707
420,0.006122496815953,0,0,0,0,0,0,0,0,0,0,44.7304522375515,44.7297939004976,3.02329894183917,15,1,1e-4,13,92.48966757670422
450,0.00206093639164049,0,0,0,0,0,0,0,0,0,0,46.5753333558843,46.5744063095371,4.49441686317671,16,1,1e-4,13,97.64621746498975
480,7.720119082352e-4,0,0,0,0,0,0,0,0,0,0,49.0136725688912,49.0123991779292,6.60572629458273,17,1,1e-4,13,104.63257005331137
510,5.6845449463919e-4,0,0,0,0,0,0,0,0,0,0,26.1706700926083,26.1668898306405,8.00238031477623,18,1,1e-4,13,60.34050869251967
540,5.778713478605e-4,0,0,0,0,0,0,0,0,0,0,29.3578934157923,29.3525124016017,31.7378671217814,19,1,1e-4,13,90.44885081052325
570,8.5605951655368e-4,0,0,0,0,0,0,0,0,0,0,42.2678359958181,42.2601235214451,63.9060438046935,20,1,1e-4,13,148.43485938147327
600,8.8919694289874e-4,0,0,0,0,0,0,0,0,0,0,44.1090724811188,44.1015708711469,101.511407821125,21,1,1e-4,13,189.7229403703336
630,8.2980156543895e-4,0,0,0,0,0,0,0,0,0,0,41.1119144262154,41.105530763216,131.580440066297,22,1,1e-4,13,213.79871505729383
660,7.5084545568514e-4,0,0,0,0,0,0,0,0,0,0,37.2075627488995,37.2023050194417,152.944097399653,23,1,1e-4,13,227.3547160134499
690,6.6791316876771e-4,0,0,0,0,0,0,0,0,0,0,33.092031231927,33.0877472075479,168.756183268143,24,1,1e-4,13,234.93662962078665
720,5.9544535992942e-4,0,0,0,0,0,0,0,0,0,0,29.4992199372354,29.4956928995903,180.450423845874,25,1,1e-4,13,239.44593212805964
750,5.3348469623999e-4,0,0,0,0,0,0,0,0,0,0,26.426900005263,26.4239575038531,189.418058850925,26,1,1e-4,13,242.26944984473735
780,4.8127063770548e-4,0,0,0,0,0,0,0,0,0,0,23.8381114262448,23.8356214733655,196.456864538393,27,1,1e-4,13,244.131078708641
810,4.3717596505859e-4,0,0,0,0,0,0,0,0,0,0,21.6519364993259,21.6498014686451,202.110268345554,28,1,1e-4,13,245.41244348949007
840,3.9973190495894e-4,0,0,0,0,0,0,0,0,0,0,19.7955492479811,19.7936966096668,206.737399339361,29,1,1e-4,13,246.32704492891384
870,3.6769526094939e-4,0,0,0,0,0,0,0,0,0,0,18.2072843760351,18.2056597113361,210.586695367294,30,1,1e-4,13,247.00000714992615
900,3.4006756634942e-4,0,0,0,0,0,0,0,0,0,0,16.8376265571105,16.8361884651005,213.833903092042,31,1,1e-4,13,247.50805818181934
930,3.1605597038347e-4,0,0,0,0,0,0,0,0,0,0,15.6472587249215,15.6459752517414,216.606560291743,32,1,1e-4,13,247.90011032437627
960,2.950324997937e-4,0,0,0,0,0,0,0,0,0,0,14.605041701535,14.6038878351056,218.999193894252,33,1,1e-4,13,248.20841846339238
990,2.7649795268079e-4,0,0,0,0,0,0,0,0,0,0,13.6862225624466,13.685178462987,221.083209750616,34,1,1e-4,13,248.45488727400226
1020,2.6005305666237e-4,0,0,0,0,0,0,0,0,0,0,12.8710039952204,12.8700537306925,222.913462014086,35,1,1e-4,13,248.65477979305558
1050,2.453761134218e-4,0,0,0,0,0,0,0,0,0,0,12.1434354817672,12.1425661122596,224.532727562562,36,1,1e-4,13,248.8189745327022
1080,2.3220590727154e-4,0,0,0,0,0,0,0,0,0,0,11.4905656466296,11.4897665524035,225.974817610532,37,1,1e-4,13,248.95538201547237
1110,2.2032867402457e-4,0,0,0,0,0,0,0,0,0,0,10.901796012635,10.9010583944412,227.266783577704,38,1,1e-4,13,249.0698583134542
1140,2.0956814465482e-4,0,0,0,0,0,0,0,0,0,0,10.3683872649834,10.3677037677619,228.430508106507,39,1,1e-4,13,249.16680870739697
1170,1.9977790122561e-4,0,0,0,0,0,0,0,0,0,0,9.88308019465528,9.88244462074367,229.483870793379,40,1,1e-4,13,249.24959538667918
1200,1.9083547126074e-4,0,0,0,0,0,0,0,0,0,0,9.4398028570717,9.43920994516413,230.441614645339,41,1,1e-4,13,249.3208182830461
1230,1.8263773334763e-4,0,0,0,0,0,0,0,0,0,0,9.03344275639901,9.03288800938071,231.315998600613,42,1,1e-4,13,249.38251200412606
1260,1.7509731687479e-4,0,0,0,0,0,0,0,0,0,0,8.65966832848795,8.65914787801422,232.117294894674,43,1,1e-4,13,249.43628619849304
1290,1.6813976019523e-4,0,0,0,0,0,0,0,0,0,0,8.31478803267115,8.31429853166607,232.854172397449,44,1,1e-4,13,249.4834271015464
1320,1.6170125131653e-4,0,0,0,0,0,0,0,0,0,0,7.99563832918908,7.9951768657725,233.533995112084,45,1,1e-4,13,249.52497200829688
1350,1.5572681914601e-4,0,0,0,0,0,0,0,0,0,0,7.6994939977076,7.69905802572405,234.163056832071,46,1,1e-4,13,249.56176458232179
1380,1.5016887566603e-4,0,0,0,0,0,0,0,0,0,0,7.4239958566145,7.42358313913892,234.746767247635,47,1,1e-4,13,249.59449641226408
1410,1.4498603333781e-4,0,0,0,0,0,0,0,0,0,0,7.16709212921593,7.16670069228798,235.289800765736,48,1,1e-4,13,249.62373857327324
1440,1.4014213982256e-4,0,0,0,0,0,0,0,0,0,0,6.92699058520569,6.92661867968931,235.796216431186,49,1,1e-4,13,249.64996583822082
1470,1.356054854189e-4,0,0,0,0,0,0,0,0,0,0,6.70211924582244,6.70176531576805,236.269555257087,50,1,1e-4,13,249.67357542416292
1500,1.3134814863678e-4,0,0,0,0,0,0,0,0,0,0,6.4910939380666,6.49075659431365,236.712919753676,51,1,1e-4,13,249.69490163420488
1530,1.273454529231e-4,0,0,0,0,0,0,0,0,0,0,6.29269135995048,6.29236935798048,237.129039323443,52,1,1e-4,13,249.7142273868269
1560,1.2357551334702e-4,0,0,0,0,0,0,0,0,0,0,6.10582660600943,6.10551882726865,237.520324354971,53,1,1e-4,13,249.73179336376242
1590,1.200188565e-4,0,0,0,0,0,0,0,0,0,0,5.9295343228165,5.92923975888704,237.888911219917,54,1,1e-4,13,249.74780532047703
1620,1.1665810030136e-4,0,0,0,0,0,0,0,0,0,0,5.76295283459051,5.76267057371297,238.236699901378,55,1,1e-4,13,249.76243996778177
1650,1.1347768307007e-4,0,0,0,0,0,0,0,0,0,0,5.60531071138973,5.60503992693749,238.565385617972,56,1,1e-4,13,249.77584973398228
1680,1.1046363331137e-4,0,0,0,0,0,0,0,0,0,0,5.45591535590596,5.45565529648747,238.876485527793,57,1,1e-4,13,249.78816664381972
1710,1.0760337330908e-4,0,0,0,0,0,0,0,0,0,0,5.31414326628346,5.31389324720842,239.171361379104,58,1,1e-4,13,249.7995054959692
1740,1.0488555091203e-4,0,0,0,0,0,0,0,0,0,0,5.1794316967624,5.17919109265659,239.451238804974,59,1,1e-4,13,249.8099664799439
1770,1.0229989493627e-4,0,0,0,0,0,0,0,0,0,0,5.05127148912782,5.05103972751861,239.717223825763,60,1,1e-4,13,249.81963734230436
1800,9.98370904286154e-5,0,0,0,0,0,0,0,0,0,0,4.92920088884437,4.92897744457056,239.970317017981,61,1,1e-4,13,249.82859518848636
1830,9.74886707004603e-5,0,0,0,0,0,0,0,0,0,0,4.81280019260527,4.81258458292922,240.211425724239,62,1,1e-4,13,249.8369079884442
1860,9.52469235747879e-5,0,0,0,0,0,0,0,0,0,0,4.70168710053141,4.70147888085203,240.441374611997,63,1,1e-4,13,249.844635840304
1890,9.31048097231037e-5,0,0,0,0,0,0,0,0,0,0,4.59551266774624,4.59531142782774,240.660914834981,64,1,1e-4,13,249.8518320353647
1920,9.10558913218319e-5,0,0,0,0,0,0,0,0,0,0,4.49395776755185,4.49376312819672,240.870732007604,65,1,1e-4,13,249.8585439592439
1950,8.90942695463967e-5,0,0,0,0,0,0,0,0,0,0,4.39672999274267,4.3965416028486,241.071453167416,66,1,1e-4,13,249.8648138572768
1980,8.72145296582473e-5,0,0,0,0,0,0,0,0,0,0,4.30356093334566,4.30337846729529,241.26365287183,67,1,1e-4,13,249.87067948700061
0,250,0,0,0,0,0,0,0,0,0,0,0,0,0,1,1,1e-4,14,250
30,250.000322400697,0,0,0,0,0,0,0,0,0,0,0,0,0,2,1,1e-4,14,250.000322400697
60,250.000090984018,0,0,0,0,0,0,0,0,0,0,0,0,0,3,1,1e-4,14,250.000090984018
90,250.000018876751,0,0,0,0,0,0,0,0,0,0,0,0,0,4,1,1e-4,14,250.000018876751
120,211.626965333083,0,0,0,0,0,0,0,0,0,0,46.2654094476888,46.2654094476888,0.0111489288412398,5,1,1e-4,14,304.16893315730186
150,126.586488524875,0,0,0,0,0,0,0,0,0,0,78.454646224417,78.4533944398727,0.0352728940276616,6,1,1e-4,14,283.52980208319235
180,71.0125956704977,0,0,0,0,0,0,0,0,0,0,85.5958682030254,85.5933039265489,0.073713829637677,7,1,1e-4,14,242.27548162970967
210,36.3405583733101,0,0,0,0,0,0,0,0,0,0,81.1823550168353,81.1792060564257,0.133427719209526,8,1,1e-4,14,198.83554716578064
240,16.0848267079613,0,0,0,0,0,0,0,0,0,0,70.9447092474889,70.9418400214501,0.225040892420489,9,1,1e-4,14,158.19641686932079
270,5.8161947353195,0,0,0,0,0,0,0,0,0,0,59.1847982404702,59.1827793453923,0.365029692684634,10,1,1e-4,14,124.54880201386663
300,1.63040684192211,0,0,0,0,0,0,0,0,0,0,49.7041116849723,49.7030072644394,0.575516310886309,11,1,1e-4,14,101.61304210222012
330,0.359942173666379,0,0,0,0,0,0,0,0,0,0,44.5084220831122,44.507883327458,0.885279743550687,12,1,1e-4,14,90.26152732778728
360,0.0773367286673253,0,0,0,0,0,0,0,0,0,0,43.0314738106769,43.0310884049997,1.34059148167509,13,1,1e-4,14,87.48049042601902
390,0.0202129708466477,0,0,0,0,0,0,0,0,0,0,43.4684004963475,43.4679325062699,2.01809181670302,14,1,1e-4,14,88.97463779016707
420,0.006122496815953,0,0,0,0,0,0,0,0,0,0,44.7304522375515,44.7297939004976,3.02329894183917,15,1,1e-4,14,92.48966757670422
450,0.00206093639164049,0,0,0,0,0,0,0,0,0,0,46.5753333558843,46.5744063095371,4.49441686317671,16,1,1e-4,14,97.64621746498975
480,7.720119082352e-4,0,0,0,0,0,0,0,0,0,0,49.0136725688912,49.0123991779292,6.60572629458273,17,1,1e-4,14,104.63257005331137
510,3.1699526572539e-4,0,0,0,0,0,0,0,0,0,0,52.0477341412375,52.0460429522161,9.54149935940092,18,1,1e-4,14,113.63559344812025
540,2.409050956967e-4,0,0,0,0,0,0,0,0,0,0,31.0357063296507,31.0312391853328,11.7585548991552,19,1,1e-4,14,73.8257413192344
570,2.388426063823e-4,0,0,0,0,0,0,0,0,0,0,33.0814617353053,33.0755026841837,39.382472147396,20,1,1e-4,14,105.53967540949138
600,3.2200697188911e-4,0,0,0,0,0,0,0,0,0,0,43.7070024154655,43.6992056539966,72.0939266670774,21,1,1e-4,14,159.5004567435114
630,3.2137360632401e-4,0,0,0,0,0,0,0,0,0,0,43.7708231371274,43.7635571282268,108.419465797903,22,1,1e-4,14,195.95416743686351
660,2.9717670158032e-4,0,0,0,0,0,0,0,0,0,0,40.4353714603497,40.4292462369955,136.363608983787,23,1,1e-4,14,217.22852385783378
690,2.6728174805581e-4,0,0,0,0,0,0,0,0,0,0,36.3727612070557,36.3677382764332,156.469546190159,24,1,1e-4,14,229.21031295539598
720,0.00023773605658427001,0,0,0,0,0,0,0,0,0,0,32.3468734646748,32.3427733994267,171.322192776827,25,1,1e-4,14,236.01207737698508
750,2.1208928428477e-4,0,0,0,0,0,0,0,0,0,0,28.8549203487506,28.8515359006356,182.397562396578,26,1,1e-4,14,240.10423073524848
780,1.9026676037586e-4,0,0,0,0,0,0,0,0,0,0,25.8833488316077,25.8805168437789,190.931499058441,27,1,1e-4,14,242.69555500058797
810,1.7187928024262e-4,0,0,0,0,0,0,0,0,0,0,23.3797302813994,23.3773271039166,197.662702678346,28,1,1e-4,14,244.41993194294224
840,1.5633829394245e-4,0,0,0,0,0,0,0,0,0,0,21.2637371088485,21.261671241028,203.090457256673,29,1,1e-4,14,245.61602194484345
870,1.4312284548689e-4,0,0,0,0,0,0,0,0,0,0,19.4644293506618,19.4626326866341,207.548042201948,30,1,1e-4,14,246.4752473620894
900,1.3179844965949e-4,0,0,0,0,0,0,0,0,0,0,17.9226245035449,17.9210457961991,211.267077368227,31,1,1e-4,14,247.11087946642067
930,1.2201740461546e-4,0,0,0,0,0,0,0,0,0,0,16.5909698026292,16.5895699454618,214.412287057337,32,1,1e-4,14,247.59294882283262
960,1.1350393936355e-4,0,0,0,0,0,0,0,0,0,0,15.4319100077604,15.4306587276895,217.103733089958,33,1,1e-4,14,247.96641532934729
990,1.0603954274546e-4,0,0,0,0,0,0,0,0,0,0,14.4156891539567,14.4145626879022,219.430751292975,34,1,1e-4,14,248.26110917437666
1020,9.94503284097898e-5,0,0,0,0,0,0,0,0,0,0,13.5186289047876,13.5176083545608,221.461059743464,35,1,1e-4,14,248.49739645314082
1050,9.35970267321407e-5,0,0,0,0,0,0,0,0,0,0,12.7217652747296,12.7208354280738,223.246840212137,36,1,1e-4,14,248.6895345119671
1080,8.83672575843608e-5,0,0,0,0,0,0,0,0,0,0,12.0097961157131,12.0089445902112,224.828897995895,37,1,1e-4,14,248.84772706907688
1110,8.36696292305534e-5,0,0,0,0,0,0,0,0,0,0,11.3702774007211,11.3694940137593,226.239566149471,38,1,1e-4,14,248.9794212335806
1140,7.94292386246501e-5,0,0,0,0,0,0,0,0,0,0,10.7930104066625,10.792286705664,227.504771612335,39,1,1e-4,14,249.09014815390012
1170,7.55842307272922e-5,0,0,0,0,0,0,0,0,0,0,10.2695731455184,10.2689020532766,228.645530217481,40,1,1e-4,14,249.18408100050672
1200,7.20831538671081e-5,0,0,0,0,0,0,0,0,0,0,9.79296021688468,9.79233576062086,229.679045276796,41,1,1e-4,14,249.2644133374554
1230,6.88829138447026e-5,0,0,0,0,0,0,0,0,0,0,9.35730420533227,9.35672130740672,230.619526309911,42,1,1e-4,14,249.33362070556385
1260,6.59471800472569e-5,0,0,0,0,0,0,0,0,0,0,8.95765863615988,8.95711295072503,231.478807131354,43,1,1e-4,14,249.39364466541895
1290,6.32451346601332e-5,0,0,0,0,0,0,0,0,0,0,8.58982765527721,8.58931543954566,232.266818032199,44,1,1e-4,14,249.44602437215653
1320,6.07504839668312e-5,0,0,0,0,0,0,0,0,0,0,8.25023140018446,8.24974941205464,232.991950463631,45,1,1e-4,14,249.49199202635407
1350,5.84406712257029e-5,0,0,0,0,0,0,0,0,0,0,7.93579882094484,7.93534423689598,233.661341557043,46,1,1e-4,14,249.53254305555504
1380,5.62962456708782e-5,0,0,0,0,0,0,0,0,0,0,7.64388176114293,7.64345210986283,234.281098191717,47,1,1e-4,14,249.56848835896844
1410,5.43003532819895e-5,0,0,0,0,0,0,0,0,0,0,7.37218562022568,7.3717787285577,234.85647499805,48,1,1e-4,14,249.60049364718665
1440,5.24383231829356e-5,0,0,0,0,0,0,0,0,0,0,7.11871303753397,7.11832698614974,235.39201691842501,49,1,1e-4,14,249.6291093804319
1470,5.06973296464454e-5,0,0,0,0,0,0,0,0,0,0,6.88171787133297,6.88135095814313,235.891674250989,50,1,1e-4,14,249.65479377779477
1500,4.90661142629625e-5,0,0,0,0,0,0,0,0,0,0,6.65966737011432,6.65931807988065,236.358896148164,51,1,1e-4,14,249.67793066427325
1530,4.75347562864922e-5,0,0,0,0,0,0,0,0,0,0,6.45121090383236,6.45087788278428,236.796707111623,52,1,1e-4,14,249.69884343299591
1560,4.60944817910577e-5,0,0,0,0,0,0,0,0,0,0,6.25515397966098,6.25483601417668,237.207769967942,53,1,1e-4,14,249.71780605626145
1590,4.47375042731528e-5,0,0,0,0,0,0,0,0,0,0,6.07043653944861,6.07013253805773,237.594438019773,54,1,1e-4,14,249.73505183478363
1620,4.34568908741873e-5,0,0,0,0,0,0,0,0,0,0,5.89611474556671,5.89582372368311,237.958798472932,55,1,1e-4,14,249.75078039907268
1650,4.22464495869568e-5,0,0,0,0,0,0,0,0,0,0,5.73134562389718,5.73106669080818,238.302708788396,56,1,1e-4,14,249.76516334955093
1680,4.11006337362272e-5,0,0,0,0,0,0,0,0,0,0,5.57537405880601,5.57510640653607,238.627827262697,57,1,1e-4,14,249.77834882867282
1710,4.00144607484308e-5,0,0,0,0,0,0,0,0,0,0,5.42752173365941,5.427264627399,238.935638873803,58,1,1e-4,14,249.79046524932215
1740,3.89834427961658e-5,0,0,0,0,0,0,0,0,0,0,5.2871776881492,5.28693045799627,239.227477222682,59,1,1e-4,14,249.80162435227027
1770,3.80035273549677e-5,0,0,0,0,0,0,0,0,0,0,5.15379022521008,5.15355225901773,239.504543239038,60,1,1e-4,14,249.81192372679314
1800,3.7071046069365e-5,0,0,0,0,0,0,0,0,0,0,5.02685994926884,5.02663068642891,239.767921192456,61,1,1e-4,14,249.8214488991998
1830,3.61826706128477e-5,0,0,0,0,0,0,0,0,0,0,4.90593375672804,4.90571268274972,240.018592449495,62,1,1e-4,14,249.83027507164337
1860,3.53353744575847e-5,0,0,0,0,0,0,0,0,0,0,4.79059963106835,4.79038627283503,240.257447337099,63,1,1e-4,14,249.83846857637684
1890,3.45263996564855e-5,0,0,0,0,0,0,0,0,0,0,4.68048212038313,4.68027604198974,240.48529540853,64,1,1e-4,14,249.84608809730253
1920,3.37532278917389e-5,0,0,0,0,0,0,0,0,0,0,4.57523839579216,4.57503919488112,240.7028743564,65,1,1e-4,14,249.85318570030117
1950,3.30135551674725e-5,0,0,0,0,0,0,0,0,0,0,4.474554805998,4.47436211052509,240.910857775624,66,1,1e-4,14,249.85980770570228
1980,3.23052696252612e-5,0,0,0,0,0,0,0,0,0,0,4.37814385701286,4.37795732238466,241.109861945209,67,1,1e-4,14,249.86599542987614
0,250,0,0,0,0,0,0,0,0,0,0,0,0,0,1,1,1e-4,15,250
30,250.000322400697,0,0,0,0,0,0,0,0,0,0,0,0,0,2,1,1e-4,15,250.000322400697
60,250.000090984018,0,0,0,0,0,0,0,0,0,0,0,0,0,3,1,1e-4,15,250.000090984018
90,250.000018876751,0,0,0,0,0,0,0,0,0,0,0,0,0,4,1,1e-4,15,250.000018876751
120,211.626965333083,0,0,0,0,0,0,0,0,0,0,46.2654094476888,46.2654094476888,0.0111489288412398,5,1,1e-4,15,304.16893315730186
150,126.586488524875,0,0,0,0,0,0,0,0,0,0,78.454646224417,78.4533944398727,0.0352728940276616,6,1,1e-4,15,283.52980208319235
180,71.0125956704977,0,0,0,0,0,0,0,0,0,0,85.5958682030254,85.5933039265489,0.073713829637677,7,1,1e-4,15,242.27548162970967
210,36.3405583733101,0,0,0,0,0,0,0,0,0,0,81.1823550168353,81.1792060564257,0.133427719209526,8,1,1e-4,15,198.83554716578064
240,16.0848267079613,0,0,0,0,0,0,0,0,0,0,70.9447092474889,70.9418400214501,0.225040892420489,9,1,1e-4,15,158.19641686932079
270,5.8161947353195,0,0,0,0,0,0,0,0,0,0,59.1847982404702,59.1827793453923,0.365029692684634,10,1,1e-4,15,124.54880201386663
300,1.63040684192211,0,0,0,0,0,0,0,0,0,0,49.7041116849723,49.7030072644394,0.575516310886309,11,1,1e-4,15,101.61304210222012
330,0.359942173666379,0,0,0,0,0,0,0,0,0,0,44.5084220831122,44.507883327458,0.885279743550687,12,1,1e-4,15,90.26152732778728
360,0.0773367286673253,0,0,0,0,0,0,0,0,0,0,43.0314738106769,43.0310884049997,1.34059148167509,13,1,1e-4,15,87.48049042601902
390,0.0202129708466477,0,0,0,0,0,0,0,0,0,0,43.4684004963475,43.4679325062699,2.01809181670302,14,1,1e-4,15,88.97463779016707
420,0.006122496815953,0,0,0,0,0,0,0,0,0,0,44.7304522375515,44.7297939004976,3.02329894183917,15,1,1e-4,15,92.48966757670422
450,0.00206093639164049,0,0,0,0,0,0,0,0,0,0,46.5753333558843,46.5744063095371,4.49441686317671,16,1,1e-4,15,97.64621746498975
480,7.720119082352e-4,0,0,0,0,0,0,0,0,0,0,49.0136725688912,49.0123991779292,6.60572629458273,17,1,1e-4,15,104.63257005331137
510,3.1699526572539e-4,0,0,0,0,0,0,0,0,0,0,52.0477341412375,52.0460429522161,9.54149935940092,18,1,1e-4,15,113.63559344812025
540,1.4025362788778e-4,0,0,0,0,0,0,0,0,0,0,55.5812265185583,55.5790694627925,13.4361588253607,19,1,1e-4,15,124.5965950603394
570,1.0788890968392e-4,0,0,0,0,0,0,0,0,0,0,35.6950261542683,35.6899574054982,16.5729427838015,20,1,1e-4,15,87.95803423247769
600,1.0401973407036e-4,0,0,0,0,0,0,0,0,0,0,36.3376909330229,36.3312871458534,47.3267116602715,21,1,1e-4,15,119.99579375888187
630,1.2966958237285e-4,0,0,0,0,0,0,0,0,0,0,44.6219077944746,44.614151948501,80.096287494589,22,1,1e-4,15,169.33247690714697
660,1.2548643446222e-4,0,0,0,0,0,0,0,0,0,0,43.300155993558,43.2931590520159,114.862392857202,23,1,1e-4,15,201.45583338921037
690,1.1512564741624e-4,0,0,0,0,0,0,0,0,0,0,39.6917842288636,39.6859293675382,140.874171340084,24,1,1e-4,15,220.2520000621332
720,1.0309141571006e-4,0,0,0,0,0,0,0,0,0,0,35.5462847146713,35.5414952570031,159.784002395056,25,1,1e-4,15,230.87188545814612
750,9.17104379149858e-5,0,0,0,0,0,0,0,0,0,0,31.6173698493832,31.6134517312223,173.756190510049,26,1,1e-4,15,236.98710380109242
780,8.18883577557636e-5,0,0,0,0,0,0,0,0,0,0,28.2287754168024,28.2255319647906,184.25397916099,27,1,1e-4,15,240.70836843094077
810,7.35609015326064e-5,0,0,0,0,0,0,0,0,0,0,25.3555921606616,25.3528699066378,192.381990967508,28,1,1e-4,15,243.09052659570892
840,6.65431080691658e-5,0,0,0,0,0,0,0,0,0,0,22.9344482390945,22.9321316753854,198.823264884689,29,1,1e-4,15,244.68991134227696
870,6.06058732527929e-5,0,0,0,0,0,0,0,0,0,0,20.8861459358469,20.8841494905854,204.037253281939,30,1,1e-4,15,245.80760931424456
900,5.55497512958012e-5,0,0,0,0,0,0,0,0,0,0,19.141866948227,19.1401267832452,208.333474609749,31,1,1e-4,15,246.6155238909725
930,5.12103780328664e-5,0,0,0,0,0,0,0,0,0,0,17.6448848417349,17.6433527742918,211.92804476124,32,1,1e-4,15,247.21633358764473
960,4.74565979408583e-5,0,0,0,0,0,0,0,0,0,0,16.3499415396325,16.3485806867255,214.975457739455,33,1,1e-4,15,247.67402742241094
990,4.41844708130833e-5,0,0,0,0,0,0,0,0,0,0,15.2211715537588,15.2199532772195,217.588801880509,34,1,1e-4,15,248.02997089595812
1020,4.13115903782079e-5,0,0,0,0,0,0,0,0,0,0,14.2301411785253,14.2290429350075,219.852548101578,35,1,1e-4,15,248.3117735267012
1050,3.87723046351793e-5,0,0,0,0,0,0,0,0,0,0,13.3541983831267,13.3532021976369,221.830944246949,36,1,1e-4,15,248.53838360001723
1080,3.65139566783377e-5,0,0,0,0,0,0,0,0,0,0,12.5751753555456,12.5742667243001,223.573648093794,37,1,1e-4,15,248.72312668759636
1110,3.44939915538839e-5,0,0,0,0,0,0,0,0,0,0,11.8783900181311,11.8775571095178,225.119596687424,38,1,1e-4,15,248.87557830906445
1140,3.26777486084953e-5,0,0,0,0,0,0,0,0,0,0,11.2518841760534,11.2511172409041,226.499718219826,39,1,1e-4,15,249.0027523145321
1170,3.10367776446263e-5,0,0,0,0,0,0,0,0,0,0,10.6858424577116,10.6851333883959,227.738868024287,40,1,1e-4,15,249.10987490717216
1200,2.95475502361442e-5,0,0,0,0,0,0,0,0,0,0,10.1721476344947,10.1714896311948,228.857233853053,41,1,1e-4,15,249.20090066629274
1230,2.81904680121086e-5,0,0,0,0,0,0,0,0,0,0,9.70403842501143,9.70342574016831,229.871371499602,42,1,1e-4,15,249.27886385524974
1260,2.69490944242546e-5,0,0,0,0,0,0,0,0,0,0,9.2758444204929,9.27527216096763,230.794978637505,43,1,1e-4,15,249.34612216805996
1290,2.5809555392664e-5,0,0,0,0,0,0,0,0,0,0,8.88277928552434,8.882243257867,231.639480431329,44,1,1e-4,15,249.40452878427573
1320,2.47600682914807e-5,0,0,0,0,0,0,0,0,0,0,8.52077824408117,8.52027483235434,232.414477904541,45,1,1e-4,15,249.4555557410448
1350,2.37905691016548e-5,0,0,0,0,0,0,0,0,0,0,8.18636943839538,8.18589550683837,233.128094942905,46,1,1e-4,15,249.50038367870783
1380,2.28924151692641e-5,0,0,0,0,0,0,0,0,0,0,7.87657137515394,7.87612418998775,233.787249536333,47,1,1e-4,15,249.53996799388986
1410,2.20581466024583e-5,0,0,0,0,0,0,0,0,0,0,7.58881060425854,7.58838777037552,234.397867767228,48,1,1e-4,15,249.57508820000868
1440,2.12812934660584e-5,0,0,0,0,0,0,0,0,0,0,7.32085519924154,7.32045460857025,234.965054086253,49,1,1e-4,15,249.60638517535824
1470,2.0556218990661e-5,0,0,0,0,0,0,0,0,0,0,7.07076066364073,7.07038045274343,235.493227893709,50,1,1e-4,15,249.63438956631214
1500,1.98779912923144e-5,0,0,0,0,0,0,0,0,0,0,6.83682567413645,6.83646418916338,235.986233916157,51,1,1e-4,15,249.65954365744813
1530,1.92422778082744e-5,0,0,0,0,0,0,0,0,0,0,6.61755566112407,6.61721142867234,236.447432032443,52,1,1e-4,15,249.6822183645172
1560,1.86452579447199e-5,0,0,0,0,0,0,0,0,0,0,6.41163267264899,6.41130437539285,236.87977085681,53,1,1e-4,15,249.7027265501098
1590,1.80835504127017e-5,0,0,0,0,0,0,0,0,0,0,6.21789030591706,6.21757676211825,237.285848389189,54,1,1e-4,15,249.7213335407747
1620,1.7554152478305e-5,0,0,0,0,0,0,0,0,0,0,6.03529274927717,6.0349928954702,237.667962296861,55,1,1e-4,15,249.73826549576083
1650,1.70543889299755e-5,0,0,0,0,0,0,0,0,0,0,5.86291717664933,5.86263005293925,238.028151828917,56,1,1e-4,15,249.75371611289452
1680,1.65818690127581e-5,0,0,0,0,0,0,0,0,0,0,5.69993889053312,5.69966362805475,238.368232937046,57,1,1e-4,15,249.76785203750288
1710,1.61344499272925e-5,0,0,0,0,0,0,0,0,0,0,5.54561872983531,5.54535454001014,238.689827848065,58,1,1e-4,15,249.78081725236038
1740,1.57102057642095e-5,0,0,0,0,0,0,0,0,0,0,5.39929235287836,5.39903851817361,238.994390080305,59,1,1e-4,15,249.79273666156274
1770,1.53074009595744e-5,0,0,0,0,0,0,0,0,0,0,5.2603610801312,5.26011694608019,239.283225699017,60,1,1e-4,15,249.80371903262935
1800,1.49244675274023e-5,0,0,0,0,0,0,0,0,0,0,5.12828403998916,5.12804900827537,239.557511451741,61,1,1e-4,15,249.81385942447304
1830,1.455998546101e-5,0,0,0,0,0,0,0,0,0,0,5.00257140776108,5.00234493020286,239.818310303149,62,1,1e-4,15,249.8232412010984
1860,1.42126658036581e-5,0,0,0,0,0,0,0,0,0,0,4.88277856552037,4.88256013882163,240.066584792644,63,1,1e-4,15,249.8319377096518
1890,1.38813359763887e-5,0,0,0,0,0,0,0,0,0,0,4.76850104065067,4.76829020180517,240.303208561283,64,1,1e-4,15,249.8400136850748
1920,1.35649270216798e-5,0,0,0,0,0,0,0,0,0,0,4.65937010531042,4.65916642756614,240.528976333173,65,1,1e-4,15,249.8475264309766
1950,1.3262462478952e-5,0,0,0,0,0,0,0,0,0,0,4.55504893885316,4.55485202815793,240.744612586965,66,1,1e-4,15,249.85452681643855
1980,1.29730486548115e-5,0,0,0,0,0,0,0,0,0,0,4.4552292713996,4.45503876326205,240.950779113021,67,1,1e-4,15,249.8610601207313
0,250,0,0,0,0,0,0,0,0,0,0,0,0,0,1,1,1e-4,16,250
30,250.000322400697,0,0,0,0,0,0,0,0,0,0,0,0,0,2,1,1e-4,16,250.000322400697
60,250.000090984018,0,0,0,0,0,0,0,0,0,0,0,0,0,3,1,1e-4,16,250.000090984018
90,250.000018876751,0,0,0,0,0,0,0,0,0,0,0,0,0,4,1,1e-4,16,250.000018876751
120,211.626965333083,0,0,0,0,0,0,0,0,0,0,46.2654094476888,46.2654094476888,0.0111489288412398,5,1,1e-4,16,304.16893315730186
150,126.586488524875,0,0,0,0,0,0,0,0,0,0,78.454646224417,78.4533944398727,0.0352728940276616,6,1,1e-4,16,283.52980208319235
180,71.0125956704977,0,0,0,0,0,0,0,0,0,0,85.5958682030254,85.5933039265489,0.073713829637677,7,1,1e-4,16,242.27548162970967
210,36.3405583733101,0,0,0,0,0,0,0,0,0,0,81.1823550168353,81.1792060564257,0.133427719209526,8,1,1e-4,16,198.83554716578064
240,16.0848267079613,0,0,0,0,0,0,0,0,0,0,70.9447092474889,70.9418400214501,0.225040892420489,9,1,1e-4,16,158.19641686932079
270,5.8161947353195,0,0,0,0,0,0,0,0,0,0,59.1847982404702,59.1827793453923,0.365029692684634,10,1,1e-4,16,124.54880201386663
300,1.63040684192211,0,0,0,0,0,0,0,0,0,0,49.7041116849723,49.7030072644394,0.575516310886309,11,1,1e-4,16,101.61304210222012
330,0.359942173666379,0,0,0,0,0,0,0,0,0,0,44.5084220831122,44.507883327458,0.885279743550687,12,1,1e-4,16,90.26152732778728
360,0.0773367286673253,0,0,0,0,0,0,0,0,0,0,43.0314738106769,43.0310884049997,1.34059148167509,13,1,1e-4,16,87.48049042601902
390,0.0202129708466477,0,0,0,0,0,0,0,0,0,0,43.4684004963475,43.4679325062699,2.01809181670302,14,1,1e-4,16,88.97463779016707
420,0.006122496815953,0,0,0,0,0,0,0,0,0,0,44.7304522375515,44.7297939004976,3.02329894183917,15,1,1e-4,16,92.48966757670422
450,0.00206093639164049,0,0,0,0,0,0,0,0,0,0,46.5753333558843,46.5744063095371,4.49441686317671,16,1,1e-4,16,97.64621746498975
480,7.720119082352e-4,0,0,0,0,0,0,0,0,0,0,49.0136725688912,49.0123991779292,6.60572629458273,17,1,1e-4,16,104.63257005331137
510,3.1699526572539e-4,0,0,0,0,0,0,0,0,0,0,52.0477341412375,52.0460429522161,9.54149935940092,18,1,1e-4,16,113.63559344812025
540,1.4025362788778e-4,0,0,0,0,0,0,0,0,0,0,55.5812265185583,55.5790694627925,13.4361588253607,19,1,1e-4,16,124.5965950603394
570,6.56362259850558e-5,0,0,0,0,0,0,0,0,0,0,59.3939973879708,59.3913680976583,18.2924049701068,20,1,1e-4,16,137.0778360919619
600,5.03385460957505e-5,0,0,0,0,0,0,0,0,0,0,39.8592068863967,39.8536700375166,22.269909708616,21,1,1e-4,16,101.9828369710754
630,4.72353895537187e-5,0,0,0,0,0,0,0,0,0,0,39.0154915254981,39.0087930940586,55.2035166143643,22,1,1e-4,16,133.22784846931054
660,5.52377701350509e-5,0,0,0,0,0,0,0,0,0,0,45.0882976120332,45.0806834811013,87.6584680318368,23,1,1e-4,16,177.82750436274145
690,5.22428780296145e-5,0,0,0,0,0,0,0,0,0,0,42.7422835830288,42.7355750489216,120.721863122371,24,1,1e-4,16,206.19977399719943
720,4.76096852659874e-5,0,0,0,0,0,0,0,0,0,0,38.9226463435627,38.9170637667785,145.021275023978,25,1,1e-4,16,222.86103274400446
750,4.25056016085826e-5,0,0,0,0,0,0,0,0,0,0,34.7523887491775,34.7478260672449,162.827049538911,26,1,1e-4,16,232.327306860935
780,3.78269920190715e-5,0,0,0,0,0,0,0,0,0,0,30.9228208201992,30.9190789247219,176.009482305715,27,1,1e-4,16,237.85141987762813
810,3.38092965199577e-5,0,0,0,0,0,0,0,0,0,0,27.6360263825156,27.632919675378,185.98115745445,28,1,1e-4,16,241.25013732164012
840,3.04115323703589e-5,0,0,0,0,0,0,0,0,0,0,24.8562104582289,24.8535951482721,193.738263220163,29,1,1e-4,16,243.44809923819636
870,2.75470234951489e-5,0,0,0,0,0,0,0,0,0,0,22.5128163855317,22.5105847137273,199.91283917914,30,1,1e-4,16,244.9362678254225
900,2.51209327848912e-5,0,0,0,0,0,0,0,0,0,0,20.5281290037658,20.5262010057693,204.929228235773,31,1,1e-4,16,245.98358336624088
930,2.30518764161728e-5,0,0,0,0,0,0,0,0,0,0,18.8355593365818,18.8338752030811,209.075621982236,32,1,1e-4,16,246.7450795737753
960,2.12734098530635e-5,0,0,0,0,0,0,0,0,0,0,17.3807320598974,17.3792465074151,212.554183905624,33,1,1e-4,16,247.31418374634634
990,1.97326323702845e-5,0,0,0,0,0,0,0,0,0,0,16.120361525297,16.1190397816754,215.510140223848,34,1,1e-4,16,247.74956126345276
1020,1.83876386650911e-5,0,0,0,0,0,0,0,0,0,0,15.0201602882069,15.0189752735585,218.05023152141,35,1,1e-4,16,248.08938547081408
1050,1.72051815909263e-5,0,0,0,0,0,0,0,0,0,0,14.0529262870805,14.0518566254576,220.254480172096,36,1,1e-4,16,248.3592802898157
1080,1.61587420862453e-5,0,0,0,0,0,0,0,0,0,0,13.1969628979176,13.1959915015792,222.183948167688,37,1,1e-4,16,248.57691872592687
1110,1.52270200588784e-5,0,0,0,0,0,0,0,0,0,0,12.4348438640956,12.4339569129072,223.8859678462,38,1,1e-4,16,248.75478385022285
1140,1.43927759036401e-5,0,0,0,0,0,0,0,0,0,0,11.7524652474441,11.7516514433795,225.397749447781,39,1,1e-4,16,248.9018805313805
1170,1.36419469646555e-5,0,0,0,0,0,0,0,0,0,0,11.1383224301032,11.1375724454668,226.748918900547,40,1,1e-4,16,249.02482741806398
1200,1.29629733515916e-5,0,0,0,0,0,0,0,0,0,0,10.5829584561213,10.582264519909,227.963335580513,41,1,1e-4,16,249.12857151951664
1230,1.23462814860549e-5,0,0,0,0,0,0,0,0,0,0,10.0785414536268,10.0778970376514,229.060415773575,42,1,1e-4,16,249.21686661113466
1260,1.17838861801228e-5,0,0,0,0,0,0,0,0,0,0,9.61853905364683,9.61793863162239,230.056110703805,43,1,1e-4,16,249.2926001729604
1290,1.12690819723309e-5,0,0,0,0,0,0,0,0,0,0,9.19746584639398,9.19690470702254,230.96363918899,44,1,1e-4,16,249.3580210114885
1320,1.07962019796868e-5,0,0,0,0,0,0,0,0,0,0,8.81068608245251,8.81016018294093,231.794043376052,45,1,1e-4,16,249.41490043764742
1350,1.03604281206297e-5,0,0,0,0,0,0,0,0,0,0,8.45425840689856,8.4537642570762,232.556615147438,46,1,1e-4,16,249.46464817184088
1380,9.9576406828056e-6,0,0,0,0,0,0,0,0,0,0,8.12481278545682,8.12434735529172,233.259226781784,47,1,1e-4,16,249.50839688017322
1410,9.58429823396674e-6,0,0,0,0,0,0,0,0,0,0,7.81945225693129,7.81901290211102,233.908589895634,48,1,1e-4,16,249.54706463897455
1440,9.23734109838006e-6,0,0,0,0,0,0,0,0,0,0,7.5356739661955,7.53525836778149,234.510460076312,49,1,1e-4,16,249.5814016476301
1470,8.91411326280018e-6,0,0,0,0,0,0,0,0,0,0,7.27130527541167,7.27091139055144,235.06979997187,50,1,1e-4,16,249.61202555194637
1500,8.61229879400193e-6,0,0,0,0,0,0,0,0,0,0,7.02445174776269,7.02407776916061,235.590910302434,51,1,1e-4,16,249.6394484316561
1530,8.32986975875173e-6,0,0,0,0,0,0,0,0,0,0,6.79345454167802,6.79309886405551,236.077535882236,52,1,1e-4,16,249.66409761783927
1560,8.06504331960714e-6,0,0,0,0,0,0,0,0,0,0,6.57685531198755,6.5765165041612,236.532952013872,53,1,1e-4,16,249.6863318950641
1590,7.81624619577417e-6,0,0,0,0,0,0,0,0,0,0,6.37336713650575,6.37304391801097,236.960035346527,54,1,1e-4,16,249.70645421728992
1620,7.58208507066329e-6,0,0,0,0,0,0,0,0,0,0,6.18185030762008,6.18154152903617,237.361322347311,55,1,1e-4,16,249.7247217660523
1650,7.36132182823672e-6,0,0,0,0,0,0,0,0,0,0,6.00129207428223,6.00099670058949,237.739057828866,56,1,1e-4,16,249.74135396505955
1680,7.15285273174178e-6,0,0,0,0,0,0,0,0,0,0,5.83078960921066,5.8305067056454,238.095235442958,57,1,1e-4,16,249.7565389106668
1710,6.95569083791274e-6,0,0,0,0,0,0,0,0,0,0,5.66953562296167,5.66926434294002,238.431631643399,58,1,1e-4,16,249.7704385649915
1740,6.76895107971915e-6,0,0,0,0,0,0,0,0,0,0,5.51680616106514,5.51654573582919,238.749834309742,59,1,1e-4,16,249.7831929755874
1770,6.59183756057432e-6,0,0,0,0,0,0,0,0,0,0,5.37195021028107,5.37169993998564,239.05126698199,60,1,1e-4,16,249.79492372409428
1800,6.42363268957423e-6,0,0,0,0,0,0,0,0,0,0,5.23438081093023,5.23414005694039,239.337209468739,61,1,1e-4,16,249.8057367602423
1830,6.26368785608153e-6,0,0,0,0,0,0,0,0,0,0,5.10356742849389,5.10333560670431,239.608815444042,62,1,1e-4,16,249.81572474292804
1860,6.11141539679007e-6,0,0,0,0,0,0,0,0,0,0,4.97902938252677,4.97880595754719,239.867127532152,63,1,1e-4,16,249.82496898364136
1890,5.96628165234355e-6,0,0,0,0,0,0,0,0,0,0,4.86033016687403,4.86011464695172,240.113090287297,64,1,1e-4,16,249.8335410674044
1920,5.82780094597016e-6,0,0,0,0,0,0,0,0,0,0,4.74707252413451,4.74686445670621,240.347561402121,65,1,1e-4,16,249.84150421076265
1950,5.69553034523095e-6,0,0,0,0,0,0,0,0,0,0,4.63889416073869,4.63869312852223,240.571321419552,66,1,1e-4,16,249.84891440434325
1980,5.56906509125611e-6,0,0,0,0,0,0,0,0,0,0,4.53546400805274,4.53526962560289,240.785082175331,67,1,1e-4,16,249.85582137805173
0,250,0,0,0,0,0,0,0,0,0,0,0,0,0,1,1,1e-4,6,250
30,250.000322400697,0,0,0,0,0,0,0,0,0,0,0,0,0,2,1,1e-4,6,250.000322400697
60,250.000090984018,0,0,0,0,0,0,0,0,0,0,0,0,0,3,1,1e-4,6,250.000090984018
90,250.000018876751,0,0,0,0,0,0,0,0,0,0,0,0,0,4,1,1e-4,6,250.000018876751
120,211.626965333083,0,0,0,0,0,0,0,0,0,0,46.2654094476888,46.2654094476888,0.0111489288412398,5,1,1e-4,6,304.16893315730186
150,126.586488524875,0,0,0,0,0,0,0,0,0,0,78.454646224417,78.4533944398727,0.0352728940276616,6,1,1e-4,6,283.52980208319235
180,71.0125956704977,0,0,0,0,0,0,0,0,0,0,85.5958682030254,85.5933039265489,0.073713829637677,7,1,1e-4,6,242.27548162970967
210,36.3405583733101,0,0,0,0,0,0,0,0,0,0,81.1823550168353,81.1792060564257,0.133427719209526,8,1,1e-4,6,198.83554716578064
240,16.0848267079613,0,0,0,0,0,0,0,0,0,0,70.9447092474889,70.9418400214501,0.225040892420489,9,1,1e-4,6,158.19641686932079
270,5.8161947353195,0,0,0,0,0,0,0,0,0,0,59.1847982404702,59.1827793453923,0.365029692684634,10,1,1e-4,6,124.54880201386663
300,2.58505463931096,0,0,0,0,0,0,0,0,0,0,18.7168495218202,18.7147232571304,0.494389586161825,11,1,1e-4,6,40.51101700442339
330,1.98284926684077,0,0,0,0,0,0,0,0,0,0,16.0865331503621,16.0837504884712,2.08289029135818,12,1,1e-4,6,36.23602319703225
360,2.98910478390374,0,0,0,0,0,0,0,0,0,0,22.439295754505,22.4351112452263,7.82618775555389,13,1,1e-4,6,55.68969953918893
390,4.59890321461266,0,0,0,0,0,0,0,0,0,0,33.8759051289521,33.8696550268173,27.5827026942139,14,1,1e-4,6,99.92716606459595
420,5.89377966896817,0,0,0,0,0,0,0,0,0,0,42.2366319726318,42.2291570141332,61.0603825159715,15,1,1e-4,6,151.41995117170467
450,6.24986152212725,0,0,0,0,0,0,0,0,0,0,43.8905485710869,43.883321376275,96.2833987639154,16,1,1e-4,6,190.30713023340456
480,5.93451345338958,0,0,0,0,0,0,0,0,0,0,41.01100878407,41.004824458898,125.7917286709,17,1,1e-4,6,213.74207536725757
510,5.41031697256482,0,0,0,0,0,0,0,0,0,0,36.9135359191109,36.9084538467782,147.870953420185,18,1,1e-4,6,227.10326015863893
540,4.86025100131004,0,0,0,0,0,0,0,0,0,0,32.8173658498019,32.8132195559163,164.272498939182,19,1,1e-4,6,234.76333534621023
570,4.36179230739751,0,0,0,0,0,0,0,0,0,0,29.197616873996,29.1942053124476,176.589698119324,20,1,1e-4,6,239.3433126131651
600,3.93013415052001,0,0,0,0,0,0,0,0,0,0,26.1148333783465,26.1119889807857,186.0623049815,21,1,1e-4,6,242.21926149115222
630,3.56205973305152,0,0,0,0,0,0,0,0,0,0,23.5182396129163,23.51583454413,193.516905889932,22,1,1e-4,6,244.11303978002982
660,3.24873663626398,0,0,0,0,0,0,0,0,0,0,21.3291626282237,21.3271018913925,199.508383167983,23,1,1e-4,6,245.41338432386317
690,2.9809859438909,0,0,0,0,0,0,0,0,0,0,19.4732845353206,19.4714975372986,204.413028741303,24,1,1e-4,6,246.3387967578131
720,2.75074677055904,0,0,0,0,0,0,0,0,0,0,17.8881066007856,17.8865403789143,208.492287724472,25,1,1e-4,6,247.01768147473092
750,2.55136136114531,0,0,0,0,0,0,0,0,0,0,16.5233183470186,16.521932635578,211.932126464212,26,1,1e-4,6,247.52873880795389
780,2.37745415012199,0,0,0,0,0,0,0,0,0,0,15.339008532663,15.3377722810213,214.867825374838,27,1,1e-4,6,247.9220603386443
810,2.22471517730797,0,0,0,0,0,0,0,0,0,0,14.3035961665619,14.3024850930565,217.399810787227,28,1,1e-4,6,248.23060722415337
840,2.08968716925294,0,0,0,0,0,0,0,0,0,0,13.392010214454,13.3910050773849,219.604008573714,29,1,1e-4,6,248.47671103480585
870,1.9695852993578,0,0,0,0,0,0,0,0,0,0,12.5842274975855,12.5833128597437,221.538769453426,30,1,1e-4,6,248.675895110113
900,1.86215298853324,0,0,0,0,0,0,0,0,0,0,11.8641393622979,11.8633026968422,223.249602664196,31,1,1e-4,6,248.83919771186933
930,1.7655492636951,0,0,0,0,0,0,0,0,0,0,11.2186853054496,11.2179163401962,224.772476700141,32,1,1e-4,6,248.9746276094819
960,1.67826156213297,0,0,0,0,0,0,0,0,0,0,10.637192956803,10.6364831870268,226.136163343665,33,1,1e-4,6,249.08810104962777
990,1.59903834450962,0,0,0,0,0,0,0,0,0,0,10.1108743323991,10.1102166542555,227.36393035291,34,1,1e-4,6,249.1840596840742
1020,1.52683689481967,0,0,0,0,0,0,0,0,0,0,9.63243955329269,9.63182798468647,228.474782650568,35,1,1e-4,6,249.2658870833668
1050,1.46078270180406,0,0,0,0,0,0,0,0,0,0,9.19579880262059,9.19522826825655,229.484385312268,36,1,1e-4,6,249.3361950849492
1080,1.40013767184113,0,0,0,0,0,0,0,0,0,0,8.79583076631966,8.79529693042478,230.405758846611,37,1,1e-4,6,249.39702421519658
1110,1.34427509603533,0,0,0,0,0,0,0,0,0,0,8.42820142004945,8.42770055490372,231.249809210568,38,1,1e-4,6,249.4499862815565
1140,1.29265980674742,0,0,0,0,0,0,0,0,0,0,8.08922117766048,8.08875005931391,232.025736306242,39,1,1e-4,6,249.49636734996383
1170,1.24483234359642,0,0,0,0,0,0,0,0,0,0,7.77573146697079,7.77528729180872,232.741352039436,40,1,1e-4,6,249.53720314181194
1200,1.20039623614087,0,0,0,0,0,0,0,0,0,0,7.4850140374184,7.48459435486668,233.403330311909,41,1,1e-4,6,249.57333494033495
1230,1.15900772456047,0,0,0,0,0,0,0,0,0,0,7.21471795120281,7.2143206090393,234.017405247591,42,1,1e-4,6,249.60545153239357
1260,1.12036739960177,0,0,0,0,0,0,0,0,0,0,6.96280042641922,6.96242352601445,234.588529664526,43,1,1e-4,6,249.63412101656144
1290,1.08421336296649,0,0,0,0,0,0,0,0,0,0,6.72747860462362,6.72712046406363,235.121002738365,44,1,1e-4,6,249.65981517001876
1320,1.05031559964959,0,0,0,0,0,0,0,0,0,0,6.50718999078492,6.50684911429813,235.618573586095,45,1,1e-4,6,249.68292829082765
1350,1.01847132214088,0,0,0,0,0,0,0,0,0,0,6.30055982161988,6.30023487408072,236.084525878423,46,1,1e-4,6,249.70379189626448
1380,0.988501098503348,0,0,0,0,0,0,0,0,0,0,6.10637400287723,6.10606378842582,236.521747392997,47,1,1e-4,6,249.7226862828034
1410,0.960245616254604,0,0,0,0,0,0,0,0,0,0,5.92355654914646,5.92325999316566,236.932787529334,48,1,1e-4,6,249.73984968790074
1440,0.933562964735075,0,0,0,0,0,0,0,0,0,0,5.75115068445319,5.75086681830087,237.319905136148,49,1,1e-4,6,249.75548560363714
1470,0.90832634248802,0,0,0,0,0,0,0,0,0,0,5.58830293528974,5.58803088330434,237.685108493673,50,1,1e-4,6,249.7697686547551
1500,0.884422114763602,0,0,0,0,0,0,0,0,0,0,5.43424968235317,5.43398865074519,238.030188905335,51,1,1e-4,6,249.78284935319695
1530,0.861748160832345,0,0,0,0,0,0,0,0,0,0,5.28830574241661,5.28805500973235,238.356749054179,52,1,1e-4,6,249.7948579671603
1560,0.840212462282073,0,0,0,0,0,0,0,0,0,0,5.14985463436996,5.14961354327226,238.666227047692,53,1,1e-4,6,249.80590768761627
1590,0.819731892578199,0,0,0,0,0,0,0,0,0,0,5.0183402487296,5.01810819888689,238.95991689369,54,1,1e-4,6,249.8160972338847
1620,0.800231175421666,0,0,0,0,0,0,0,0,0,0,4.89325969175452,4.89303613366641,239.238986007823,55,1,1e-4,6,249.8255130086656
1650,0.781641985247357,0,0,0,0,0,0,0,0,0,0,4.77415711669491,4.77394154631271,239.504490240872,56,1,1e-4,6,249.83423088912699
1680,0.763902167879123,0,0,0,0,0,0,0,0,0,0,4.66061838791026,4.66041034193445,239.757386824687,57,1,1e-4,6,249.84231772241083
1710,0.746955063135123,0,0,0,0,0,0,0,0,0,0,4.55226645037203,4.55206550212891,239.998545564218,58,1,1e-4,6,249.84983257985408
1740,0.730748914244434,0,0,0,0,0,0,0,0,0,0,4.44875729875798,4.4485630545731,240.228758545694,59,1,1e-4,6,249.85682781326952
1770,0.715236351437323,0,0,0,0,0,0,0,0,0,0,4.34977645799469,4.34958855399423,240.448748584691,60,1,1e-4,6,249.86334994811725
1800,0.700373939119972,0,0,0,0,0,0,0,0,0,0,4.25503590152834,4.25485400081015,240.659176600148,61,1,1e-4,6,249.86944044160646
1830,0.686121777728818,0,0,0,0,0,0,0,0,0,0,4.16427134543903,4.16409513556402,240.860648069826,62,1,1e-4,6,249.87513632855786
1860,0.672443152750039,0,0,0,0,0,0,0,0,0,0,4.07723986626424,4.07706905702631,241.053718697499,63,1,1e-4,6,249.88047077353957
1890,0.659304224541625,0,0,0,0,0,0,0,0,0,0,3.99371779846148,3.99355211990024,241.238899401567,64,1,1e-4,6,249.88547354447036
1920,0.646673753553553,0,0,0,0,0,0,0,0,0,0,3.91349887413366,3.91333807475928,241.416660717731,65,1,1e-4,6,249.8901714201775
1950,0.634522856340929,0,0,0,0,0,0,0,0,0,0,3.83639257321721,3.8362364184215,241.587436694204,66,1,1e-4,6,249.89458854218364
1980,0.622824788434339,0,0,0,0,0,0,0,0,0,0,3.76222265699515,3.76207092762598,241.751628346223,67,1,1e-4,6,249.89874671927845
0,250,0,0,0,0,0,0,0,0,0,0,0,0,0,1,1,1e-4,7,250
30,250.000322400697,0,0,0,0,0,0,0,0,0,0,0,0,0,2,1,1e-4,7,250.000322400697
60,250.000090984018,0,0,0,0,0,0,0,0,0,0,0,0,0,3,1,1e-4,7,250.000090984018
90,250.000018876751,0,0,0,0,0,0,0,0,0,0,0,0,0,4,1,1e-4,7,250.000018876751
120,211.626965333083,0,0,0,0,0,0,0,0,0,0,46.2654094476888,46.2654094476888,0.0111489288412398,5,1,1e-4,7,304.16893315730186
150,126.586488524875,0,0,0,0,0,0,0,0,0,0,78.454646224417,78.4533944398727,0.0352728940276616,6,1,1e-4,7,283.52980208319235
180,71.0125956704977,0,0,0,0,0,0,0,0,0,0,85.5958682030254,85.5933039265489,0.073713829637677,7,1,1e-4,7,242.27548162970967
210,36.3405583733101,0,0,0,0,0,0,0,0,0,0,81.1823550168353,81.1792060564257,0.133427719209526,8,1,1e-4,7,198.83554716578064
240,16.0848267079613,0,0,0,0,0,0,0,0,0,0,70.9447092474889,70.9418400214501,0.225040892420489,9,1,1e-4,7,158.19641686932079
270,5.8161947353195,0,0,0,0,0,0,0,0,0,0,59.1847982404702,59.1827793453923,0.365029692684634,10,1,1e-4,7,124.54880201386663
300,1.63040684192211,0,0,0,0,0,0,0,0,0,0,49.7041116849723,49.7030072644394,0.575516310886309,11,1,1e-4,7,101.61304210222012
330,0.599459975585729,0,0,0,0,0,0,0,0,0,0,10.7203324347434,10.7191501531042,0.669778864831839,12,1,1e-4,7,22.708721428265168
360,0.499641354540045,0,0,0,0,0,0,0,0,0,0,11.0521157513922,11.0501156109782,3.46505112740035,13,1,1e-4,7,26.066923844310796
390,1.20499178239839,0,0,0,0,0,0,0,0,0,0,24.2397565552497,24.2350984590064,15.2809725143588,14,1,1e-4,7,64.9608193110133
420,1.88712614305296,0,0,0,0,0,0,0,0,0,0,38.2869327634119,38.2797874086367,47.1444527662532,15,1,1e-4,7,125.59829908135475
450,2.14615645729085,0,0,0,0,0,0,0,0,0,0,43.0199643546816,43.0124384247688,87.2518829644264,16,1,1e-4,7,175.43044220116764
480,2.12777972806423,0,0,0,0,0,0,0,0,0,0,42.420366783736696,42.4135873308175,119.528217068412,17,1,1e-4,7,206.48995091103043
510,1.94096046457395,0,0,0,0,0,0,0,0,0,0,38.500165153974,38.4945634660306,144.353145752826,18,1,1e-4,7,223.28883483740455
540,1.74034463699325,0,0,0,0,0,0,0,0,0,0,34.3873366259574,34.3827655173072,162.132866163849,19,1,1e-4,7,232.64331294410687
570,1.55330346207233,0,0,0,0,0,0,0,0,0,0,30.5923223740779,30.588576771483,175.330715917823,20,1,1e-4,7,238.06491852545622
600,1.39174748139933,0,0,0,0,0,0,0,0,0,0,27.3358964552733,27.3327879298828,185.334950718019,21,1,1e-4,7,241.39538258457443
630,1.25459811856878,0,0,0,0,0,0,0,0,0,0,24.5842249803527,24.5816084172278,193.131216950495,22,1,1e-4,7,243.55164846664428
660,1.1385792524874,0,0,0,0,0,0,0,0,0,0,22.2648714609559,22.2626386895569,199.347194268726,23,1,1e-4,7,245.0132836717262
690,1.0400493282435,0,0,0,0,0,0,0,0,0,0,20.3008808480617,20.2989517377683,204.403133826357,24,1,1e-4,7,246.0430157404305
720,0.955820969356438,0,0,0,0,0,0,0,0,0,0,18.6260673855644,18.6243820794108,208.586046158365,25,1,1e-4,7,246.79231659269664
750,0.883274528773007,0,0,0,0,0,0,0,0,0,0,17.186570012494,17.185083219724,212.09770585755,26,1,1e-4,7,247.352633618541
780,0.820311193112347,0,0,0,0,0,0,0,0,0,0,15.9395218669703,15.9381988236156,215.08344067909,27,1,1e-4,7,247.78147256278822
810,0.765261084312649,0,0,0,0,0,0,0,0,0,0,14.8509826419197,14.8497962806114,217.650259781149,28,1,1e-4,7,248.11629978799274
840,0.716794507649334,0,0,0,0,0,0,0,0,0,0,13.8940290245605,13.892957982035,219.878507811231,29,1,1e-4,7,248.38228932547582
870,0.673847670673203,0,0,0,0,0,0,0,0,0,0,13.0471883292374,13.0462155290637,221.829565714856,30,1,1e-4,7,248.5968172438303
900,0.635563952462866,0,0,0,0,0,0,0,0,0,0,12.2932145906462,12.2923262222211,223.551059497563,31,1,1e-4,7,248.77216426289314
930,0.601248500962222,0,0,0,0,0,0,0,0,0,0,11.6181498961443,11.617334669234,225.080460441135,32,1,1e-4,7,248.9171935074755
960,0.570333414994954,0,0,0,0,0,0,0,0,0,0,11.0106087323239,11.0098573254885,226.447622458926,33,1,1e-4,7,249.03842193173335
990,0.542351061639098,0,0,0,0,0,0,0,0,0,0,10.4612320207721,10.4605366679654,227.676602289648,34,1,1e-4,7,249.1407220400246
1020,0.516913563500559,0,0,0,0,0,0,0,0,0,0,9.96226892866896,9.96162310559234,228.78698640784,35,1,1e-4,7,249.22779200560186
1050,0.49369694662284,0,0,0,0,0,0,0,0,0,0,9.50725467577583,9.50665285916267,229.794872645643,36,1,1e-4,7,249.30247712720436
1080,0.472428812581268,0,0,0,0,0,0,0,0,0,0,9.0907606181678,9.0901980990373,230.713606209132,37,1,1e-4,7,249.36699373891835
1110,0.452878685564155,0,0,0,0,0,0,0,0,0,0,8.70819899933766,8.70767173664973,231.554338400313,38,1,1e-4,7,249.42308782186453
1140,0.43485040075340903,0,0,0,0,0,0,0,0,0,0,8.35566929456843,8.35517379945316,232.326455606646,39,1,1e-4,7,249.472149101421
1170,0.418176060099757,0,0,0,0,0,0,0,0,0,0,8.02983641099671,8.02936965436076,233.037912162769,40,1,1e-4,7,249.51529428822624
1200,0.402711199580371,0,0,0,0,0,0,0,0,0,0,7.72783345508195,7.72739279326199,233.69549115244,41,1,1e-4,7,249.55342860036433
1230,0.388330899193765,0,0,0,0,0,0,0,0,0,0,7.44718358007022,7.44676669454556,234.305010607131,42,1,1e-4,7,249.58729178094055
1260,0.374926631533209,0,0,0,0,0,0,0,0,0,0,7.18573675522139,7.18534160337311,234.871487911705,43,1,1e-4,7,249.61749290183272
1290,0.362403692851375,0,0,0,0,0,0,0,0,0,0,6.9416182846408,6.94124305926017,235.399271921542,44,1,1e-4,7,249.64453695829437
1320,0.350679096502241,0,0,0,0,0,0,0,0,0,0,6.71318663939716,6.7128297351762,235.89214991492,45,1,1e-4,7,249.6688453859956
1350,0.339679835725999,0,0,0,0,0,0,0,0,0,0,6.49899871917576,6.49865870480983,236.35343477152,46,1,1e-4,7,249.6907720312316
1380,0.329341443253898,0,0,0,0,0,0,0,0,0,0,6.29778107734851,6.2974566721797,236.786036493267,47,1,1e-4,7,249.71061568604912
1410,0.319606790843585,0,0,0,0,0,0,0,0,0,0,6.10840596105029,6.10809601540848,237.192521237003,48,1,1e-4,7,249.72863000430536
1440,0.310425083846384,0,0,0,0,0,0,0,0,0,0,5.92987126110792,5.92957473968079,237.575160318986,49,1,1e-4,7,249.7450314036211
1470,0.301751015161922,0,0,0,0,0,0,0,0,0,0,5.76128365410576,5.76099962180426,237.93597111482,50,1,1e-4,7,249.76000540589195
1500,0.293544050120523,0,0,0,0,0,0,0,0,0,0,5.60184436419591,5.60157197408653,238.276751369658,51,1,1e-4,7,249.77371175806095
1530,0.285767819445644,0,0,0,0,0,0,0,0,0,0,5.45083708561353,5.4505755685713,238.59910811958,52,1,1e-4,7,249.78628859321046
1560,0.278389601856727,0,0,0,0,0,0,0,0,0,0,5.30761769578941,5.30736635159024,238.904482182262,53,1,1e-4,7,249.79785583149837
1590,0.271379881354852,0,0,0,0,0,0,0,0,0,0,5.17160545911864,5.17136364874126,239.194168985831,54,1,1e-4,7,249.80851797504576
1620,0.264711966998692,0,0,0,0,0,0,0,0,0,0,5.04227547710645,5.04204261605545,239.469336356629,55,1,1e-4,7,249.8183664167896
1650,0.258361665185572,0,0,0,0,0,0,0,0,0,0,4.91915218500171,4.91892773749588,239.731039769531,56,1,1e-4,7,249.82748135721417
1680,0.25230699622327,0,0,0,0,0,0,0,0,0,0,4.80180373060583,4.80158720450293,239.980235471727,57,1,1e-4,7,249.83593340305904
1710,0.246527948405639,0,0,0,0,0,0,0,0,0,0,4.68983709960002,4.6896280419506,240.217791816766,58,1,1e-4,7,249.84378490672228
1740,0.241006263961201,0,0,0,0,0,0,0,0,0,0,4.58289387492043,4.58269186806089,240.444499086248,59,1,1e-4,7,249.85109109319052
1770,0.235725252184338,0,0,0,0,0,0,0,0,0,0,4.48064653655879,4.48045119466838,240.661078028657,60,1,1e-4,7,249.8579010120685
1800,0.230669625826977,0,0,0,0,0,0,0,0,0,0,4.38279522355259,4.38260618961078,240.868187305957,61,1,1e-4,7,249.86425834494736
1830,0.225825357459077,0,0,0,0,0,0,0,0,0,0,4.28906489254303,4.28888183563358,241.066430007015,62,1,1e-4,7,249.8702020926507
1860,0.22117955302534,0,0,0,0,0,0,0,0,0,0,4.1992028176621,4.19902543057826,241.256359361027,63,1,1e-4,7,249.8757671622927
1890,0.216720340254913,0,0,0,0,0,0,0,0,0,0,4.11297638508933,4.11280438220127,241.43848376291,64,1,1e-4,7,249.88098487045553
1920,0.212436769937097,0,0,0,0,0,0,0,0,0,0,4.0301711427347104,4.03000425808609,241.613271205122,65,1,1e-4,7,249.8858833758799
1950,0.208318728372824,0,0,0,0,0,0,0,0,0,0,3.95058907142769,3.95042705703284,241.78115319586001,66,1,1e-4,7,249.89048805269337
1980,0.204356859559687,0,0,0,0,0,0,0,0,0,0,3.87404704893977,3.87388967325711,241.942528231566,67,1,1e-4,7,249.89482181332258
0,250,0,0,0,0,0,0,0,0,0,0,0,0,0,1,1,1e-4,8,250
30,250.000322400697,0,0,0,0,0,0,0,0,0,0,0,0,0,2,1,1e-4,8,250.000322400697
60,250.000090984018,0,0,0,0,0,0,0,0,0,0,0,0,0,3,1,1e-4,8,250.000090984018
90,250.000018876751,0,0,0,0,0,0,0,0,0,0,0,0,0,4,1,1e-4,8,250.000018876751
120,211.626965333083,0,0,0,0,0,0,0,0,0,0,46.2654094476888,46.2654094476888,0.0111489288412398,5,1,1e-4,8,304.16893315730186
150,126.586488524875,0,0,0,0,0,0,0,0,0,0,78.454646224417,78.4533944398727,0.0352728940276616,6,1,1e-4,8,283.52980208319235
180,71.0125956704977,0,0,0,0,0,0,0,0,0,0,85.5958682030254,85.5933039265489,0.073713829637677,7,1,1e-4,8,242.27548162970967
210,36.3405583733101,0,0,0,0,0,0,0,0,0,0,81.1823550168353,81.1792060564257,0.133427719209526,8,1,1e-4,8,198.83554716578064
240,16.0848267079613,0,0,0,0,0,0,0,0,0,0,70.9447092474889,70.9418400214501,0.225040892420489,9,1,1e-4,8,158.19641686932079
270,5.8161947353195,0,0,0,0,0,0,0,0,0,0,59.1847982404702,59.1827793453923,0.365029692684634,10,1,1e-4,8,124.54880201386663
300,1.63040684192211,0,0,0,0,0,0,0,0,0,0,49.7041116849723,49.7030072644394,0.575516310886309,11,1,1e-4,8,101.61304210222012
330,0.359942173666379,0,0,0,0,0,0,0,0,0,0,44.5084220831122,44.507883327458,0.885279743550687,12,1,1e-4,8,90.26152732778728
360,0.14102843240111201,0,0,0,0,0,0,0,0,0,0,8.92938712842758,8.92836032336407,0.916735288521829,13,1,1e-4,8,18.91551117271459
390,0.13277115317636,0,0,0,0,0,0,0,0,0,0,11.0096353794653,11.0075832821262,5.76553170141177,14,1,1e-4,8,27.91552151617963
420,0.375099148008007,0,0,0,0,0,0,0,0,0,0,27.8927319775092,27.8873276275854,24.0387522246742,15,1,1e-4,8,80.19391097777681
450,0.545917221022543,0,0,0,0,0,0,0,0,0,0,41.4160627455851,41.4083975743992,61.3247879990516,16,1,1e-4,8,144.69516554005844
480,0.568439462493374,0,0,0,0,0,0,0,0,0,0,42.8154159231596,42.8080691065126,102.147034327006,17,1,1e-4,8,188.33895881917158
510,0.547171418181704,0,0,0,0,0,0,0,0,0,0,41.1987428019502,41.192325262111,131.063541514837,18,1,1e-4,8,214.0017809970799
540,0.491758389748546,0,0,0,0,0,0,0,0,0,0,36.9694740863745,36.9642315362663,153.070802519458,19,1,1e-4,8,227.49626653184734
570,0.438906793765475,0,0,0,0,0,0,0,0,0,0,32.9643877661399,32.9601080486872,168.707065810994,20,1,1e-4,8,235.07046841958658
600,0.391396351654294,0,0,0,0,0,0,0,0,0,0,29.3701953614624,29.3666735347159,180.406016139841,21,1,1e-4,8,239.5342813876736
630,0.350956928282484,0,0,0,0,0,0,0,0,0,0,26.3160589161057,26.3131201822838,189.350328623526,22,1,1e-4,8,242.33046465019797
660,0.316799798471707,0,0,0,0,0,0,0,0,0,0,23.7392253927707,23.7367383156271,196.381416091689,23,1,1e-4,8,244.1741795985585
690,0.287936899121406,0,0,0,0,0,0,0,0,0,0,21.5637523239498,21.5616194114729,202.030776708485,24,1,1e-4,8,245.44408534302912
720,0.263406930517218,0,0,0,0,0,0,0,0,0,0,19.7162187327854,19.7143676410882,206.657051818632,25,1,1e-4,8,246.35104512302283
750,0.24240529739904,0,0,0,0,0,0,0,0,0,0,18.1354141891622,18.1337906353147,210.507121265257,26,1,1e-4,8,247.01873138713296
780,0.224282874235315,0,0,0,0,0,0,0,0,0,0,16.7720630263097,16.7706257139248,213.756043159614,27,1,1e-4,8,247.5230147740838
810,0.208523857211005,0,0,0,0,0,0,0,0,0,0,15.5870720950463,15.585789148285,216.530912145953,28,1,1e-4,8,247.9122972464953
840,0.194719202625483,0,0,0,0,0,0,0,0,0,0,14.5494763072279,14.5483227724929,218.925999468182,29,1,1e-4,8,248.2185177505283
870,0.182543447172014,0,0,0,0,0,0,0,0,0,0,13.6346609749417,13.6336170564765,221.012557230492,30,1,1e-4,8,248.4633787090822
900,0.17173606201312,0,0,0,0,0,0,0,0,0,0,12.8229377274616,12.8219875266249,222.845348179247,31,1,1e-4,8,248.6620094953466
930,0.16208698363244,0,0,0,0,0,0,0,0,0,0,12.0984423802701,12.0975729826957,224.467095425645,32,1,1e-4,8,248.82519777224323
960,0.153425532031425,0,0,0,0,0,0,0,0,0,0,11.448292389964,11.4474931956175,225.911579639895,33,1,1e-4,8,248.9607907575079
990,0.145611951045785,0,0,0,0,0,0,0,0,0,0,10.8619445716473,10.8612067966031,227.205836109139,34,1,1e-4,8,249.0745994284352
1020,0.1385309376957,0,0,0,0,0,0,0,0,0,0,10.330704374931999,10.3300206761385,228.37174031683,35,1,1e-4,8,249.1709963055962
1050,0.132086669648616,0,0,0,0,0,0,0,0,0,0,9.8473491177923,9.84671330706488,229.427170262116,36,1,1e-4,8,249.2533193566218
1080,0.126198960407525,0,0,0,0,0,0,0,0,0,0,9.40583689065889,9.4052437142212,230.386870753338,37,1,1e-4,8,249.3241503186256
1110,0.12080026599679,0,0,0,0,0,0,0,0,0,0,9.0010800776806,9.00052504443516,231.263104546628,38,1,1e-4,8,249.38550993474055
1140,0.115833337817241,0,0,0,0,0,0,0,0,0,0,8.62876787020079,8.62824711663731,232.066148825532,39,1,1e-4,8,249.43899715018733
1170,0.111249368861265,0,0,0,0,0,0,0,0,0,0,8.2852261584578,8.28473634140274,232.804677969917,40,1,1e-4,8,249.48588983863883
1200,0.107006519135762,0,0,0,0,0,0,0,0,0,0,7.9673061343994,7.96684434513575,233.486061692581,41,1,1e-4,8,249.5272186912519
1230,0.103068734571956,0,0,0,0,0,0,0,0,0,0,7.67229510271301,7.67185879765824,234.116599468712,42,1,1e-4,8,249.5638221036552
1260,0.0994047946604514,0,0,0,0,0,0,0,0,0,0,7.3978445907782,7.39743153510635,234.701706502744,43,1,1e-4,8,249.596387423289
1290,0.0959875395668663,0,0,0,0,0,0,0,0,0,0,7.1419120268963,7.14152024836354,235.246062466685,44,1,1e-4,8,249.62548228151172
1320,0.0927932390323018,0,0,0,0,0,0,0,0,0,0,6.90271313267908,6.90234088355539,235.75373137743,45,1,1e-4,8,249.65157863269678
1350,0.089801074010027307,0,0,0,0,0,0,0,0,0,0,6.67868283129351,6.67832855678237,236.228258908083,46,1,1e-4,8,249.67507137016892
1380,0.0869927085048827,0,0,0,0,0,0,0,0,0,0,6.46844296707703,6.46810527896367,236.672751913514,47,1,1e-4,8,249.69629286805957
1410,0.0843519340223946,0,0,0,0,0,0,0,0,0,0,6.27077550629363,6.27045316083516,237.089943832153,48,1,1e-4,8,249.71552443330418
1440,0.0818643728051799,0,0,0,0,0,0,0,0,0,0,6.08460017429348,6.0842920535713,237.482248792549,49,1,1e-4,8,249.73300539321897
1470,0.0795172289302973,0,0,0,0,0,0,0,0,0,0,5.90895570351814,5.90866079963326,237.851806626473,50,1,1e-4,8,249.7489403585547
1500,0.0772990785795506,0,0,0,0,0,0,0,0,0,0,5.74298403612564,5.74270143774111,238.200520515086,51,1,1e-4,8,249.7635050675323
1530,0.0751996925352882,0,0,0,0,0,0,0,0,0,0,5.58591695663328,5.58564583746478,238.530088631375,52,1,1e-4,8,249.77685111800835
1560,0.0732098853157206,0,0,0,0,0,0,0,0,0,0,5.43706473289805,5.43680434182932,238.842030862281,53,1,1e-4,8,249.7891098223241
1590,0.0713213864348532,0,0,0,0,0,0,0,0,0,0,5.29580642469793,5.29555607725814,239.137711476933,54,1,1e-4,8,249.8003953653239
1620,0.0695267301194282,0,0,0,0,0,0,0,0,0,0,5.16158158318972,5.16134065417728,239.418358437918,55,1,1e-4,8,249.8108074054044
1650,0.0678191604891155,0,0,0,0,0,0,0,0,0,0,5.03388311541386,5.03365103248962,239.685079919381,56,1,1e-4,8,249.8204332277736
1680,0.066192549744874,0,0,0,0,0,0,0,0,0,0,4.91225112869135,4.91202736679469,239.938878490369,57,1,1e-4,8,249.82934953559993
1710,0.0646413273431611,0,0,0,0,0,0,0,0,0,0,4.79626760242687,4.79605167889319,240.180663338185,58,1,1e-4,8,249.83762394684823
1740,0.0631604184829987,0,0,0,0,0,0,0,0,0,0,4.685551761197,4.68534323147506,240.411260839449,59,1,1e-4,8,249.84531625060407
1770,0.0617451905161876,0,0,0,0,0,0,0,0,0,0,4.57975604437773,4.57955449826217,240.631423732805,60,1,1e-4,8,249.85247946596107
1800,0.0603914061217092,0,0,0,0,0,0,0,0,0,0,4.47856258497311,4.47836764328058,240.841839103661,61,1,1e-4,8,249.8591607380364
1830,0.0590951822741013,0,0,0,0,0,0,0,0,0,0,4.38168012454349,4.38149143617221,241.043135356078,62,1,1e-4,8,249.8654020990678
1860,0.0578529541906374,0,0,0,0,0,0,0,0,0,0,4.28884130282305,4.28865854214479,241.235888318077,63,1,1e-4,8,249.87124111723548
1890,0.0566614435699835,0,0,0,0,0,0,0,0,0,0,4.19980027025626,4.19962313479736,241.420626603094,64,1,1e-4,8,249.8767114517176
1920,0.0555176305408397,0,0,0,0,0,0,0,0,0,0,4.11433057966054,4.11415878803494,241.597836330866,65,1,1e-4,8,249.8818433291023
1950,0.054418728827003,0,0,0,0,0,0,0,0,0,0,4.03222331985002,4.03205660991269,241.767965295017,66,1,1e-4,8,249.88666395360673
1980,0.0533621637085997,0,0,0,0,0,0,0,0,0,0,3.95328545957989,3.95312358677355,241.931426651319,67,1,1e-4,8,249.89119786138102
0,250,0,0,0,0,0,0,0,0,0,0,0,0,0,1,1,1e-4,9,250
30,250.000322400697,0,0,0,0,0,0,0,0,0,0,0,0,0,2,1,1e-4,9,250.000322400697
60,250.000090984018,0,0,0,0,0,0,0,0,0,0,0,0,0,3,1,1e-4,9,250.000090984018
90,250.000018876751,0,0,0,0,0,0,0,0,0,0,0,0,0,4,1,1e-4,9,250.000018876751
120,211.626965333083,0,0,0,0,0,0,0,0,0,0,46.2654094476888,46.2654094476888,0.0111489288412398,5,1,1e-4,9,304.16893315730186
150,126.586488524875,0,0,0,0,0,0,0,0,0,0,78.454646224417,78.4533944398727,0.0352728940276616,6,1,1e-4,9,283.52980208319235
180,71.0125956704977,0,0,0,0,0,0,0,0,0,0,85.5958682030254,85.5933039265489,0.073713829637677,7,1,1e-4,9,242.27548162970967
210,36.3405583733101,0,0,0,0,0,0,0,0,0,0,81.1823550168353,81.1792060564257,0.133427719209526,8,1,1e-4,9,198.83554716578064
240,16.0848267079613,0,0,0,0,0,0,0,0,0,0,70.9447092474889,70.9418400214501,0.225040892420489,9,1,1e-4,9,158.19641686932079
270,5.8161947353195,0,0,0,0,0,0,0,0,0,0,59.1847982404702,59.1827793453923,0.365029692684634,10,1,1e-4,9,124.54880201386663
300,1.63040684192211,0,0,0,0,0,0,0,0,0,0,49.7041116849723,49.7030072644394,0.575516310886309,11,1,1e-4,9,101.61304210222012
330,0.359942173666379,0,0,0,0,0,0,0,0,0,0,44.5084220831122,44.507883327458,0.885279743550687,12,1,1e-4,9,90.26152732778728
360,0.0773367286673253,0,0,0,0,0,0,0,0,0,0,43.0314738106769,43.0310884049997,1.34059148167509,13,1,1e-4,9,87.48049042601902
390,0.039300903337255,0,0,0,0,0,0,0,0,0,0,10.5153088282632,10.5139824240942,1.38001559554802,14,1,1e-4,9,22.448607751242676
420,0.0384561020752127,0,0,0,0,0,0,0,0,0,0,13.5865245439515,13.5839667475554,9.10655580445486,15,1,1e-4,9,36.31550319803697
450,0.0991714866341478,0,0,0,0,0,0,0,0,0,0,31.4728628141714,31.4667863590784,32.2216378969047,16,1,1e-4,9,95.26045855678865
480,0.132857214161085,0,0,0,0,0,0,0,0,0,0,43.0560697489712,43.0482055409403,70.9050783637298,17,1,1e-4,9,157.1422108678024
510,0.132307618907343,0,0,0,0,0,0,0,0,0,0,42.6426928216791,42.6355082357871,110.203734252633,18,1,1e-4,9,195.61424292900654
540,0.125093083395367,0,0,0,0,0,0,0,0,0,0,40.3491860384696,40.3430226302062,137.051518731218,19,1,1e-4,9,217.86882048328917
570,0.111837449876985,0,0,0,0,0,0,0,0,0,0,36.0505609625076,36.0455434032077,157.412681744354,20,1,1e-4,9,229.62062355994627
600,0.0996856743833889,0,0,0,0,0,0,0,0,0,0,32.1256873388574,32.1215865150245,171.950203204626,21,1,1e-4,9,236.29716273289128
630,0.0889388488662224,0,0,0,0,0,0,0,0,0,0,28.6541799197362,28.6507953679905,182.892465585053,22,1,1e-4,9,240.28637972164591
660,0.079836134365342,0,0,0,0,0,0,0,0,0,0,25.7153081403112,25.7124746792237,191.309180477144,23,1,1e-4,9,242.81679943104425
690,0.0721565589961834,0,0,0,0,0,0,0,0,0,0,23.2365211201478,23.2341155752845,197.960496493222,24,1,1e-4,9,244.50328974765048
720,0.0656640987024507,0,0,0,0,0,0,0,0,0,0,21.1413889607743,21.1393200642104,203.329044666124,25,1,1e-4,9,245.67541778981115
750,0.0601398161766333,0,0,0,0,0,0,0,0,0,0,19.3590153666797,19.3572152632448,207.742522785788,26,1,1e-4,9,246.51889323188914
780,0.0554033554635875,0,0,0,0,0,0,0,0,0,0,17.8310664757735,17.829484097598,211.427865153719,27,1,1e-4,9,247.1438190825541
810,0.0513101320135577,0,0,0,0,0,0,0,0,0,0,16.5108000965274,16.5093964639833,214.54687617851,28,1,1e-4,9,247.61838287103424
840,0.0477455181242848,0,0,0,0,0,0,0,0,0,0,15.3611735245227,15.3599184504575,217.217607112119,29,1,1e-4,9,247.98644460522348
870,0.0446186419212579,0,0,0,0,0,0,0,0,0,0,14.3528294507463,14.351699229049,219.528006878615,30,1,1e-4,9,248.27715420033155
900,0.0418571541454948,0,0,0,0,0,0,0,0,0,0,13.4624000657656,13.4613758350286,221.544810482601,31,1,1e-4,9,248.5104435375407
930,0.0394030756319439,0,0,0,0,0,0,0,0,0,0,12.6711625649332,12.6702291358045,223.31948988792,32,1,1e-4,9,248.70028466428965
960,0.0372095948251452,0,0,0,0,0,0,0,0,0,0,11.964002939222,11.9631479427073,224.892328478195,33,1,1e-4,9,248.85668895494945
990,0.0352386214702221,0,0,0,0,0,0,0,0,0,0,11.3286247949904,11.3278380554568,226.295269354566,34,1,1e-4,9,248.9869708264834
1020,0.0334589206740335,0,0,0,0,0,0,0,0,0,0,10.7549460866741,10.7542191541765,227.553943821923,35,1,1e-4,9,249.09656798344764
1050,0.0318446854352589,0,0,0,0,0,0,0,0,0,0,10.2346377367136,10.2339635337719,228.689140606462,36,1,1e-4,9,249.18958656238274
1080,0.0303744388611242,0,0,0,0,0,0,0,0,0,0,9.76076889644068,9.76014144809214,229.717886444844,37,1,1e-4,9,249.26917122823795
1110,0.0290301844568077,0,0,0,0,0,0,0,0,0,0,9.32753242256751,9.32694664776677,230.654252051239,38,1,1e-4,9,249.3377613060301
1140,0.0277967437853485,0,0,0,0,0,0,0,0,0,0,8.93003092476035,8.92948247350693,231.509961018478,39,1,1e-4,9,249.39727116053064
1170,0.0266612364249571,0,0,0,0,0,0,0,0,0,0,8.56410880332448,8.56359392825842,232.294855296411,40,1,1e-4,9,249.44921926441884
1200,0.0256126686839262,0,0,0,0,0,0,0,0,0,0,8.22621943036536,8.22573488461749,233.017254921745,41,1,1e-4,9,249.49482190541178
1230,0.0246416060071957,0,0,0,0,0,0,0,0,0,0,7.91331937026942,7.91286232550912,233.68423883432,42,1,1e-4,9,249.53506213610575
1260,0.0237399102368375,0,0,0,0,0,0,0,0,0,0,7.6227835503256,7.6223515304911,234.301866145372,43,1,1e-4,9,249.57074113642554
1290,0.0229005274805002,0,0,0,0,0,0,0,0,0,0,7.35233677742451,7.35192760473712,234.875352003499,44,1,1e-4,9,249.60251691314113
1320,0.0221173157430249,0,0,0,0,0,0,0,0,0,0,7.09999809654173,7.09960984722098,235.409208508438,45,1,1e-4,9,249.63093376794376
1350,0.0213849040098856,0,0,0,0,0,0,0,0,0,0,6.86403530573292,6.86366627343247,235.907358474325,46,1,1e-4,9,249.65644495750027
1380,0.0206985763698243,0,0,0,0,0,0,0,0,0,0,6.64292755607969,6.64257622151249,236.373227924494,47,1,1e-4,9,249.67943027845598
1410,0.0200541761961788,0,0,0,0,0,0,0,0,0,0,6.43533442785098,6.43499943341048,236.809821793642,48,1,1e-4,9,249.7002098310996
1440,0.019448026493628,0,0,0,0,0,0,0,0,0,0,6.24007022545951,6.23975035389983,237.219786272706,49,1,1e-4,9,249.71905487855895
1470,0.0188768633478278,0,0,0,0,0,0,0,0,0,0,6.0560825021952,6.05577665862897,237.605460454767,50,1,1e-4,9,249.736196478939
1500,0.0183377800542326,0,0,0,0,0,0,0,0,0,0,5.88243403209016,5.88214122871398,237.968919354802,51,1,1e-4,9,249.7518323956604
1530,0.0178281799967166,0,0,0,0,0,0,0,0,0,0,5.71828760594177,5.71800694901673,238.312009931298,52,1,1e-4,9,249.7661326662532
1560,0.0173457367314299,0,0,0,0,0,0,0,0,0,0,5.56289315281377,5.56262383151944,238.636381397142,53,1,1e-4,9,249.77924411820663
1590,0.0168883600326886,0,0,0,0,0,0,0,0,0,0,5.41557678566025,5.41531806251351,238.943510844468,54,1,1e-4,9,249.79129405267443
1620,0.0164541668950317,0,0,0,0,0,0,0,0,0,0,5.27573144636193,5.27548264894839,239.234725003999,55,1,1e-4,9,249.80239326620435
1650,0.0160414566735347,0,0,0,0,0,0,0,0,0,0,5.14280888615537,5.14256939996713,239.511218799834,56,1,1e-4,9,249.81263854263005
1680,0.0156486896941053,0,0,0,0,0,0,0,0,0,0,5.01631276575041,5.01608202796002,239.774071234949,57,1,1e-4,9,249.82211471835353
1710,0.0152744687852229,0,0,0,0,0,0,0,0,0,0,4.89579269809014,4.8955701921201,240.024259043272,58,1,1e-4,9,249.83089640226746
1740,0.0149175232788775,0,0,0,0,0,0,0,0,0,0,4.78083908779387,4.78062433856466,240.262668464925,59,1,1e-4,9,249.83904941456242
1770,0.014576695106259,0,0,0,0,0,0,0,0,0,0,4.67107864643905,4.67087121619835,240.49010543784,60,1,1e-4,9,249.84663199558364
1800,0.0142509266768984,0,0,0,0,0,0,0,0,0,0,4.56617048322276,4.56596996787358,240.707304447918,61,1,1e-4,9,249.85369582569123
1830,0.0139392502814457,0,0,0,0,0,0,0,0,0,0,4.4658026871602,4.46560871301956,240.914936238586,62,1,1e-4,9,249.8602868890472
1860,0.0136407788004136,0,0,0,0,0,0,0,0,0,0,4.36968933058325,4.36950155151286,241.113614547084,63,1,1e-4,9,249.86644620798054
1890,0.0133546975358686,0,0,0,0,0,0,0,0,0,0,4.27756783488346,4.2773859297434,241.303902007393,64,1,1e-4,9,249.8722104695557
1920,0.0130802570116444,0,0,0,0,0,0,0,0,0,0,4.18919664867403,4.18902031905723,241.486315337271,65,1,1e-4,9,249.87761256201392
1950,0.0128167666113409,0,0,0,0,0,0,0,0,0,0,4.10435319618926,4.10418216440119,241.661329908377,66,1,1e-4,9,249.8826820355788
1980,0.0125635889430688,0,0,0,0,0,0,0,0,0,0,4.0228320600963,4.02266606734916,241.829383783126,67,1,1e-4,9,249.8874454995145
